,overall_acc,bal_acc,avg_odds_diff,disp_imp,stat_par_diff,eq_opp_diff,theil_ind,TPR,TNR,FPR,FNR,GTPR,GTNR,GFPR,GFNR,PPV,NPV,FDR,FOR,ACC,MCC,f1_score,fitness,solution,corr,tune_results_history,fitness_rule,method,dataset,best_solution_tf_history
0,0.820563847429519,0.7241896611086518,0.21252566034281287,1.059422530678495,0.011363051053124129,0.36869926970991884,0.14819332976645422,0.5308641975308642,0.9175151246864395,0.08248487531356058,0.4691358024691358,1.0,1.0,0.0,0.0,0.6829268292682927,0.8538862949739082,0.3170731707317073,0.14611370502609172,0.820563847429519,0.4906076893048776,0.5973703795584222,0.47924463825175345,"{'corr_type': 'spearman', 'l2': 0.01, 'dropout': 0.1180062133723916, 'privileged_demotion': 0.5644775540585295, 'privileged_promotion': 0.29753609644909246, 'protected_demotion': 0.019056627344982865, 'protected_promotion': 0.702962824229031}","[0.09329832806531745, 0.0013386996309170164, 1.0, 0.06586038901299945, 0.045039504754552144, 0.26886939954880346, 0.0059329054419685915, 0.04493771940083086, 0.06469029433055741, 0.08249666948181057, 0.10551620784068311, 0.028672655854438078, 0.00212444498126556, 0.003952853496291419, 0.007550296083446539, 0.0034511812401108034, 0.011197942235021463, 0.01665088687771616, 0.02429870910965934, 0.012993663447573876, 0.02502787499915424, 0.011723973869942502, 0.016822393274048556, 0.028039433241759042, 0.012643625465889667, 0.007259566504383794, 0.006527681584646234, 0.0473979991602272, 0.05627290119624475, 0.23346669438221013, 0.020017213441014755, 0.4378169130712152, 0.04135930237944372, 0.18034860161826802, 0.10896785241008844, 0.17756924246643935, 0.27848142217491967, 0.012640061261225546, 0.2282966328826066, 0.0318528293858359, 0.1015710271153905, 0.09139767715382242, 0.03786457272083521, 0.16653981584205169, 0.09236939533525237, 0.03465769933490273, 0.06372341990328875, 0.02849523880833728, 0.02399786459307924, 0.1345100434201035, 0.5813939624057978, 0.17438962314196185, 0.04861751415363503, 0.10310684851446111, 0.3199215454913259, 0.31762770386453054, 0.013887750497338775, 0.0064703257525122165, 0.11965881497805365, 0.0049206472890662555, 0.1090099067912874, 0.008136775589012359, 0.0009533166944262715, 0.006569763781524216, 0.004988282146002806, 0.0031705847082486504, 0.017233847601852564, 0.0031828795910142115, 0.004157679674968996, 0.0043196333664457616, 0.0011902818334863592, 0.016896381418086165, 0.010669926306715056, 0.0005760886808306834, 0.005272819837238007, 0.0, 0.00905842481724289, 0.0012284831636306937, 0.0013497107768509398, 0.02282625144595367, 0.013106581699300431, 0.0035887310971064452, 0.006000085761359566, 0.023869918004291907, 0.001232216012118239, 0.0003963363241300896, 0.03690521324039322, 0.012114655828248529, 0.00864028865271269, 0.0056807622991718165, 0.012063665590692316, 0.0042051444513965764, 0.006070555281931175, 0.007683942947243924, 0.00212444498126556, 0.011131151586361026, 0.005096582020069174, 0.005041787802030027, 0.009852036168775447, 0.004483901437412003, 0.007442695975290436, 0.0068764293450157355]","[{'overall_acc': 0.7021835268103925, 'bal_acc': 0.7840800570221769, 'avg_odds_diff': 0.32054337043449466, 'disp_imp': 0.26012810468837966, 'stat_par_diff': 0.49604877020892657, 'eq_opp_diff': 0.20125742137875602, 'theil_ind': 0.07080301281014728, 'TPR': 0.9429549343981746, 'TNR': 0.625205179646179, 'FPR': 0.3747948203538209, 'FNR': 0.05704506560182544, 'GTPR': 1.0, 'GTNR': 1.0, 'GFPR': 0.0, 'GFNR': 0.0, 'PPV': 0.4457928802588997, 'NPV': 0.971655328798186, 'FDR': 0.5542071197411004, 'FOR': 0.02834467120181406, 'ACC': 0.7021835268103925, 'MCC': 0.4870086468077184, 'f1_score': 0.6053836293719099, 'fitness': -0.009040123401208189, 'solution': {'corr_type': 'spearman', 'l2': 0.001, 'dropout': 0.17429954286123123, 'privileged_demotion': 0.02506982052978879, 'privileged_promotion': 0.8913843816995054, 'protected_demotion': 0.1234724579056874, 'protected_promotion': 0.6984553726503148}, 'corr': [0.0931529311475826, 0.0006331037854109161, 1.0, 0.06791682233491302, 0.04481601124698501, 0.26955744930122183, 0.005131440098826536, 0.0440112472896473, 0.06451372662508054, 0.08458889802497334, 0.10645543476849864, 0.032454532563875524, 0.002621052861836258, 0.0049559113809191325, 0.006331801937945235, 0.003101429167736041, 0.011415758167678959, 0.01193728452567073, 0.02624174122786116, 0.015904158391320557, 0.028006641624529274, 0.013915410034949451, 0.015583283721443063, 0.02902129375936623, 0.010731489934577107, 0.006651910588910397, 0.0018957059919273115, 0.053329621045047244, 0.05320724660668678, 0.23548112422235673, 0.018216002961722273, 0.43547180044759265, 0.03618301242632242, 0.1767364263023397, 0.11057247363896258, 0.17718909693216775, 0.27653367321770206, 0.012283813665969605, 0.2284114352752249, 0.02950020938541191, 0.10193055262580429, 0.09368863011650898, 0.03715249532343919, 0.16839691334400858, 0.09094120716092238, 0.03425226490172145, 0.06284270450426736, 0.02735156424040557, 0.02256573632265817, 0.13412735614402752, 0.5820219733837128, 0.17510183539711605, 0.049922811862520386, 0.09682297312073267, 0.3222361500435902, 0.31957028917155705, 0.016766915359720372, 0.008226621073435867, 0.1145205666371852, 0.006509217860562343, 0.10667701373537437, 0.008509032996410123, 0.000441815385545777, 0.006681099384948941, 0.005870505423006612, 0.0025850976347697387, 0.019397729785570115, 0.0019765093888212877, 0.004768078115877854, 0.007730305678689689, 0.0020921925227009234, 0.02086478838350712, 0.00808575609853864, 9.136322588864401e-05, 0.0018538585343962413, 0.0, 0.011483286391759953, 0.0005924609028293218, 0.0014313297205384662, 0.02434352082676535, 0.01300315866048406, 0.00041177717411156425, 0.009020748090437085, 0.02230755615563406, 0.0006514825347460182, 0.0024257391680393113, 0.035376265801906344, 0.01604335599381836, 0.009098360681868516, 0.0073291221767846, 0.01636069324876212, 0.007508523023482505, 0.008602999625234371, 0.009558513277075036, 0.0003254877919106305, 0.0117335702586859, 0.006679202905810484, 0.007441778602535594, 0.008694452201544599, 6.517642658733811e-05, 0.007627159345763049, 0.004333099216858567]}, {'overall_acc': 0.839828634604754, 'bal_acc': 0.7972924974034248, 'avg_odds_diff': 0.11362848633543667, 'disp_imp': 0.3247555079319447, 'stat_par_diff': 0.22731816200222507, 'eq_opp_diff': 0.10640377485675767, 'theil_ind': 0.10180307637069226, 'TPR': 0.7147746719908727, 'TNR': 0.8798103228159767, 'FPR': 0.12018967718402335, 'FNR': 0.2852253280091272, 'GTPR': 1.0, 'GTNR': 1.0, 'GFPR': 0.0, 'GFNR': 0.0, 'PPV': 0.6553347280334728, 'NPV': 0.9060856498873028, 'FDR': 0.3446652719665272, 'FOR': 0.09391435011269722, 'ACC': 0.839828634604754, 'MCC': 0.5777647726285187, 'f1_score': 0.6837653478854024, 'fitness': 0.35044661062629356, 'solution': {'corr_type': 'spearman', 'l2': 0.001, 'dropout': 0.042667974382298614, 'privileged_demotion': 0.06732242933149402, 'privileged_promotion': 0.26780103435998415, 'protected_demotion': 0.24515117588295277, 'protected_promotion': 0.5274247544657942}, 'corr': [0.0931529311475826, 0.0006331037854109161, 1.0, 0.06791682233491302, 0.04481601124698501, 0.26955744930122183, 0.005131440098826536, 0.0440112472896473, 0.06451372662508054, 0.08458889802497334, 0.10645543476849864, 0.032454532563875524, 0.002621052861836258, 0.0049559113809191325, 0.006331801937945235, 0.003101429167736041, 0.011415758167678959, 0.01193728452567073, 0.02624174122786116, 0.015904158391320557, 0.028006641624529274, 0.013915410034949451, 0.015583283721443063, 0.02902129375936623, 0.010731489934577107, 0.006651910588910397, 0.0018957059919273115, 0.053329621045047244, 0.05320724660668678, 0.23548112422235673, 0.018216002961722273, 0.43547180044759265, 0.03618301242632242, 0.1767364263023397, 0.11057247363896258, 0.17718909693216775, 0.27653367321770206, 0.012283813665969605, 0.2284114352752249, 0.02950020938541191, 0.10193055262580429, 0.09368863011650898, 0.03715249532343919, 0.16839691334400858, 0.09094120716092238, 0.03425226490172145, 0.06284270450426736, 0.02735156424040557, 0.02256573632265817, 0.13412735614402752, 0.5820219733837128, 0.17510183539711605, 0.049922811862520386, 0.09682297312073267, 0.3222361500435902, 0.31957028917155705, 0.016766915359720372, 0.008226621073435867, 0.1145205666371852, 0.006509217860562343, 0.10667701373537437, 0.008509032996410123, 0.000441815385545777, 0.006681099384948941, 0.005870505423006612, 0.0025850976347697387, 0.019397729785570115, 0.0019765093888212877, 0.004768078115877854, 0.007730305678689689, 0.0020921925227009234, 0.02086478838350712, 0.00808575609853864, 9.136322588864401e-05, 0.0018538585343962413, 0.0, 0.011483286391759953, 0.0005924609028293218, 0.0014313297205384662, 0.02434352082676535, 0.01300315866048406, 0.00041177717411156425, 0.009020748090437085, 0.02230755615563406, 0.0006514825347460182, 0.0024257391680393113, 0.035376265801906344, 0.01604335599381836, 0.009098360681868516, 0.0073291221767846, 0.01636069324876212, 0.007508523023482505, 0.008602999625234371, 0.009558513277075036, 0.0003254877919106305, 0.0117335702586859, 0.006679202905810484, 0.007441778602535594, 0.008694452201544599, 6.517642658733811e-05, 0.007627159345763049, 0.004333099216858567]}, {'overall_acc': 0.5856826976229962, 'bal_acc': 0.5803076022251633, 'avg_odds_diff': 0.7235068583286937, 'disp_imp': 5.256929637526652, 'stat_par_diff': 0.809774893530724, 'eq_opp_diff': 0.5043478260869565, 'theil_ind': 0.16926442044485965, 'TPR': 0.5698802053622362, 'TNR': 0.5907349990880905, 'FPR': 0.40926500091190954, 'FNR': 0.43011979463776384, 'GTPR': 1.0, 'GTNR': 1.0, 'GFPR': 0.0, 'GFNR': 0.0, 'PPV': 0.3080481036077706, 'NPV': 0.8111695467067368, 'FDR': 0.6919518963922294, 'FOR': 0.1888304532932632, 'ACC': 0.5856826976229962, 'MCC': 0.13837690298367053, 'f1_score': 0.399919935948759, 'fitness': -0.6713979905470534, 'solution': {'corr_type': 'spearman', 'l2': 0.0001, 'dropout': 0.1907273273224766, 'privileged_demotion': 0.6113625443131342, 'privileged_promotion': 0.3554670315650913, 'protected_demotion': 0.8086798806829946, 'protected_promotion': 0.33602548470218163}, 'corr': [0.0931529311475826, 0.0006331037854109161, 1.0, 0.06791682233491302, 0.04481601124698501, 0.26955744930122183, 0.005131440098826536, 0.0440112472896473, 0.06451372662508054, 0.08458889802497334, 0.10645543476849864, 0.032454532563875524, 0.002621052861836258, 0.0049559113809191325, 0.006331801937945235, 0.003101429167736041, 0.011415758167678959, 0.01193728452567073, 0.02624174122786116, 0.015904158391320557, 0.028006641624529274, 0.013915410034949451, 0.015583283721443063, 0.02902129375936623, 0.010731489934577107, 0.006651910588910397, 0.0018957059919273115, 0.053329621045047244, 0.05320724660668678, 0.23548112422235673, 0.018216002961722273, 0.43547180044759265, 0.03618301242632242, 0.1767364263023397, 0.11057247363896258, 0.17718909693216775, 0.27653367321770206, 0.012283813665969605, 0.2284114352752249, 0.02950020938541191, 0.10193055262580429, 0.09368863011650898, 0.03715249532343919, 0.16839691334400858, 0.09094120716092238, 0.03425226490172145, 0.06284270450426736, 0.02735156424040557, 0.02256573632265817, 0.13412735614402752, 0.5820219733837128, 0.17510183539711605, 0.049922811862520386, 0.09682297312073267, 0.3222361500435902, 0.31957028917155705, 0.016766915359720372, 0.008226621073435867, 0.1145205666371852, 0.006509217860562343, 0.10667701373537437, 0.008509032996410123, 0.000441815385545777, 0.006681099384948941, 0.005870505423006612, 0.0025850976347697387, 0.019397729785570115, 0.0019765093888212877, 0.004768078115877854, 0.007730305678689689, 0.0020921925227009234, 0.02086478838350712, 0.00808575609853864, 9.136322588864401e-05, 0.0018538585343962413, 0.0, 0.011483286391759953, 0.0005924609028293218, 0.0014313297205384662, 0.02434352082676535, 0.01300315866048406, 0.00041177717411156425, 0.009020748090437085, 0.02230755615563406, 0.0006514825347460182, 0.0024257391680393113, 0.035376265801906344, 0.01604335599381836, 0.009098360681868516, 0.0073291221767846, 0.01636069324876212, 0.007508523023482505, 0.008602999625234371, 0.009558513277075036, 0.0003254877919106305, 0.0117335702586859, 0.006679202905810484, 0.007441778602535594, 0.008694452201544599, 6.517642658733811e-05, 0.007627159345763049, 0.004333099216858567]}, {'overall_acc': 0.419845218352681, 'bal_acc': 0.41616076408551705, 'avg_odds_diff': 0.5969469646765848, 'disp_imp': 0.03988645892196358, 'stat_par_diff': 0.7414545456145128, 'eq_opp_diff': 0.29780404967462604, 'theil_ind': 0.2106282499340734, 'TPR': 0.4090131203650884, 'TNR': 0.42330840780594564, 'FPR': 0.5766915921940543, 'FNR': 0.5909868796349116, 'GTPR': 1.0, 'GTNR': 1.0, 'GFPR': 0.0, 'GFNR': 0.0, 'PPV': 0.1848414539829853, 'NPV': 0.6913911230265117, 'FDR': 0.8151585460170147, 'FOR': 0.3086088769734882, 'ACC': 0.419845218352681, 'MCC': -0.14405947504158395, 'f1_score': 0.2546164772727273, 'fitness': -0.8855140206560967, 'solution': {'corr_type': 'spearman', 'l2': 0.01, 'dropout': 0.12851029920625442, 'privileged_demotion': 0.758738832988736, 'privileged_promotion': 0.5955502976983527, 'protected_demotion': 0.3578583440136084, 'protected_promotion': 0.09429120152546544}, 'corr': [0.0931529311475826, 0.0006331037854109161, 1.0, 0.06791682233491302, 0.04481601124698501, 0.26955744930122183, 0.005131440098826536, 0.0440112472896473, 0.06451372662508054, 0.08458889802497334, 0.10645543476849864, 0.032454532563875524, 0.002621052861836258, 0.0049559113809191325, 0.006331801937945235, 0.003101429167736041, 0.011415758167678959, 0.01193728452567073, 0.02624174122786116, 0.015904158391320557, 0.028006641624529274, 0.013915410034949451, 0.015583283721443063, 0.02902129375936623, 0.010731489934577107, 0.006651910588910397, 0.0018957059919273115, 0.053329621045047244, 0.05320724660668678, 0.23548112422235673, 0.018216002961722273, 0.43547180044759265, 0.03618301242632242, 0.1767364263023397, 0.11057247363896258, 0.17718909693216775, 0.27653367321770206, 0.012283813665969605, 0.2284114352752249, 0.02950020938541191, 0.10193055262580429, 0.09368863011650898, 0.03715249532343919, 0.16839691334400858, 0.09094120716092238, 0.03425226490172145, 0.06284270450426736, 0.02735156424040557, 0.02256573632265817, 0.13412735614402752, 0.5820219733837128, 0.17510183539711605, 0.049922811862520386, 0.09682297312073267, 0.3222361500435902, 0.31957028917155705, 0.016766915359720372, 0.008226621073435867, 0.1145205666371852, 0.006509217860562343, 0.10667701373537437, 0.008509032996410123, 0.000441815385545777, 0.006681099384948941, 0.005870505423006612, 0.0025850976347697387, 0.019397729785570115, 0.0019765093888212877, 0.004768078115877854, 0.007730305678689689, 0.0020921925227009234, 0.02086478838350712, 0.00808575609853864, 9.136322588864401e-05, 0.0018538585343962413, 0.0, 0.011483286391759953, 0.0005924609028293218, 0.0014313297205384662, 0.02434352082676535, 0.01300315866048406, 0.00041177717411156425, 0.009020748090437085, 0.02230755615563406, 0.0006514825347460182, 0.0024257391680393113, 0.035376265801906344, 0.01604335599381836, 0.009098360681868516, 0.0073291221767846, 0.01636069324876212, 0.007508523023482505, 0.008602999625234371, 0.009558513277075036, 0.0003254877919106305, 0.0117335702586859, 0.006679202905810484, 0.007441778602535594, 0.008694452201544599, 6.517642658733811e-05, 0.007627159345763049, 0.004333099216858567]}, {'overall_acc': 0.8235212824765064, 'bal_acc': 0.6489615935746635, 'avg_odds_diff': 0.05422043257767493, 'disp_imp': 0.5380966956336585, 'stat_par_diff': 0.045806269688732706, 'eq_opp_diff': 0.10424152860957714, 'theil_ind': 0.18706625522428508, 'TPR': 0.3103251568739304, 'TNR': 0.9875980302753967, 'FPR': 0.012401969724603319, 'FNR': 0.6896748431260696, 'GTPR': 1.0, 'GTNR': 1.0, 'GFPR': 0.0, 'GFNR': 0.0, 'PPV': 0.8888888888888888, 'NPV': 0.8174818840579711, 'FDR': 0.1111111111111111, 'FOR': 0.182518115942029, 'ACC': 0.8235212824765064, 'MCC': 0.4587420102688026, 'f1_score': 0.46004228329809727, 'fitness': 0.41293574058006993, 'solution': {'corr_type': 'spearman', 'l2': 0.001, 'dropout': 0.0029421881357177162, 'privileged_demotion': 0.6084376800652689, 'privileged_promotion': 0.09389800057177511, 'protected_demotion': 0.260226271669747, 'protected_promotion': 0.1237311926874125}, 'corr': [0.0931529311475826, 0.0006331037854109161, 1.0, 0.06791682233491302, 0.04481601124698501, 0.26955744930122183, 0.005131440098826536, 0.0440112472896473, 0.06451372662508054, 0.08458889802497334, 0.10645543476849864, 0.032454532563875524, 0.002621052861836258, 0.0049559113809191325, 0.006331801937945235, 0.003101429167736041, 0.011415758167678959, 0.01193728452567073, 0.02624174122786116, 0.015904158391320557, 0.028006641624529274, 0.013915410034949451, 0.015583283721443063, 0.02902129375936623, 0.010731489934577107, 0.006651910588910397, 0.0018957059919273115, 0.053329621045047244, 0.05320724660668678, 0.23548112422235673, 0.018216002961722273, 0.43547180044759265, 0.03618301242632242, 0.1767364263023397, 0.11057247363896258, 0.17718909693216775, 0.27653367321770206, 0.012283813665969605, 0.2284114352752249, 0.02950020938541191, 0.10193055262580429, 0.09368863011650898, 0.03715249532343919, 0.16839691334400858, 0.09094120716092238, 0.03425226490172145, 0.06284270450426736, 0.02735156424040557, 0.02256573632265817, 0.13412735614402752, 0.5820219733837128, 0.17510183539711605, 0.049922811862520386, 0.09682297312073267, 0.3222361500435902, 0.31957028917155705, 0.016766915359720372, 0.008226621073435867, 0.1145205666371852, 0.006509217860562343, 0.10667701373537437, 0.008509032996410123, 0.000441815385545777, 0.006681099384948941, 0.005870505423006612, 0.0025850976347697387, 0.019397729785570115, 0.0019765093888212877, 0.004768078115877854, 0.007730305678689689, 0.0020921925227009234, 0.02086478838350712, 0.00808575609853864, 9.136322588864401e-05, 0.0018538585343962413, 0.0, 0.011483286391759953, 0.0005924609028293218, 0.0014313297205384662, 0.02434352082676535, 0.01300315866048406, 0.00041177717411156425, 0.009020748090437085, 0.02230755615563406, 0.0006514825347460182, 0.0024257391680393113, 0.035376265801906344, 0.01604335599381836, 0.009098360681868516, 0.0073291221767846, 0.01636069324876212, 0.007508523023482505, 0.008602999625234371, 0.009558513277075036, 0.0003254877919106305, 0.0117335702586859, 0.006679202905810484, 0.007441778602535594, 0.008694452201544599, 6.517642658733811e-05, 0.007627159345763049, 0.004333099216858567]}, {'overall_acc': 0.5022111663902709, 'bal_acc': 0.6507685061714896, 'avg_odds_diff': 0.6618446392958819, 'disp_imp': 0.11210873962304366, 'stat_par_diff': 0.8796083567108968, 'eq_opp_diff': 0.38291462497731454, 'theil_ind': 0.07200519544223286, 'TPR': 0.9389617798060468, 'TNR': 0.36257523253693236, 'FPR': 0.6374247674630676, 'FNR': 0.061038220193953226, 'GTPR': 1.0, 'GTNR': 1.0, 'GFPR': 0.0, 'GFNR': 0.0, 'PPV': 0.32017117292355574, 'NPV': 0.948926014319809, 'FDR': 0.6798288270764443, 'FOR': 0.051073985680190934, 'ACC': 0.5022111663902709, 'MCC': 0.28485568604341294, 'f1_score': 0.47751668117203366, 'fitness': -0.5947526706674838, 'solution': {'corr_type': 'spearman', 'l2': 0.01, 'dropout': 0.17899841820490245, 'privileged_demotion': 0.9107832633584771, 'privileged_promotion': 0.109064851448884, 'protected_demotion': 0.1328292911069373, 'protected_promotion': 0.37572317578601977}, 'corr': [0.0931529311475826, 0.0006331037854109161, 1.0, 0.06791682233491302, 0.04481601124698501, 0.26955744930122183, 0.005131440098826536, 0.0440112472896473, 0.06451372662508054, 0.08458889802497334, 0.10645543476849864, 0.032454532563875524, 0.002621052861836258, 0.0049559113809191325, 0.006331801937945235, 0.003101429167736041, 0.011415758167678959, 0.01193728452567073, 0.02624174122786116, 0.015904158391320557, 0.028006641624529274, 0.013915410034949451, 0.015583283721443063, 0.02902129375936623, 0.010731489934577107, 0.006651910588910397, 0.0018957059919273115, 0.053329621045047244, 0.05320724660668678, 0.23548112422235673, 0.018216002961722273, 0.43547180044759265, 0.03618301242632242, 0.1767364263023397, 0.11057247363896258, 0.17718909693216775, 0.27653367321770206, 0.012283813665969605, 0.2284114352752249, 0.02950020938541191, 0.10193055262580429, 0.09368863011650898, 0.03715249532343919, 0.16839691334400858, 0.09094120716092238, 0.03425226490172145, 0.06284270450426736, 0.02735156424040557, 0.02256573632265817, 0.13412735614402752, 0.5820219733837128, 0.17510183539711605, 0.049922811862520386, 0.09682297312073267, 0.3222361500435902, 0.31957028917155705, 0.016766915359720372, 0.008226621073435867, 0.1145205666371852, 0.006509217860562343, 0.10667701373537437, 0.008509032996410123, 0.000441815385545777, 0.006681099384948941, 0.005870505423006612, 0.0025850976347697387, 0.019397729785570115, 0.0019765093888212877, 0.004768078115877854, 0.007730305678689689, 0.0020921925227009234, 0.02086478838350712, 0.00808575609853864, 9.136322588864401e-05, 0.0018538585343962413, 0.0, 0.011483286391759953, 0.0005924609028293218, 0.0014313297205384662, 0.02434352082676535, 0.01300315866048406, 0.00041177717411156425, 0.009020748090437085, 0.02230755615563406, 0.0006514825347460182, 0.0024257391680393113, 0.035376265801906344, 0.01604335599381836, 0.009098360681868516, 0.0073291221767846, 0.01636069324876212, 0.007508523023482505, 0.008602999625234371, 0.009558513277075036, 0.0003254877919106305, 0.0117335702586859, 0.006679202905810484, 0.007441778602535594, 0.008694452201544599, 6.517642658733811e-05, 0.007627159345763049, 0.004333099216858567]}, {'overall_acc': 0.4115533443891653, 'bal_acc': 0.4035100350104597, 'avg_odds_diff': 0.6878477315300854, 'disp_imp': 0.0016617782026553854, 'stat_par_diff': 0.7819067557455577, 'eq_opp_diff': 0.4503046330144409, 'theil_ind': 0.21623686760513755, 'TPR': 0.387906446092413, 'TNR': 0.4191136239285063, 'FPR': 0.5808863760714937, 'FNR': 0.612093553907587, 'GTPR': 1.0, 'GTNR': 1.0, 'GFPR': 0.0, 'GFNR': 0.0, 'PPV': 0.1759379042690815, 'NPV': 0.6816968258676951, 'FDR': 0.8240620957309185, 'FOR': 0.31830317413230497, 'ACC': 0.4115533443891653, 'MCC': -0.16575174149811453, 'f1_score': 0.2420790316838733, 'fitness': -0.9476584972436722, 'solution': {'corr_type': 'spearman', 'l2': 0.0001, 'dropout': 0.056589353474059516, 'privileged_demotion': 0.7873647272991572, 'privileged_promotion': 0.6605969144165331, 'protected_demotion': 0.32536910515613504, 'protected_promotion': 0.11332193665452717}, 'corr': [0.0931529311475826, 0.0006331037854109161, 1.0, 0.06791682233491302, 0.04481601124698501, 0.26955744930122183, 0.005131440098826536, 0.0440112472896473, 0.06451372662508054, 0.08458889802497334, 0.10645543476849864, 0.032454532563875524, 0.002621052861836258, 0.0049559113809191325, 0.006331801937945235, 0.003101429167736041, 0.011415758167678959, 0.01193728452567073, 0.02624174122786116, 0.015904158391320557, 0.028006641624529274, 0.013915410034949451, 0.015583283721443063, 0.02902129375936623, 0.010731489934577107, 0.006651910588910397, 0.0018957059919273115, 0.053329621045047244, 0.05320724660668678, 0.23548112422235673, 0.018216002961722273, 0.43547180044759265, 0.03618301242632242, 0.1767364263023397, 0.11057247363896258, 0.17718909693216775, 0.27653367321770206, 0.012283813665969605, 0.2284114352752249, 0.02950020938541191, 0.10193055262580429, 0.09368863011650898, 0.03715249532343919, 0.16839691334400858, 0.09094120716092238, 0.03425226490172145, 0.06284270450426736, 0.02735156424040557, 0.02256573632265817, 0.13412735614402752, 0.5820219733837128, 0.17510183539711605, 0.049922811862520386, 0.09682297312073267, 0.3222361500435902, 0.31957028917155705, 0.016766915359720372, 0.008226621073435867, 0.1145205666371852, 0.006509217860562343, 0.10667701373537437, 0.008509032996410123, 0.000441815385545777, 0.006681099384948941, 0.005870505423006612, 0.0025850976347697387, 0.019397729785570115, 0.0019765093888212877, 0.004768078115877854, 0.007730305678689689, 0.0020921925227009234, 0.02086478838350712, 0.00808575609853864, 9.136322588864401e-05, 0.0018538585343962413, 0.0, 0.011483286391759953, 0.0005924609028293218, 0.0014313297205384662, 0.02434352082676535, 0.01300315866048406, 0.00041177717411156425, 0.009020748090437085, 0.02230755615563406, 0.0006514825347460182, 0.0024257391680393113, 0.035376265801906344, 0.01604335599381836, 0.009098360681868516, 0.0073291221767846, 0.01636069324876212, 0.007508523023482505, 0.008602999625234371, 0.009558513277075036, 0.0003254877919106305, 0.0117335702586859, 0.006679202905810484, 0.007441778602535594, 0.008694452201544599, 6.517642658733811e-05, 0.007627159345763049, 0.004333099216858567]}, {'overall_acc': 0.8414870093974571, 'bal_acc': 0.7040860830119628, 'avg_odds_diff': 0.030891000254269933, 'disp_imp': 0.43228619918402217, 'stat_par_diff': 0.08888157660310989, 'eq_opp_diff': 0.04143008996396258, 'theil_ind': 0.1558674332626503, 'TPR': 0.4375356531660011, 'TNR': 0.9706365128579245, 'FPR': 0.029363487142075505, 'FNR': 0.5624643468339988, 'GTPR': 1.0, 'GTNR': 1.0, 'GFPR': 0.0, 'GFNR': 0.0, 'PPV': 0.8265086206896551, 'NPV': 0.8436905516804059, 'FDR': 0.17349137931034483, 'FOR': 0.15630944831959417, 'ACC': 0.8414870093974571, 'MCC': 0.5230264313146422, 'f1_score': 0.5721745617306975, 'fitness': 0.4341448547115323, 'solution': {'corr_type': 'spearman', 'l2': 0.001, 'dropout': 0.05743808170773956, 'privileged_demotion': 0.5277370243518513, 'privileged_promotion': 0.18780304714292229, 'protected_demotion': 0.3230941241229176, 'protected_promotion': 0.25248252234193636}, 'corr': [0.0931529311475826, 0.0006331037854109161, 1.0, 0.06791682233491302, 0.04481601124698501, 0.26955744930122183, 0.005131440098826536, 0.0440112472896473, 0.06451372662508054, 0.08458889802497334, 0.10645543476849864, 0.032454532563875524, 0.002621052861836258, 0.0049559113809191325, 0.006331801937945235, 0.003101429167736041, 0.011415758167678959, 0.01193728452567073, 0.02624174122786116, 0.015904158391320557, 0.028006641624529274, 0.013915410034949451, 0.015583283721443063, 0.02902129375936623, 0.010731489934577107, 0.006651910588910397, 0.0018957059919273115, 0.053329621045047244, 0.05320724660668678, 0.23548112422235673, 0.018216002961722273, 0.43547180044759265, 0.03618301242632242, 0.1767364263023397, 0.11057247363896258, 0.17718909693216775, 0.27653367321770206, 0.012283813665969605, 0.2284114352752249, 0.02950020938541191, 0.10193055262580429, 0.09368863011650898, 0.03715249532343919, 0.16839691334400858, 0.09094120716092238, 0.03425226490172145, 0.06284270450426736, 0.02735156424040557, 0.02256573632265817, 0.13412735614402752, 0.5820219733837128, 0.17510183539711605, 0.049922811862520386, 0.09682297312073267, 0.3222361500435902, 0.31957028917155705, 0.016766915359720372, 0.008226621073435867, 0.1145205666371852, 0.006509217860562343, 0.10667701373537437, 0.008509032996410123, 0.000441815385545777, 0.006681099384948941, 0.005870505423006612, 0.0025850976347697387, 0.019397729785570115, 0.0019765093888212877, 0.004768078115877854, 0.007730305678689689, 0.0020921925227009234, 0.02086478838350712, 0.00808575609853864, 9.136322588864401e-05, 0.0018538585343962413, 0.0, 0.011483286391759953, 0.0005924609028293218, 0.0014313297205384662, 0.02434352082676535, 0.01300315866048406, 0.00041177717411156425, 0.009020748090437085, 0.02230755615563406, 0.0006514825347460182, 0.0024257391680393113, 0.035376265801906344, 0.01604335599381836, 0.009098360681868516, 0.0073291221767846, 0.01636069324876212, 0.007508523023482505, 0.008602999625234371, 0.009558513277075036, 0.0003254877919106305, 0.0117335702586859, 0.006679202905810484, 0.007441778602535594, 0.008694452201544599, 6.517642658733811e-05, 0.007627159345763049, 0.004333099216858567]}, {'overall_acc': 0.177722498618021, 'bal_acc': 0.33245568759487787, 'avg_odds_diff': 0.1832456421391073, 'disp_imp': 0.9818129793682046, 'stat_par_diff': 0.016217466988035834, 'eq_opp_diff': 0.3236784112416064, 'theil_ind': 0.12092634425415111, 'TPR': 0.6326297775242442, 'TNR': 0.03228159766551158, 'FPR': 0.9677184023344885, 'FNR': 0.36737022247575585, 'GTPR': 1.0, 'GTNR': 1.0, 'GFPR': 0.0, 'GFNR': 0.0, 'PPV': 0.17287607170693686, 'NPV': 0.21559074299634592, 'FDR': 0.8271239282930631, 'FOR': 0.784409257003654, 'ACC': 0.177722498618021, 'MCC': -0.45267848865050486, 'f1_score': 0.27154750244857984, 'fitness': -0.4688959556385407, 'solution': {'corr_type': 'spearman', 'l2': 0.01, 'dropout': 0.10689021400749131, 'privileged_demotion': 0.8385201461290545, 'privileged_promotion': 0.3782612755475213, 'protected_demotion': 0.43075687390571216, 'protected_promotion': 0.8679493717878234}, 'corr': [0.0931529311475826, 0.0006331037854109161, 1.0, 0.06791682233491302, 0.04481601124698501, 0.26955744930122183, 0.005131440098826536, 0.0440112472896473, 0.06451372662508054, 0.08458889802497334, 0.10645543476849864, 0.032454532563875524, 0.002621052861836258, 0.0049559113809191325, 0.006331801937945235, 0.003101429167736041, 0.011415758167678959, 0.01193728452567073, 0.02624174122786116, 0.015904158391320557, 0.028006641624529274, 0.013915410034949451, 0.015583283721443063, 0.02902129375936623, 0.010731489934577107, 0.006651910588910397, 0.0018957059919273115, 0.053329621045047244, 0.05320724660668678, 0.23548112422235673, 0.018216002961722273, 0.43547180044759265, 0.03618301242632242, 0.1767364263023397, 0.11057247363896258, 0.17718909693216775, 0.27653367321770206, 0.012283813665969605, 0.2284114352752249, 0.02950020938541191, 0.10193055262580429, 0.09368863011650898, 0.03715249532343919, 0.16839691334400858, 0.09094120716092238, 0.03425226490172145, 0.06284270450426736, 0.02735156424040557, 0.02256573632265817, 0.13412735614402752, 0.5820219733837128, 0.17510183539711605, 0.049922811862520386, 0.09682297312073267, 0.3222361500435902, 0.31957028917155705, 0.016766915359720372, 0.008226621073435867, 0.1145205666371852, 0.006509217860562343, 0.10667701373537437, 0.008509032996410123, 0.000441815385545777, 0.006681099384948941, 0.005870505423006612, 0.0025850976347697387, 0.019397729785570115, 0.0019765093888212877, 0.004768078115877854, 0.007730305678689689, 0.0020921925227009234, 0.02086478838350712, 0.00808575609853864, 9.136322588864401e-05, 0.0018538585343962413, 0.0, 0.011483286391759953, 0.0005924609028293218, 0.0014313297205384662, 0.02434352082676535, 0.01300315866048406, 0.00041177717411156425, 0.009020748090437085, 0.02230755615563406, 0.0006514825347460182, 0.0024257391680393113, 0.035376265801906344, 0.01604335599381836, 0.009098360681868516, 0.0073291221767846, 0.01636069324876212, 0.007508523023482505, 0.008602999625234371, 0.009558513277075036, 0.0003254877919106305, 0.0117335702586859, 0.006679202905810484, 0.007441778602535594, 0.008694452201544599, 6.517642658733811e-05, 0.007627159345763049, 0.004333099216858567]}, {'overall_acc': 0.8132946379215036, 'bal_acc': 0.8028739247868665, 'avg_odds_diff': 0.33478021243435335, 'disp_imp': 0.15056966216832496, 'stat_par_diff': 0.3769121028545336, 'eq_opp_diff': 0.4223354333566669, 'theil_ind': 0.0935921832200962, 'TPR': 0.7826583000570451, 'TNR': 0.8230895495166879, 'FPR': 0.17691045048331205, 'FNR': 0.21734169994295494, 'GTPR': 1.0, 'GTNR': 1.0, 'GFPR': 0.0, 'GFNR': 0.0, 'PPV': 0.5858240819812126, 'NPV': 0.9221495709031468, 'FDR': 0.41417591801878734, 'FOR': 0.07785042909685329, 'ACC': 0.8132946379215036, 'MCC': 0.5547106884447194, 'f1_score': 0.6700854700854701, 'fitness': 0.1777985855901858, 'solution': {'corr_type': 'spearman', 'l2': 0.01, 'dropout': 0.194180014251204, 'privileged_demotion': 0.17011773520964535, 'privileged_promotion': 0.6290333415853109, 'protected_demotion': 0.6310524329558889, 'protected_promotion': 0.31481443661416053}, 'corr': [0.0931529311475826, 0.0006331037854109161, 1.0, 0.06791682233491302, 0.04481601124698501, 0.26955744930122183, 0.005131440098826536, 0.0440112472896473, 0.06451372662508054, 0.08458889802497334, 0.10645543476849864, 0.032454532563875524, 0.002621052861836258, 0.0049559113809191325, 0.006331801937945235, 0.003101429167736041, 0.011415758167678959, 0.01193728452567073, 0.02624174122786116, 0.015904158391320557, 0.028006641624529274, 0.013915410034949451, 0.015583283721443063, 0.02902129375936623, 0.010731489934577107, 0.006651910588910397, 0.0018957059919273115, 0.053329621045047244, 0.05320724660668678, 0.23548112422235673, 0.018216002961722273, 0.43547180044759265, 0.03618301242632242, 0.1767364263023397, 0.11057247363896258, 0.17718909693216775, 0.27653367321770206, 0.012283813665969605, 0.2284114352752249, 0.02950020938541191, 0.10193055262580429, 0.09368863011650898, 0.03715249532343919, 0.16839691334400858, 0.09094120716092238, 0.03425226490172145, 0.06284270450426736, 0.02735156424040557, 0.02256573632265817, 0.13412735614402752, 0.5820219733837128, 0.17510183539711605, 0.049922811862520386, 0.09682297312073267, 0.3222361500435902, 0.31957028917155705, 0.016766915359720372, 0.008226621073435867, 0.1145205666371852, 0.006509217860562343, 0.10667701373537437, 0.008509032996410123, 0.000441815385545777, 0.006681099384948941, 0.005870505423006612, 0.0025850976347697387, 0.019397729785570115, 0.0019765093888212877, 0.004768078115877854, 0.007730305678689689, 0.0020921925227009234, 0.02086478838350712, 0.00808575609853864, 9.136322588864401e-05, 0.0018538585343962413, 0.0, 0.011483286391759953, 0.0005924609028293218, 0.0014313297205384662, 0.02434352082676535, 0.01300315866048406, 0.00041177717411156425, 0.009020748090437085, 0.02230755615563406, 0.0006514825347460182, 0.0024257391680393113, 0.035376265801906344, 0.01604335599381836, 0.009098360681868516, 0.0073291221767846, 0.01636069324876212, 0.007508523023482505, 0.008602999625234371, 0.009558513277075036, 0.0003254877919106305, 0.0117335702586859, 0.006679202905810484, 0.007441778602535594, 0.008694452201544599, 6.517642658733811e-05, 0.007627159345763049, 0.004333099216858567]}, {'overall_acc': 0.41652846876727473, 'bal_acc': 0.38292668132866003, 'avg_odds_diff': 0.6235070037865862, 'disp_imp': 0.004787160778483989, 'stat_par_diff': 0.7215343541303832, 'eq_opp_diff': 0.3725752508361204, 'theil_ind': 0.23724718081505186, 'TPR': 0.3177410154021677, 'TNR': 0.4481123472551523, 'FPR': 0.5518876527448477, 'FNR': 0.6822589845978323, 'GTPR': 1.0, 'GTNR': 1.0, 'GFPR': 0.0, 'GFNR': 0.0, 'PPV': 0.15545632151828076, 'NPV': 0.6725978647686833, 'FDR': 0.8445436784817192, 'FOR': 0.3274021352313167, 'ACC': 0.41652846876727473, 'MCC': -0.2006502780612532, 'f1_score': 0.20877061469265368, 'fitness': -0.9221846321916365, 'solution': {'corr_type': 'spearman', 'l2': 0.01, 'dropout': 0.10553071322321693, 'privileged_demotion': 0.7205702734856483, 'privileged_promotion': 0.7130417222833738, 'protected_demotion': 0.819650395398224, 'protected_promotion': 0.0294131320154849}, 'corr': [0.0931529311475826, 0.0006331037854109161, 1.0, 0.06791682233491302, 0.04481601124698501, 0.26955744930122183, 0.005131440098826536, 0.0440112472896473, 0.06451372662508054, 0.08458889802497334, 0.10645543476849864, 0.032454532563875524, 0.002621052861836258, 0.0049559113809191325, 0.006331801937945235, 0.003101429167736041, 0.011415758167678959, 0.01193728452567073, 0.02624174122786116, 0.015904158391320557, 0.028006641624529274, 0.013915410034949451, 0.015583283721443063, 0.02902129375936623, 0.010731489934577107, 0.006651910588910397, 0.0018957059919273115, 0.053329621045047244, 0.05320724660668678, 0.23548112422235673, 0.018216002961722273, 0.43547180044759265, 0.03618301242632242, 0.1767364263023397, 0.11057247363896258, 0.17718909693216775, 0.27653367321770206, 0.012283813665969605, 0.2284114352752249, 0.02950020938541191, 0.10193055262580429, 0.09368863011650898, 0.03715249532343919, 0.16839691334400858, 0.09094120716092238, 0.03425226490172145, 0.06284270450426736, 0.02735156424040557, 0.02256573632265817, 0.13412735614402752, 0.5820219733837128, 0.17510183539711605, 0.049922811862520386, 0.09682297312073267, 0.3222361500435902, 0.31957028917155705, 0.016766915359720372, 0.008226621073435867, 0.1145205666371852, 0.006509217860562343, 0.10667701373537437, 0.008509032996410123, 0.000441815385545777, 0.006681099384948941, 0.005870505423006612, 0.0025850976347697387, 0.019397729785570115, 0.0019765093888212877, 0.004768078115877854, 0.007730305678689689, 0.0020921925227009234, 0.02086478838350712, 0.00808575609853864, 9.136322588864401e-05, 0.0018538585343962413, 0.0, 0.011483286391759953, 0.0005924609028293218, 0.0014313297205384662, 0.02434352082676535, 0.01300315866048406, 0.00041177717411156425, 0.009020748090437085, 0.02230755615563406, 0.0006514825347460182, 0.0024257391680393113, 0.035376265801906344, 0.01604335599381836, 0.009098360681868516, 0.0073291221767846, 0.01636069324876212, 0.007508523023482505, 0.008602999625234371, 0.009558513277075036, 0.0003254877919106305, 0.0117335702586859, 0.006679202905810484, 0.007441778602535594, 0.008694452201544599, 6.517642658733811e-05, 0.007627159345763049, 0.004333099216858567]}, {'overall_acc': 0.8329187396351575, 'bal_acc': 0.6817452876957549, 'avg_odds_diff': 0.1733519776608853, 'disp_imp': 0.1128825757893003, 'stat_par_diff': 0.13978710983810863, 'eq_opp_diff': 0.31462756993596225, 'theil_ind': 0.16850183337576877, 'TPR': 0.3884768967484313, 'TNR': 0.9750136786430786, 'FPR': 0.024986321356921394, 'FNR': 0.6115231032515688, 'GTPR': 1.0, 'GTNR': 1.0, 'GFPR': 0.0, 'GFNR': 0.0, 'PPV': 0.8325183374083129, 'NPV': 0.8329697725148021, 'FDR': 0.16748166259168704, 'FOR': 0.16703022748519789, 'ACC': 0.8329187396351575, 'MCC': 0.4918319387678696, 'f1_score': 0.5297549591598599, 'fitness': 0.35204482892976097, 'solution': {'corr_type': 'spearman', 'l2': 0.01, 'dropout': 0.15715705005027258, 'privileged_demotion': 0.4528886068254514, 'privileged_promotion': 0.17191687837517045, 'protected_demotion': 0.27311489256349397, 'protected_promotion': 0.778972057387496}, 'corr': [0.0931529311475826, 0.0006331037854109161, 1.0, 0.06791682233491302, 0.04481601124698501, 0.26955744930122183, 0.005131440098826536, 0.0440112472896473, 0.06451372662508054, 0.08458889802497334, 0.10645543476849864, 0.032454532563875524, 0.002621052861836258, 0.0049559113809191325, 0.006331801937945235, 0.003101429167736041, 0.011415758167678959, 0.01193728452567073, 0.02624174122786116, 0.015904158391320557, 0.028006641624529274, 0.013915410034949451, 0.015583283721443063, 0.02902129375936623, 0.010731489934577107, 0.006651910588910397, 0.0018957059919273115, 0.053329621045047244, 0.05320724660668678, 0.23548112422235673, 0.018216002961722273, 0.43547180044759265, 0.03618301242632242, 0.1767364263023397, 0.11057247363896258, 0.17718909693216775, 0.27653367321770206, 0.012283813665969605, 0.2284114352752249, 0.02950020938541191, 0.10193055262580429, 0.09368863011650898, 0.03715249532343919, 0.16839691334400858, 0.09094120716092238, 0.03425226490172145, 0.06284270450426736, 0.02735156424040557, 0.02256573632265817, 0.13412735614402752, 0.5820219733837128, 0.17510183539711605, 0.049922811862520386, 0.09682297312073267, 0.3222361500435902, 0.31957028917155705, 0.016766915359720372, 0.008226621073435867, 0.1145205666371852, 0.006509217860562343, 0.10667701373537437, 0.008509032996410123, 0.000441815385545777, 0.006681099384948941, 0.005870505423006612, 0.0025850976347697387, 0.019397729785570115, 0.0019765093888212877, 0.004768078115877854, 0.007730305678689689, 0.0020921925227009234, 0.02086478838350712, 0.00808575609853864, 9.136322588864401e-05, 0.0018538585343962413, 0.0, 0.011483286391759953, 0.0005924609028293218, 0.0014313297205384662, 0.02434352082676535, 0.01300315866048406, 0.00041177717411156425, 0.009020748090437085, 0.02230755615563406, 0.0006514825347460182, 0.0024257391680393113, 0.035376265801906344, 0.01604335599381836, 0.009098360681868516, 0.0073291221767846, 0.01636069324876212, 0.007508523023482505, 0.008602999625234371, 0.009558513277075036, 0.0003254877919106305, 0.0117335702586859, 0.006679202905810484, 0.007441778602535594, 0.008694452201544599, 6.517642658733811e-05, 0.007627159345763049, 0.004333099216858567]}, {'overall_acc': 0.8316749585406302, 'bal_acc': 0.6718049535259063, 'avg_odds_diff': 0.07884674355383157, 'disp_imp': 0.6214406831444197, 'stat_par_diff': 0.04360610261082329, 'eq_opp_diff': 0.15766249254621345, 'theil_ind': 0.174020966975886, 'TPR': 0.3616657159155733, 'TNR': 0.9819441911362393, 'FPR': 0.018055808863760715, 'FNR': 0.6383342840844267, 'GTPR': 1.0, 'GTNR': 1.0, 'GFPR': 0.0, 'GFNR': 0.0, 'PPV': 0.8649386084583902, 'NPV': 0.8279255728125481, 'FDR': 0.13506139154160982, 'FOR': 0.17207442718745194, 'ACC': 0.8316749585406302, 'MCC': 0.4879292950070095, 'f1_score': 0.5100563153660499, 'fitness': 0.44432319239618623, 'solution': {'corr_type': 'spearman', 'l2': 0.0001, 'dropout': 0.14587814119621817, 'privileged_demotion': 0.6244859150557035, 'privileged_promotion': 0.14245269151246764, 'protected_demotion': 0.4209857182724849, 'protected_promotion': 0.5298792367344756}, 'corr': [0.0931529311475826, 0.0006331037854109161, 1.0, 0.06791682233491302, 0.04481601124698501, 0.26955744930122183, 0.005131440098826536, 0.0440112472896473, 0.06451372662508054, 0.08458889802497334, 0.10645543476849864, 0.032454532563875524, 0.002621052861836258, 0.0049559113809191325, 0.006331801937945235, 0.003101429167736041, 0.011415758167678959, 0.01193728452567073, 0.02624174122786116, 0.015904158391320557, 0.028006641624529274, 0.013915410034949451, 0.015583283721443063, 0.02902129375936623, 0.010731489934577107, 0.006651910588910397, 0.0018957059919273115, 0.053329621045047244, 0.05320724660668678, 0.23548112422235673, 0.018216002961722273, 0.43547180044759265, 0.03618301242632242, 0.1767364263023397, 0.11057247363896258, 0.17718909693216775, 0.27653367321770206, 0.012283813665969605, 0.2284114352752249, 0.02950020938541191, 0.10193055262580429, 0.09368863011650898, 0.03715249532343919, 0.16839691334400858, 0.09094120716092238, 0.03425226490172145, 0.06284270450426736, 0.02735156424040557, 0.02256573632265817, 0.13412735614402752, 0.5820219733837128, 0.17510183539711605, 0.049922811862520386, 0.09682297312073267, 0.3222361500435902, 0.31957028917155705, 0.016766915359720372, 0.008226621073435867, 0.1145205666371852, 0.006509217860562343, 0.10667701373537437, 0.008509032996410123, 0.000441815385545777, 0.006681099384948941, 0.005870505423006612, 0.0025850976347697387, 0.019397729785570115, 0.0019765093888212877, 0.004768078115877854, 0.007730305678689689, 0.0020921925227009234, 0.02086478838350712, 0.00808575609853864, 9.136322588864401e-05, 0.0018538585343962413, 0.0, 0.011483286391759953, 0.0005924609028293218, 0.0014313297205384662, 0.02434352082676535, 0.01300315866048406, 0.00041177717411156425, 0.009020748090437085, 0.02230755615563406, 0.0006514825347460182, 0.0024257391680393113, 0.035376265801906344, 0.01604335599381836, 0.009098360681868516, 0.0073291221767846, 0.01636069324876212, 0.007508523023482505, 0.008602999625234371, 0.009558513277075036, 0.0003254877919106305, 0.0117335702586859, 0.006679202905810484, 0.007441778602535594, 0.008694452201544599, 6.517642658733811e-05, 0.007627159345763049, 0.004333099216858567]}, {'overall_acc': 0.15298507462686567, 'bal_acc': 0.24065313530937663, 'avg_odds_diff': 0.06949538536909, 'disp_imp': 1.226155580211897, 'stat_par_diff': 0.16955935510918352, 'eq_opp_diff': 0.06377848642762696, 'theil_ind': 0.1795916246289737, 'TPR': 0.4107244723331432, 'TNR': 0.07058179828561006, 'FPR': 0.9294182017143899, 'FNR': 0.5892755276668569, 'GTPR': 1.0, 'GTNR': 1.0, 'GFPR': 0.0, 'GFNR': 0.0, 'PPV': 0.12379642365887207, 'NPV': 0.27253521126760566, 'FDR': 0.8762035763411279, 'FOR': 0.7274647887323944, 'ACC': 0.15298507462686567, 'MCC': -0.5595703669686819, 'f1_score': 0.19024970273483946, 'fitness': -0.7291297220778654, 'solution': {'corr_type': 'spearman', 'l2': 0.001, 'dropout': 0.1368523001911658, 'privileged_demotion': 0.8795650222834753, 'privileged_promotion': 0.8333872681568849, 'protected_demotion': 0.576893636810468, 'protected_promotion': 0.6388022865908786}, 'corr': [0.0931529311475826, 0.0006331037854109161, 1.0, 0.06791682233491302, 0.04481601124698501, 0.26955744930122183, 0.005131440098826536, 0.0440112472896473, 0.06451372662508054, 0.08458889802497334, 0.10645543476849864, 0.032454532563875524, 0.002621052861836258, 0.0049559113809191325, 0.006331801937945235, 0.003101429167736041, 0.011415758167678959, 0.01193728452567073, 0.02624174122786116, 0.015904158391320557, 0.028006641624529274, 0.013915410034949451, 0.015583283721443063, 0.02902129375936623, 0.010731489934577107, 0.006651910588910397, 0.0018957059919273115, 0.053329621045047244, 0.05320724660668678, 0.23548112422235673, 0.018216002961722273, 0.43547180044759265, 0.03618301242632242, 0.1767364263023397, 0.11057247363896258, 0.17718909693216775, 0.27653367321770206, 0.012283813665969605, 0.2284114352752249, 0.02950020938541191, 0.10193055262580429, 0.09368863011650898, 0.03715249532343919, 0.16839691334400858, 0.09094120716092238, 0.03425226490172145, 0.06284270450426736, 0.02735156424040557, 0.02256573632265817, 0.13412735614402752, 0.5820219733837128, 0.17510183539711605, 0.049922811862520386, 0.09682297312073267, 0.3222361500435902, 0.31957028917155705, 0.016766915359720372, 0.008226621073435867, 0.1145205666371852, 0.006509217860562343, 0.10667701373537437, 0.008509032996410123, 0.000441815385545777, 0.006681099384948941, 0.005870505423006612, 0.0025850976347697387, 0.019397729785570115, 0.0019765093888212877, 0.004768078115877854, 0.007730305678689689, 0.0020921925227009234, 0.02086478838350712, 0.00808575609853864, 9.136322588864401e-05, 0.0018538585343962413, 0.0, 0.011483286391759953, 0.0005924609028293218, 0.0014313297205384662, 0.02434352082676535, 0.01300315866048406, 0.00041177717411156425, 0.009020748090437085, 0.02230755615563406, 0.0006514825347460182, 0.0024257391680393113, 0.035376265801906344, 0.01604335599381836, 0.009098360681868516, 0.0073291221767846, 0.01636069324876212, 0.007508523023482505, 0.008602999625234371, 0.009558513277075036, 0.0003254877919106305, 0.0117335702586859, 0.006679202905810484, 0.007441778602535594, 0.008694452201544599, 6.517642658733811e-05, 0.007627159345763049, 0.004333099216858567]}, {'overall_acc': 0.5880320619126589, 'bal_acc': 0.5709919234882408, 'avg_odds_diff': 0.7383121508066761, 'disp_imp': 5.915953174713507, 'stat_par_diff': 0.8244764298292577, 'eq_opp_diff': 0.5236265588136164, 'theil_ind': 0.17773611124050692, 'TPR': 0.537934968625214, 'TNR': 0.6040488783512675, 'FPR': 0.3959511216487324, 'FNR': 0.4620650313747861, 'GTPR': 1.0, 'GTNR': 1.0, 'GFPR': 0.0, 'GFNR': 0.0, 'PPV': 0.3028259473346179, 'NPV': 0.8034934497816594, 'FDR': 0.6971740526653821, 'FOR': 0.1965065502183406, 'ACC': 0.5880320619126589, 'MCC': 0.12286430324056405, 'f1_score': 0.38750770495171566, 'fitness': -0.7016121265886937, 'solution': {'corr_type': 'spearman', 'l2': 0.001, 'dropout': 0.060171335736513426, 'privileged_demotion': 0.3384900462606012, 'privileged_promotion': 0.0010053540629906266, 'protected_demotion': 0.6132596752290873, 'protected_promotion': 0.5736572123996705}, 'corr': [0.0931529311475826, 0.0006331037854109161, 1.0, 0.06791682233491302, 0.04481601124698501, 0.26955744930122183, 0.005131440098826536, 0.0440112472896473, 0.06451372662508054, 0.08458889802497334, 0.10645543476849864, 0.032454532563875524, 0.002621052861836258, 0.0049559113809191325, 0.006331801937945235, 0.003101429167736041, 0.011415758167678959, 0.01193728452567073, 0.02624174122786116, 0.015904158391320557, 0.028006641624529274, 0.013915410034949451, 0.015583283721443063, 0.02902129375936623, 0.010731489934577107, 0.006651910588910397, 0.0018957059919273115, 0.053329621045047244, 0.05320724660668678, 0.23548112422235673, 0.018216002961722273, 0.43547180044759265, 0.03618301242632242, 0.1767364263023397, 0.11057247363896258, 0.17718909693216775, 0.27653367321770206, 0.012283813665969605, 0.2284114352752249, 0.02950020938541191, 0.10193055262580429, 0.09368863011650898, 0.03715249532343919, 0.16839691334400858, 0.09094120716092238, 0.03425226490172145, 0.06284270450426736, 0.02735156424040557, 0.02256573632265817, 0.13412735614402752, 0.5820219733837128, 0.17510183539711605, 0.049922811862520386, 0.09682297312073267, 0.3222361500435902, 0.31957028917155705, 0.016766915359720372, 0.008226621073435867, 0.1145205666371852, 0.006509217860562343, 0.10667701373537437, 0.008509032996410123, 0.000441815385545777, 0.006681099384948941, 0.005870505423006612, 0.0025850976347697387, 0.019397729785570115, 0.0019765093888212877, 0.004768078115877854, 0.007730305678689689, 0.0020921925227009234, 0.02086478838350712, 0.00808575609853864, 9.136322588864401e-05, 0.0018538585343962413, 0.0, 0.011483286391759953, 0.0005924609028293218, 0.0014313297205384662, 0.02434352082676535, 0.01300315866048406, 0.00041177717411156425, 0.009020748090437085, 0.02230755615563406, 0.0006514825347460182, 0.0024257391680393113, 0.035376265801906344, 0.01604335599381836, 0.009098360681868516, 0.0073291221767846, 0.01636069324876212, 0.007508523023482505, 0.008602999625234371, 0.009558513277075036, 0.0003254877919106305, 0.0117335702586859, 0.006679202905810484, 0.007441778602535594, 0.008694452201544599, 6.517642658733811e-05, 0.007627159345763049, 0.004333099216858567]}, {'overall_acc': 0.8326423438363737, 'bal_acc': 0.6736074964478185, 'avg_odds_diff': 0.07520881224413965, 'disp_imp': 0.23841178161670543, 'stat_par_diff': 0.10255416284861238, 'eq_opp_diff': 0.12813253480594228, 'theil_ind': 0.17297632787860187, 'TPR': 0.36508841985168283, 'TNR': 0.982126573043954, 'FPR': 0.01787342695604596, 'FNR': 0.6349115801483172, 'GTPR': 1.0, 'GTNR': 1.0, 'GFPR': 0.0, 'GFNR': 0.0, 'PPV': 0.8672086720867209, 'NPV': 0.8287165281625115, 'FDR': 0.13279132791327913, 'FOR': 0.17128347183748846, 'ACC': 0.8326423438363737, 'MCC': 0.491564505899716, 'f1_score': 0.513849859494179, 'fitness': 0.3890103430511036, 'solution': {'corr_type': 'spearman', 'l2': 0.001, 'dropout': 0.0013677326971902341, 'privileged_demotion': 0.4060798955163042, 'privileged_promotion': 0.021955292095784784, 'protected_demotion': 0.5794002925334577, 'protected_promotion': 0.167691348847953}, 'corr': [0.0931529311475826, 0.0006331037854109161, 1.0, 0.06791682233491302, 0.04481601124698501, 0.26955744930122183, 0.005131440098826536, 0.0440112472896473, 0.06451372662508054, 0.08458889802497334, 0.10645543476849864, 0.032454532563875524, 0.002621052861836258, 0.0049559113809191325, 0.006331801937945235, 0.003101429167736041, 0.011415758167678959, 0.01193728452567073, 0.02624174122786116, 0.015904158391320557, 0.028006641624529274, 0.013915410034949451, 0.015583283721443063, 0.02902129375936623, 0.010731489934577107, 0.006651910588910397, 0.0018957059919273115, 0.053329621045047244, 0.05320724660668678, 0.23548112422235673, 0.018216002961722273, 0.43547180044759265, 0.03618301242632242, 0.1767364263023397, 0.11057247363896258, 0.17718909693216775, 0.27653367321770206, 0.012283813665969605, 0.2284114352752249, 0.02950020938541191, 0.10193055262580429, 0.09368863011650898, 0.03715249532343919, 0.16839691334400858, 0.09094120716092238, 0.03425226490172145, 0.06284270450426736, 0.02735156424040557, 0.02256573632265817, 0.13412735614402752, 0.5820219733837128, 0.17510183539711605, 0.049922811862520386, 0.09682297312073267, 0.3222361500435902, 0.31957028917155705, 0.016766915359720372, 0.008226621073435867, 0.1145205666371852, 0.006509217860562343, 0.10667701373537437, 0.008509032996410123, 0.000441815385545777, 0.006681099384948941, 0.005870505423006612, 0.0025850976347697387, 0.019397729785570115, 0.0019765093888212877, 0.004768078115877854, 0.007730305678689689, 0.0020921925227009234, 0.02086478838350712, 0.00808575609853864, 9.136322588864401e-05, 0.0018538585343962413, 0.0, 0.011483286391759953, 0.0005924609028293218, 0.0014313297205384662, 0.02434352082676535, 0.01300315866048406, 0.00041177717411156425, 0.009020748090437085, 0.02230755615563406, 0.0006514825347460182, 0.0024257391680393113, 0.035376265801906344, 0.01604335599381836, 0.009098360681868516, 0.0073291221767846, 0.01636069324876212, 0.007508523023482505, 0.008602999625234371, 0.009558513277075036, 0.0003254877919106305, 0.0117335702586859, 0.006679202905810484, 0.007441778602535594, 0.008694452201544599, 6.517642658733811e-05, 0.007627159345763049, 0.004333099216858567]}, {'overall_acc': 0.5854063018242123, 'bal_acc': 0.5556768891743281, 'avg_odds_diff': 0.7690787073363264, 'disp_imp': 6.8660998074875454, 'stat_par_diff': 0.8458318724647422, 'eq_opp_diff': 0.5749941666018511, 'theil_ind': 0.18856707266429756, 'TPR': 0.4980034227039361, 'TNR': 0.6133503556447201, 'FPR': 0.38664964435527993, 'FNR': 0.5019965772960638, 'GTPR': 1.0, 'GTNR': 1.0, 'GFPR': 0.0, 'GFNR': 0.0, 'PPV': 0.2916805880387571, 'NPV': 0.7925995757718596, 'FDR': 0.7083194119612429, 'FOR': 0.20740042422814048, 'ACC': 0.5854063018242123, 'MCC': 0.09687576931387873, 'f1_score': 0.3678887484197219, 'fitness': -0.7489561031508635, 'solution': {'corr_type': 'spearman', 'l2': 0.0001, 'dropout': 0.06188975671587034, 'privileged_demotion': 0.37973710477803757, 'privileged_promotion': 0.047457079321283596, 'protected_demotion': 0.5974535954728215, 'protected_promotion': 0.57938902853071}, 'corr': [0.0931529311475826, 0.0006331037854109161, 1.0, 0.06791682233491302, 0.04481601124698501, 0.26955744930122183, 0.005131440098826536, 0.0440112472896473, 0.06451372662508054, 0.08458889802497334, 0.10645543476849864, 0.032454532563875524, 0.002621052861836258, 0.0049559113809191325, 0.006331801937945235, 0.003101429167736041, 0.011415758167678959, 0.01193728452567073, 0.02624174122786116, 0.015904158391320557, 0.028006641624529274, 0.013915410034949451, 0.015583283721443063, 0.02902129375936623, 0.010731489934577107, 0.006651910588910397, 0.0018957059919273115, 0.053329621045047244, 0.05320724660668678, 0.23548112422235673, 0.018216002961722273, 0.43547180044759265, 0.03618301242632242, 0.1767364263023397, 0.11057247363896258, 0.17718909693216775, 0.27653367321770206, 0.012283813665969605, 0.2284114352752249, 0.02950020938541191, 0.10193055262580429, 0.09368863011650898, 0.03715249532343919, 0.16839691334400858, 0.09094120716092238, 0.03425226490172145, 0.06284270450426736, 0.02735156424040557, 0.02256573632265817, 0.13412735614402752, 0.5820219733837128, 0.17510183539711605, 0.049922811862520386, 0.09682297312073267, 0.3222361500435902, 0.31957028917155705, 0.016766915359720372, 0.008226621073435867, 0.1145205666371852, 0.006509217860562343, 0.10667701373537437, 0.008509032996410123, 0.000441815385545777, 0.006681099384948941, 0.005870505423006612, 0.0025850976347697387, 0.019397729785570115, 0.0019765093888212877, 0.004768078115877854, 0.007730305678689689, 0.0020921925227009234, 0.02086478838350712, 0.00808575609853864, 9.136322588864401e-05, 0.0018538585343962413, 0.0, 0.011483286391759953, 0.0005924609028293218, 0.0014313297205384662, 0.02434352082676535, 0.01300315866048406, 0.00041177717411156425, 0.009020748090437085, 0.02230755615563406, 0.0006514825347460182, 0.0024257391680393113, 0.035376265801906344, 0.01604335599381836, 0.009098360681868516, 0.0073291221767846, 0.01636069324876212, 0.007508523023482505, 0.008602999625234371, 0.009558513277075036, 0.0003254877919106305, 0.0117335702586859, 0.006679202905810484, 0.007441778602535594, 0.008694452201544599, 6.517642658733811e-05, 0.007627159345763049, 0.004333099216858567]}, {'overall_acc': 0.8331951354339414, 'bal_acc': 0.6770768102496759, 'avg_odds_diff': 0.1865145585770287, 'disp_imp': 0.06919447351649702, 'stat_par_diff': 0.14006442925385504, 'eq_opp_diff': 0.3433538150423894, 'theil_ind': 0.17104980177144394, 'TPR': 0.3742156303479749, 'TNR': 0.979937990151377, 'FPR': 0.020062009848623018, 'FNR': 0.6257843696520251, 'GTPR': 1.0, 'GTNR': 1.0, 'GFPR': 0.0, 'GFNR': 0.0, 'PPV': 0.856396866840731, 'NPV': 0.8304482225656878, 'FDR': 0.14360313315926893, 'FOR': 0.1695517774343122, 'ACC': 0.8331951354339414, 'MCC': 0.49320246870376094, 'f1_score': 0.5208416038110361, 'fitness': 0.3531380394499059, 'solution': {'corr_type': 'spearman', 'l2': 0.0001, 'dropout': 0.0684698540593316, 'privileged_demotion': 0.3711759713643179, 'privileged_promotion': 0.0028977709936733875, 'protected_demotion': 0.0219934496207127, 'protected_promotion': 0.982272769811252}, 'corr': [0.0931529311475826, 0.0006331037854109161, 1.0, 0.06791682233491302, 0.04481601124698501, 0.26955744930122183, 0.005131440098826536, 0.0440112472896473, 0.06451372662508054, 0.08458889802497334, 0.10645543476849864, 0.032454532563875524, 0.002621052861836258, 0.0049559113809191325, 0.006331801937945235, 0.003101429167736041, 0.011415758167678959, 0.01193728452567073, 0.02624174122786116, 0.015904158391320557, 0.028006641624529274, 0.013915410034949451, 0.015583283721443063, 0.02902129375936623, 0.010731489934577107, 0.006651910588910397, 0.0018957059919273115, 0.053329621045047244, 0.05320724660668678, 0.23548112422235673, 0.018216002961722273, 0.43547180044759265, 0.03618301242632242, 0.1767364263023397, 0.11057247363896258, 0.17718909693216775, 0.27653367321770206, 0.012283813665969605, 0.2284114352752249, 0.02950020938541191, 0.10193055262580429, 0.09368863011650898, 0.03715249532343919, 0.16839691334400858, 0.09094120716092238, 0.03425226490172145, 0.06284270450426736, 0.02735156424040557, 0.02256573632265817, 0.13412735614402752, 0.5820219733837128, 0.17510183539711605, 0.049922811862520386, 0.09682297312073267, 0.3222361500435902, 0.31957028917155705, 0.016766915359720372, 0.008226621073435867, 0.1145205666371852, 0.006509217860562343, 0.10667701373537437, 0.008509032996410123, 0.000441815385545777, 0.006681099384948941, 0.005870505423006612, 0.0025850976347697387, 0.019397729785570115, 0.0019765093888212877, 0.004768078115877854, 0.007730305678689689, 0.0020921925227009234, 0.02086478838350712, 0.00808575609853864, 9.136322588864401e-05, 0.0018538585343962413, 0.0, 0.011483286391759953, 0.0005924609028293218, 0.0014313297205384662, 0.02434352082676535, 0.01300315866048406, 0.00041177717411156425, 0.009020748090437085, 0.02230755615563406, 0.0006514825347460182, 0.0024257391680393113, 0.035376265801906344, 0.01604335599381836, 0.009098360681868516, 0.0073291221767846, 0.01636069324876212, 0.007508523023482505, 0.008602999625234371, 0.009558513277075036, 0.0003254877919106305, 0.0117335702586859, 0.006679202905810484, 0.007441778602535594, 0.008694452201544599, 6.517642658733811e-05, 0.007627159345763049, 0.004333099216858567]}, {'overall_acc': 0.8309839690436706, 'bal_acc': 0.6694086550151019, 'avg_odds_diff': 0.03324018996492495, 'disp_imp': 0.3222606930307581, 'stat_par_diff': 0.08576542842198477, 'eq_opp_diff': 0.04925721396904409, 'theil_ind': 0.17537261999166967, 'TPR': 0.3559612093553908, 'TNR': 0.9828561006748131, 'FPR': 0.01714389932518694, 'FNR': 0.6440387906446092, 'GTPR': 1.0, 'GTNR': 1.0, 'GFPR': 0.0, 'GFNR': 0.0, 'PPV': 0.8690807799442897, 'NPV': 0.8267873580853022, 'FDR': 0.1309192200557103, 'FOR': 0.17321264191469776, 'ACC': 0.8309839690436706, 'MCC': 0.48556376580518545, 'f1_score': 0.5050586806960745, 'fitness': 0.3997983373832007, 'solution': {'corr_type': 'spearman', 'l2': 0.001, 'dropout': 0.005945509821397318, 'privileged_demotion': 0.4092915537275, 'privileged_promotion': 0.01064999524863075, 'protected_demotion': 0.5921947939565096, 'protected_promotion': 0.28322053740380465}, 'corr': [0.0931529311475826, 0.0006331037854109161, 1.0, 0.06791682233491302, 0.04481601124698501, 0.26955744930122183, 0.005131440098826536, 0.0440112472896473, 0.06451372662508054, 0.08458889802497334, 0.10645543476849864, 0.032454532563875524, 0.002621052861836258, 0.0049559113809191325, 0.006331801937945235, 0.003101429167736041, 0.011415758167678959, 0.01193728452567073, 0.02624174122786116, 0.015904158391320557, 0.028006641624529274, 0.013915410034949451, 0.015583283721443063, 0.02902129375936623, 0.010731489934577107, 0.006651910588910397, 0.0018957059919273115, 0.053329621045047244, 0.05320724660668678, 0.23548112422235673, 0.018216002961722273, 0.43547180044759265, 0.03618301242632242, 0.1767364263023397, 0.11057247363896258, 0.17718909693216775, 0.27653367321770206, 0.012283813665969605, 0.2284114352752249, 0.02950020938541191, 0.10193055262580429, 0.09368863011650898, 0.03715249532343919, 0.16839691334400858, 0.09094120716092238, 0.03425226490172145, 0.06284270450426736, 0.02735156424040557, 0.02256573632265817, 0.13412735614402752, 0.5820219733837128, 0.17510183539711605, 0.049922811862520386, 0.09682297312073267, 0.3222361500435902, 0.31957028917155705, 0.016766915359720372, 0.008226621073435867, 0.1145205666371852, 0.006509217860562343, 0.10667701373537437, 0.008509032996410123, 0.000441815385545777, 0.006681099384948941, 0.005870505423006612, 0.0025850976347697387, 0.019397729785570115, 0.0019765093888212877, 0.004768078115877854, 0.007730305678689689, 0.0020921925227009234, 0.02086478838350712, 0.00808575609853864, 9.136322588864401e-05, 0.0018538585343962413, 0.0, 0.011483286391759953, 0.0005924609028293218, 0.0014313297205384662, 0.02434352082676535, 0.01300315866048406, 0.00041177717411156425, 0.009020748090437085, 0.02230755615563406, 0.0006514825347460182, 0.0024257391680393113, 0.035376265801906344, 0.01604335599381836, 0.009098360681868516, 0.0073291221767846, 0.01636069324876212, 0.007508523023482505, 0.008602999625234371, 0.009558513277075036, 0.0003254877919106305, 0.0117335702586859, 0.006679202905810484, 0.007441778602535594, 0.008694452201544599, 6.517642658733811e-05, 0.007627159345763049, 0.004333099216858567]}, {'overall_acc': 0.8485351022664456, 'bal_acc': 0.770827821387249, 'avg_odds_diff': 0.17250984593257718, 'disp_imp': 0.1988219445260585, 'stat_par_diff': 0.22551919306384727, 'eq_opp_diff': 0.23624484716496846, 'theil_ind': 0.11831650066081426, 'TPR': 0.6200798630918426, 'TNR': 0.9215757796826555, 'FPR': 0.07842422031734451, 'FNR': 0.37992013690815746, 'GTPR': 1.0, 'GTNR': 1.0, 'GFPR': 0.0, 'GFNR': 0.0, 'PPV': 0.7165458141067897, 'NPV': 0.8835460744885469, 'FDR': 0.2834541858932103, 'FOR': 0.11645392551145305, 'ACC': 0.8485351022664456, 'MCC': 0.570125563048062, 'f1_score': 0.6648318042813456, 'fitness': 0.3446063699842147, 'solution': {'corr_type': 'spearman', 'l2': 0.0001, 'dropout': 0.07934021581914011, 'privileged_demotion': 0.3717093345661141, 'privileged_promotion': 0.4608934057450081, 'protected_demotion': 0.47884173070810804, 'protected_promotion': 0.24241116691729758}, 'corr': [0.0931529311475826, 0.0006331037854109161, 1.0, 0.06791682233491302, 0.04481601124698501, 0.26955744930122183, 0.005131440098826536, 0.0440112472896473, 0.06451372662508054, 0.08458889802497334, 0.10645543476849864, 0.032454532563875524, 0.002621052861836258, 0.0049559113809191325, 0.006331801937945235, 0.003101429167736041, 0.011415758167678959, 0.01193728452567073, 0.02624174122786116, 0.015904158391320557, 0.028006641624529274, 0.013915410034949451, 0.015583283721443063, 0.02902129375936623, 0.010731489934577107, 0.006651910588910397, 0.0018957059919273115, 0.053329621045047244, 0.05320724660668678, 0.23548112422235673, 0.018216002961722273, 0.43547180044759265, 0.03618301242632242, 0.1767364263023397, 0.11057247363896258, 0.17718909693216775, 0.27653367321770206, 0.012283813665969605, 0.2284114352752249, 0.02950020938541191, 0.10193055262580429, 0.09368863011650898, 0.03715249532343919, 0.16839691334400858, 0.09094120716092238, 0.03425226490172145, 0.06284270450426736, 0.02735156424040557, 0.02256573632265817, 0.13412735614402752, 0.5820219733837128, 0.17510183539711605, 0.049922811862520386, 0.09682297312073267, 0.3222361500435902, 0.31957028917155705, 0.016766915359720372, 0.008226621073435867, 0.1145205666371852, 0.006509217860562343, 0.10667701373537437, 0.008509032996410123, 0.000441815385545777, 0.006681099384948941, 0.005870505423006612, 0.0025850976347697387, 0.019397729785570115, 0.0019765093888212877, 0.004768078115877854, 0.007730305678689689, 0.0020921925227009234, 0.02086478838350712, 0.00808575609853864, 9.136322588864401e-05, 0.0018538585343962413, 0.0, 0.011483286391759953, 0.0005924609028293218, 0.0014313297205384662, 0.02434352082676535, 0.01300315866048406, 0.00041177717411156425, 0.009020748090437085, 0.02230755615563406, 0.0006514825347460182, 0.0024257391680393113, 0.035376265801906344, 0.01604335599381836, 0.009098360681868516, 0.0073291221767846, 0.01636069324876212, 0.007508523023482505, 0.008602999625234371, 0.009558513277075036, 0.0003254877919106305, 0.0117335702586859, 0.006679202905810484, 0.007441778602535594, 0.008694452201544599, 6.517642658733811e-05, 0.007627159345763049, 0.004333099216858567]}, {'overall_acc': 0.4085129906025428, 'bal_acc': 0.3888915997057336, 'avg_odds_diff': 0.6567331016989858, 'disp_imp': 0.00628187058241734, 'stat_par_diff': 0.754911399877969, 'eq_opp_diff': 0.40682637214487566, 'theil_ind': 0.22692677740312434, 'TPR': 0.35082715345122645, 'TNR': 0.4269560459602407, 'FPR': 0.5730439540397593, 'FNR': 0.6491728465487735, 'GTPR': 1.0, 'GTNR': 1.0, 'GFPR': 0.0, 'GFNR': 0.0, 'PPV': 0.16369443705083844, 'NPV': 0.6728945099166427, 'FDR': 0.8363055629491616, 'FOR': 0.32710549008335726, 'ACC': 0.4085129906025428, 'MCC': -0.19055886593304805, 'f1_score': 0.22323049001814882, 'fitness': -0.945470265811017, 'solution': {'corr_type': 'spearman', 'l2': 0.0001, 'dropout': 0.08225496256719235, 'privileged_demotion': 0.5890884926506734, 'privileged_promotion': 0.4668354833137027, 'protected_demotion': 0.4606209990279927, 'protected_promotion': 0.46528708826420584}, 'corr': [0.0931529311475826, 0.0006331037854109161, 1.0, 0.06791682233491302, 0.04481601124698501, 0.26955744930122183, 0.005131440098826536, 0.0440112472896473, 0.06451372662508054, 0.08458889802497334, 0.10645543476849864, 0.032454532563875524, 0.002621052861836258, 0.0049559113809191325, 0.006331801937945235, 0.003101429167736041, 0.011415758167678959, 0.01193728452567073, 0.02624174122786116, 0.015904158391320557, 0.028006641624529274, 0.013915410034949451, 0.015583283721443063, 0.02902129375936623, 0.010731489934577107, 0.006651910588910397, 0.0018957059919273115, 0.053329621045047244, 0.05320724660668678, 0.23548112422235673, 0.018216002961722273, 0.43547180044759265, 0.03618301242632242, 0.1767364263023397, 0.11057247363896258, 0.17718909693216775, 0.27653367321770206, 0.012283813665969605, 0.2284114352752249, 0.02950020938541191, 0.10193055262580429, 0.09368863011650898, 0.03715249532343919, 0.16839691334400858, 0.09094120716092238, 0.03425226490172145, 0.06284270450426736, 0.02735156424040557, 0.02256573632265817, 0.13412735614402752, 0.5820219733837128, 0.17510183539711605, 0.049922811862520386, 0.09682297312073267, 0.3222361500435902, 0.31957028917155705, 0.016766915359720372, 0.008226621073435867, 0.1145205666371852, 0.006509217860562343, 0.10667701373537437, 0.008509032996410123, 0.000441815385545777, 0.006681099384948941, 0.005870505423006612, 0.0025850976347697387, 0.019397729785570115, 0.0019765093888212877, 0.004768078115877854, 0.007730305678689689, 0.0020921925227009234, 0.02086478838350712, 0.00808575609853864, 9.136322588864401e-05, 0.0018538585343962413, 0.0, 0.011483286391759953, 0.0005924609028293218, 0.0014313297205384662, 0.02434352082676535, 0.01300315866048406, 0.00041177717411156425, 0.009020748090437085, 0.02230755615563406, 0.0006514825347460182, 0.0024257391680393113, 0.035376265801906344, 0.01604335599381836, 0.009098360681868516, 0.0073291221767846, 0.01636069324876212, 0.007508523023482505, 0.008602999625234371, 0.009558513277075036, 0.0003254877919106305, 0.0117335702586859, 0.006679202905810484, 0.007441778602535594, 0.008694452201544599, 6.517642658733811e-05, 0.007627159345763049, 0.004333099216858567]}, {'overall_acc': 0.15630182421227198, 'bal_acc': 0.2595286743790042, 'avg_odds_diff': 0.18624377731992267, 'disp_imp': 1.2648360832212466, 'stat_par_diff': 0.2012990549408299, 'eq_opp_diff': 0.28803505224132125, 'theil_ind': 0.16600291559770475, 'TPR': 0.4597832287507131, 'TNR': 0.059274120007295275, 'FPR': 0.9407258799927047, 'FNR': 0.5402167712492869, 'GTPR': 1.0, 'GTNR': 1.0, 'GFPR': 0.0, 'GFNR': 0.0, 'PPV': 0.1351441985244802, 'NPV': 0.2555031446540881, 'FDR': 0.8648558014755198, 'FOR': 0.7444968553459119, 'ACC': 0.15630182421227198, 'MCC': -0.5413535649767635, 'f1_score': 0.2088894648179344, 'fitness': -0.7426526199175933, 'solution': {'corr_type': 'spearman', 'l2': 0.0001, 'dropout': 0.08138569848502092, 'privileged_demotion': 0.534011310869928, 'privileged_promotion': 0.48464191230244236, 'protected_demotion': 0.9534366695270028, 'protected_promotion': 0.4331770628946138}, 'corr': [0.0931529311475826, 0.0006331037854109161, 1.0, 0.06791682233491302, 0.04481601124698501, 0.26955744930122183, 0.005131440098826536, 0.0440112472896473, 0.06451372662508054, 0.08458889802497334, 0.10645543476849864, 0.032454532563875524, 0.002621052861836258, 0.0049559113809191325, 0.006331801937945235, 0.003101429167736041, 0.011415758167678959, 0.01193728452567073, 0.02624174122786116, 0.015904158391320557, 0.028006641624529274, 0.013915410034949451, 0.015583283721443063, 0.02902129375936623, 0.010731489934577107, 0.006651910588910397, 0.0018957059919273115, 0.053329621045047244, 0.05320724660668678, 0.23548112422235673, 0.018216002961722273, 0.43547180044759265, 0.03618301242632242, 0.1767364263023397, 0.11057247363896258, 0.17718909693216775, 0.27653367321770206, 0.012283813665969605, 0.2284114352752249, 0.02950020938541191, 0.10193055262580429, 0.09368863011650898, 0.03715249532343919, 0.16839691334400858, 0.09094120716092238, 0.03425226490172145, 0.06284270450426736, 0.02735156424040557, 0.02256573632265817, 0.13412735614402752, 0.5820219733837128, 0.17510183539711605, 0.049922811862520386, 0.09682297312073267, 0.3222361500435902, 0.31957028917155705, 0.016766915359720372, 0.008226621073435867, 0.1145205666371852, 0.006509217860562343, 0.10667701373537437, 0.008509032996410123, 0.000441815385545777, 0.006681099384948941, 0.005870505423006612, 0.0025850976347697387, 0.019397729785570115, 0.0019765093888212877, 0.004768078115877854, 0.007730305678689689, 0.0020921925227009234, 0.02086478838350712, 0.00808575609853864, 9.136322588864401e-05, 0.0018538585343962413, 0.0, 0.011483286391759953, 0.0005924609028293218, 0.0014313297205384662, 0.02434352082676535, 0.01300315866048406, 0.00041177717411156425, 0.009020748090437085, 0.02230755615563406, 0.0006514825347460182, 0.0024257391680393113, 0.035376265801906344, 0.01604335599381836, 0.009098360681868516, 0.0073291221767846, 0.01636069324876212, 0.007508523023482505, 0.008602999625234371, 0.009558513277075036, 0.0003254877919106305, 0.0117335702586859, 0.006679202905810484, 0.007441778602535594, 0.008694452201544599, 6.517642658733811e-05, 0.007627159345763049, 0.004333099216858567]}, {'overall_acc': 0.5728302929795467, 'bal_acc': 0.5349603124275948, 'avg_odds_diff': 0.7985050485279797, 'disp_imp': 7.5447495789498165, 'stat_par_diff': 0.8667048215482113, 'eq_opp_diff': 0.6268932617769827, 'theil_ind': 0.198897484672352, 'TPR': 0.4614945807187678, 'TNR': 0.6084260441364217, 'FPR': 0.39157395586357835, 'FNR': 0.5385054192812322, 'GTPR': 1.0, 'GTNR': 1.0, 'GFPR': 0.0, 'GFNR': 0.0, 'PPV': 0.273680649526387, 'NPV': 0.7794392523364486, 'FDR': 0.726319350473613, 'FOR': 0.2205607476635514, 'ACC': 0.5728302929795467, 'MCC': 0.06094404589864219, 'f1_score': 0.34359736674453173, 'fitness': -0.805760775649569, 'solution': {'corr_type': 'spearman', 'l2': 0.0001, 'dropout': 0.09001973760072322, 'privileged_demotion': 0.6088923870890836, 'privileged_promotion': 0.2337089394178953, 'protected_demotion': 0.9739960905572039, 'protected_promotion': 0.4355431199249546}, 'corr': [0.0931529311475826, 0.0006331037854109161, 1.0, 0.06791682233491302, 0.04481601124698501, 0.26955744930122183, 0.005131440098826536, 0.0440112472896473, 0.06451372662508054, 0.08458889802497334, 0.10645543476849864, 0.032454532563875524, 0.002621052861836258, 0.0049559113809191325, 0.006331801937945235, 0.003101429167736041, 0.011415758167678959, 0.01193728452567073, 0.02624174122786116, 0.015904158391320557, 0.028006641624529274, 0.013915410034949451, 0.015583283721443063, 0.02902129375936623, 0.010731489934577107, 0.006651910588910397, 0.0018957059919273115, 0.053329621045047244, 0.05320724660668678, 0.23548112422235673, 0.018216002961722273, 0.43547180044759265, 0.03618301242632242, 0.1767364263023397, 0.11057247363896258, 0.17718909693216775, 0.27653367321770206, 0.012283813665969605, 0.2284114352752249, 0.02950020938541191, 0.10193055262580429, 0.09368863011650898, 0.03715249532343919, 0.16839691334400858, 0.09094120716092238, 0.03425226490172145, 0.06284270450426736, 0.02735156424040557, 0.02256573632265817, 0.13412735614402752, 0.5820219733837128, 0.17510183539711605, 0.049922811862520386, 0.09682297312073267, 0.3222361500435902, 0.31957028917155705, 0.016766915359720372, 0.008226621073435867, 0.1145205666371852, 0.006509217860562343, 0.10667701373537437, 0.008509032996410123, 0.000441815385545777, 0.006681099384948941, 0.005870505423006612, 0.0025850976347697387, 0.019397729785570115, 0.0019765093888212877, 0.004768078115877854, 0.007730305678689689, 0.0020921925227009234, 0.02086478838350712, 0.00808575609853864, 9.136322588864401e-05, 0.0018538585343962413, 0.0, 0.011483286391759953, 0.0005924609028293218, 0.0014313297205384662, 0.02434352082676535, 0.01300315866048406, 0.00041177717411156425, 0.009020748090437085, 0.02230755615563406, 0.0006514825347460182, 0.0024257391680393113, 0.035376265801906344, 0.01604335599381836, 0.009098360681868516, 0.0073291221767846, 0.01636069324876212, 0.007508523023482505, 0.008602999625234371, 0.009558513277075036, 0.0003254877919106305, 0.0117335702586859, 0.006679202905810484, 0.007441778602535594, 0.008694452201544599, 6.517642658733811e-05, 0.007627159345763049, 0.004333099216858567]}, {'overall_acc': 0.839828634604754, 'bal_acc': 0.6981409322118806, 'avg_odds_diff': 0.03203604850571598, 'disp_imp': 0.45466613865131483, 'stat_par_diff': 0.08117522900627355, 'eq_opp_diff': 0.04906276736408183, 'theil_ind': 0.1591921262119921, 'TPR': 0.4232743867655448, 'TNR': 0.9730074776582163, 'FPR': 0.026992522341783697, 'FNR': 0.5767256132344553, 'GTPR': 1.0, 'GTNR': 1.0, 'GFPR': 0.0, 'GFNR': 0.0, 'PPV': 0.8337078651685393, 'NPV': 0.8406870469587141, 'FDR': 0.1662921348314607, 'FOR': 0.15931295304128584, 'ACC': 0.839828634604754, 'MCC': 0.5169627386337303, 'f1_score': 0.5614831630722664, 'fitness': 0.43578750962745677, 'solution': {'corr_type': 'spearman', 'l2': 0.0001, 'dropout': 0.029165965013372517, 'privileged_demotion': 0.5622118948238156, 'privileged_promotion': 0.22322590773812453, 'protected_demotion': 0.4083959056413564, 'protected_promotion': 0.430311306180167}, 'corr': [0.0931529311475826, 0.0006331037854109161, 1.0, 0.06791682233491302, 0.04481601124698501, 0.26955744930122183, 0.005131440098826536, 0.0440112472896473, 0.06451372662508054, 0.08458889802497334, 0.10645543476849864, 0.032454532563875524, 0.002621052861836258, 0.0049559113809191325, 0.006331801937945235, 0.003101429167736041, 0.011415758167678959, 0.01193728452567073, 0.02624174122786116, 0.015904158391320557, 0.028006641624529274, 0.013915410034949451, 0.015583283721443063, 0.02902129375936623, 0.010731489934577107, 0.006651910588910397, 0.0018957059919273115, 0.053329621045047244, 0.05320724660668678, 0.23548112422235673, 0.018216002961722273, 0.43547180044759265, 0.03618301242632242, 0.1767364263023397, 0.11057247363896258, 0.17718909693216775, 0.27653367321770206, 0.012283813665969605, 0.2284114352752249, 0.02950020938541191, 0.10193055262580429, 0.09368863011650898, 0.03715249532343919, 0.16839691334400858, 0.09094120716092238, 0.03425226490172145, 0.06284270450426736, 0.02735156424040557, 0.02256573632265817, 0.13412735614402752, 0.5820219733837128, 0.17510183539711605, 0.049922811862520386, 0.09682297312073267, 0.3222361500435902, 0.31957028917155705, 0.016766915359720372, 0.008226621073435867, 0.1145205666371852, 0.006509217860562343, 0.10667701373537437, 0.008509032996410123, 0.000441815385545777, 0.006681099384948941, 0.005870505423006612, 0.0025850976347697387, 0.019397729785570115, 0.0019765093888212877, 0.004768078115877854, 0.007730305678689689, 0.0020921925227009234, 0.02086478838350712, 0.00808575609853864, 9.136322588864401e-05, 0.0018538585343962413, 0.0, 0.011483286391759953, 0.0005924609028293218, 0.0014313297205384662, 0.02434352082676535, 0.01300315866048406, 0.00041177717411156425, 0.009020748090437085, 0.02230755615563406, 0.0006514825347460182, 0.0024257391680393113, 0.035376265801906344, 0.01604335599381836, 0.009098360681868516, 0.0073291221767846, 0.01636069324876212, 0.007508523023482505, 0.008602999625234371, 0.009558513277075036, 0.0003254877919106305, 0.0117335702586859, 0.006679202905810484, 0.007441778602535594, 0.008694452201544599, 6.517642658733811e-05, 0.007627159345763049, 0.004333099216858567]}, {'overall_acc': 0.4107241569928137, 'bal_acc': 0.3979179955593699, 'avg_odds_diff': 0.6724101740677109, 'disp_imp': 0.004490711042529588, 'stat_par_diff': 0.7693948286791563, 'eq_opp_diff': 0.4283684633532965, 'theil_ind': 0.22052497342695643, 'TPR': 0.3730747290359384, 'TNR': 0.4227612620828014, 'FPR': 0.5772387379171986, 'FNR': 0.6269252709640616, 'GTPR': 1.0, 'GTNR': 1.0, 'GFPR': 0.0, 'GFNR': 0.0, 'PPV': 0.17124901806755696, 'NPV': 0.678372841673983, 'FDR': 0.828750981932443, 'FOR': 0.32162715832601696, 'ACC': 0.4107241569928137, 'MCC': -0.17521930248484502, 'f1_score': 0.2347451543431443, 'fitness': -0.9446141311640013, 'solution': {'corr_type': 'spearman', 'l2': 0.0001, 'dropout': 0.08305954386183499, 'privileged_demotion': 0.5910641852209931, 'privileged_promotion': 0.4581051863694286, 'protected_demotion': 0.4744348552950942, 'protected_promotion': 0.4331240748756406}, 'corr': [0.0931529311475826, 0.0006331037854109161, 1.0, 0.06791682233491302, 0.04481601124698501, 0.26955744930122183, 0.005131440098826536, 0.0440112472896473, 0.06451372662508054, 0.08458889802497334, 0.10645543476849864, 0.032454532563875524, 0.002621052861836258, 0.0049559113809191325, 0.006331801937945235, 0.003101429167736041, 0.011415758167678959, 0.01193728452567073, 0.02624174122786116, 0.015904158391320557, 0.028006641624529274, 0.013915410034949451, 0.015583283721443063, 0.02902129375936623, 0.010731489934577107, 0.006651910588910397, 0.0018957059919273115, 0.053329621045047244, 0.05320724660668678, 0.23548112422235673, 0.018216002961722273, 0.43547180044759265, 0.03618301242632242, 0.1767364263023397, 0.11057247363896258, 0.17718909693216775, 0.27653367321770206, 0.012283813665969605, 0.2284114352752249, 0.02950020938541191, 0.10193055262580429, 0.09368863011650898, 0.03715249532343919, 0.16839691334400858, 0.09094120716092238, 0.03425226490172145, 0.06284270450426736, 0.02735156424040557, 0.02256573632265817, 0.13412735614402752, 0.5820219733837128, 0.17510183539711605, 0.049922811862520386, 0.09682297312073267, 0.3222361500435902, 0.31957028917155705, 0.016766915359720372, 0.008226621073435867, 0.1145205666371852, 0.006509217860562343, 0.10667701373537437, 0.008509032996410123, 0.000441815385545777, 0.006681099384948941, 0.005870505423006612, 0.0025850976347697387, 0.019397729785570115, 0.0019765093888212877, 0.004768078115877854, 0.007730305678689689, 0.0020921925227009234, 0.02086478838350712, 0.00808575609853864, 9.136322588864401e-05, 0.0018538585343962413, 0.0, 0.011483286391759953, 0.0005924609028293218, 0.0014313297205384662, 0.02434352082676535, 0.01300315866048406, 0.00041177717411156425, 0.009020748090437085, 0.02230755615563406, 0.0006514825347460182, 0.0024257391680393113, 0.035376265801906344, 0.01604335599381836, 0.009098360681868516, 0.0073291221767846, 0.01636069324876212, 0.007508523023482505, 0.008602999625234371, 0.009558513277075036, 0.0003254877919106305, 0.0117335702586859, 0.006679202905810484, 0.007441778602535594, 0.008694452201544599, 6.517642658733811e-05, 0.007627159345763049, 0.004333099216858567]}, {'overall_acc': 0.8294637921503594, 'bal_acc': 0.6654950389103945, 'avg_odds_diff': 0.08092075612184317, 'disp_imp': 0.6350315318397128, 'stat_par_diff': 0.03989413999967446, 'eq_opp_diff': 0.16075030463301443, 'theil_ind': 0.1776089451917411, 'TPR': 0.34740444951511695, 'TNR': 0.9835856283056721, 'FPR': 0.016414371694327922, 'FNR': 0.652595550484883, 'GTPR': 1.0, 'GTNR': 1.0, 'GFPR': 0.0, 'GFNR': 0.0, 'PPV': 0.871244635193133, 'NPV': 0.8249961756157259, 'FDR': 0.12875536480686695, 'FOR': 0.17500382438427414, 'ACC': 0.8294637921503594, 'MCC': 0.48005083079985755, 'f1_score': 0.4967373572593802, 'fitness': 0.4401566908001831, 'solution': {'corr_type': 'spearman', 'l2': 0.001, 'dropout': 0.030378576956368628, 'privileged_demotion': 0.6958408338352401, 'privileged_promotion': 0.21131298969089807, 'protected_demotion': 0.17811562170237516, 'protected_promotion': 0.22851693404056128}, 'corr': [0.0931529311475826, 0.0006331037854109161, 1.0, 0.06791682233491302, 0.04481601124698501, 0.26955744930122183, 0.005131440098826536, 0.0440112472896473, 0.06451372662508054, 0.08458889802497334, 0.10645543476849864, 0.032454532563875524, 0.002621052861836258, 0.0049559113809191325, 0.006331801937945235, 0.003101429167736041, 0.011415758167678959, 0.01193728452567073, 0.02624174122786116, 0.015904158391320557, 0.028006641624529274, 0.013915410034949451, 0.015583283721443063, 0.02902129375936623, 0.010731489934577107, 0.006651910588910397, 0.0018957059919273115, 0.053329621045047244, 0.05320724660668678, 0.23548112422235673, 0.018216002961722273, 0.43547180044759265, 0.03618301242632242, 0.1767364263023397, 0.11057247363896258, 0.17718909693216775, 0.27653367321770206, 0.012283813665969605, 0.2284114352752249, 0.02950020938541191, 0.10193055262580429, 0.09368863011650898, 0.03715249532343919, 0.16839691334400858, 0.09094120716092238, 0.03425226490172145, 0.06284270450426736, 0.02735156424040557, 0.02256573632265817, 0.13412735614402752, 0.5820219733837128, 0.17510183539711605, 0.049922811862520386, 0.09682297312073267, 0.3222361500435902, 0.31957028917155705, 0.016766915359720372, 0.008226621073435867, 0.1145205666371852, 0.006509217860562343, 0.10667701373537437, 0.008509032996410123, 0.000441815385545777, 0.006681099384948941, 0.005870505423006612, 0.0025850976347697387, 0.019397729785570115, 0.0019765093888212877, 0.004768078115877854, 0.007730305678689689, 0.0020921925227009234, 0.02086478838350712, 0.00808575609853864, 9.136322588864401e-05, 0.0018538585343962413, 0.0, 0.011483286391759953, 0.0005924609028293218, 0.0014313297205384662, 0.02434352082676535, 0.01300315866048406, 0.00041177717411156425, 0.009020748090437085, 0.02230755615563406, 0.0006514825347460182, 0.0024257391680393113, 0.035376265801906344, 0.01604335599381836, 0.009098360681868516, 0.0073291221767846, 0.01636069324876212, 0.007508523023482505, 0.008602999625234371, 0.009558513277075036, 0.0003254877919106305, 0.0117335702586859, 0.006679202905810484, 0.007441778602535594, 0.008694452201544599, 6.517642658733811e-05, 0.007627159345763049, 0.004333099216858567]}, {'overall_acc': 0.847705914870094, 'bal_acc': 0.7270110102282645, 'avg_odds_diff': 0.05788500830235534, 'disp_imp': 0.5523095870415797, 'stat_par_diff': 0.07771709460401699, 'eq_opp_diff': 0.10834824090638046, 'theil_ind': 0.1430902662414621, 'TPR': 0.49286936679977184, 'TNR': 0.9611526536567573, 'FPR': 0.03884734634324275, 'FNR': 0.5071306332002282, 'GTPR': 1.0, 'GTNR': 1.0, 'GFPR': 0.0, 'GFNR': 0.0, 'PPV': 0.8022284122562674, 'NPV': 0.8556583861016399, 'FDR': 0.1977715877437326, 'FOR': 0.14434161389836012, 'ACC': 0.847705914870094, 'MCC': 0.546530048050548, 'f1_score': 0.610600706713781, 'fitness': 0.46881295344653096, 'solution': {'corr_type': 'spearman', 'l2': 0.001, 'dropout': 0.02338621967999986, 'privileged_demotion': 0.587234535704491, 'privileged_promotion': 0.2188939369070245, 'protected_demotion': 0.19837391112551422, 'protected_promotion': 0.4409687543956826}, 'corr': [0.0931529311475826, 0.0006331037854109161, 1.0, 0.06791682233491302, 0.04481601124698501, 0.26955744930122183, 0.005131440098826536, 0.0440112472896473, 0.06451372662508054, 0.08458889802497334, 0.10645543476849864, 0.032454532563875524, 0.002621052861836258, 0.0049559113809191325, 0.006331801937945235, 0.003101429167736041, 0.011415758167678959, 0.01193728452567073, 0.02624174122786116, 0.015904158391320557, 0.028006641624529274, 0.013915410034949451, 0.015583283721443063, 0.02902129375936623, 0.010731489934577107, 0.006651910588910397, 0.0018957059919273115, 0.053329621045047244, 0.05320724660668678, 0.23548112422235673, 0.018216002961722273, 0.43547180044759265, 0.03618301242632242, 0.1767364263023397, 0.11057247363896258, 0.17718909693216775, 0.27653367321770206, 0.012283813665969605, 0.2284114352752249, 0.02950020938541191, 0.10193055262580429, 0.09368863011650898, 0.03715249532343919, 0.16839691334400858, 0.09094120716092238, 0.03425226490172145, 0.06284270450426736, 0.02735156424040557, 0.02256573632265817, 0.13412735614402752, 0.5820219733837128, 0.17510183539711605, 0.049922811862520386, 0.09682297312073267, 0.3222361500435902, 0.31957028917155705, 0.016766915359720372, 0.008226621073435867, 0.1145205666371852, 0.006509217860562343, 0.10667701373537437, 0.008509032996410123, 0.000441815385545777, 0.006681099384948941, 0.005870505423006612, 0.0025850976347697387, 0.019397729785570115, 0.0019765093888212877, 0.004768078115877854, 0.007730305678689689, 0.0020921925227009234, 0.02086478838350712, 0.00808575609853864, 9.136322588864401e-05, 0.0018538585343962413, 0.0, 0.011483286391759953, 0.0005924609028293218, 0.0014313297205384662, 0.02434352082676535, 0.01300315866048406, 0.00041177717411156425, 0.009020748090437085, 0.02230755615563406, 0.0006514825347460182, 0.0024257391680393113, 0.035376265801906344, 0.01604335599381836, 0.009098360681868516, 0.0073291221767846, 0.01636069324876212, 0.007508523023482505, 0.008602999625234371, 0.009558513277075036, 0.0003254877919106305, 0.0117335702586859, 0.006679202905810484, 0.007441778602535594, 0.008694452201544599, 6.517642658733811e-05, 0.007627159345763049, 0.004333099216858567]}, {'overall_acc': 0.8486733001658375, 'bal_acc': 0.7794565248037834, 'avg_odds_diff': 0.14751193990054884, 'disp_imp': 0.23703739311745514, 'stat_par_diff': 0.22342689197696103, 'eq_opp_diff': 0.1838687096523295, 'theil_ind': 0.11333039758636175, 'TPR': 0.6451796919566457, 'TNR': 0.913733357650921, 'FPR': 0.08626664234907896, 'FNR': 0.35482030804335424, 'GTPR': 1.0, 'GTNR': 1.0, 'GFPR': 0.0, 'GFNR': 0.0, 'PPV': 0.7051122194513716, 'NPV': 0.8895596590909091, 'FDR': 0.2948877805486284, 'FOR': 0.11044034090909091, 'ACC': 0.8486733001658375, 'MCC': 0.576515284404435, 'f1_score': 0.6738159070598748, 'fitness': 0.353088392427474, 'solution': {'corr_type': 'spearman', 'l2': 0.0001, 'dropout': 0.03244564299699691, 'privileged_demotion': 0.24505913976978444, 'privileged_promotion': 0.2797260789509006, 'protected_demotion': 0.3685682837764621, 'protected_promotion': 0.23668384195401915}, 'corr': [0.0931529311475826, 0.0006331037854109161, 1.0, 0.06791682233491302, 0.04481601124698501, 0.26955744930122183, 0.005131440098826536, 0.0440112472896473, 0.06451372662508054, 0.08458889802497334, 0.10645543476849864, 0.032454532563875524, 0.002621052861836258, 0.0049559113809191325, 0.006331801937945235, 0.003101429167736041, 0.011415758167678959, 0.01193728452567073, 0.02624174122786116, 0.015904158391320557, 0.028006641624529274, 0.013915410034949451, 0.015583283721443063, 0.02902129375936623, 0.010731489934577107, 0.006651910588910397, 0.0018957059919273115, 0.053329621045047244, 0.05320724660668678, 0.23548112422235673, 0.018216002961722273, 0.43547180044759265, 0.03618301242632242, 0.1767364263023397, 0.11057247363896258, 0.17718909693216775, 0.27653367321770206, 0.012283813665969605, 0.2284114352752249, 0.02950020938541191, 0.10193055262580429, 0.09368863011650898, 0.03715249532343919, 0.16839691334400858, 0.09094120716092238, 0.03425226490172145, 0.06284270450426736, 0.02735156424040557, 0.02256573632265817, 0.13412735614402752, 0.5820219733837128, 0.17510183539711605, 0.049922811862520386, 0.09682297312073267, 0.3222361500435902, 0.31957028917155705, 0.016766915359720372, 0.008226621073435867, 0.1145205666371852, 0.006509217860562343, 0.10667701373537437, 0.008509032996410123, 0.000441815385545777, 0.006681099384948941, 0.005870505423006612, 0.0025850976347697387, 0.019397729785570115, 0.0019765093888212877, 0.004768078115877854, 0.007730305678689689, 0.0020921925227009234, 0.02086478838350712, 0.00808575609853864, 9.136322588864401e-05, 0.0018538585343962413, 0.0, 0.011483286391759953, 0.0005924609028293218, 0.0014313297205384662, 0.02434352082676535, 0.01300315866048406, 0.00041177717411156425, 0.009020748090437085, 0.02230755615563406, 0.0006514825347460182, 0.0024257391680393113, 0.035376265801906344, 0.01604335599381836, 0.009098360681868516, 0.0073291221767846, 0.01636069324876212, 0.007508523023482505, 0.008602999625234371, 0.009558513277075036, 0.0003254877919106305, 0.0117335702586859, 0.006679202905810484, 0.007441778602535594, 0.008694452201544599, 6.517642658733811e-05, 0.007627159345763049, 0.004333099216858567]}, {'overall_acc': 0.5952183526810393, 'bal_acc': 0.605421112334042, 'avg_odds_diff': 0.5050522854172301, 'disp_imp': 3.0855642194114066, 'stat_par_diff': 0.5832474261951592, 'eq_opp_diff': 0.21045085686137255, 'theil_ind': 0.15439178549539828, 'TPR': 0.6252139189960069, 'TNR': 0.5856283056720774, 'FPR': 0.41437169432792265, 'FNR': 0.37478608100399313, 'GTPR': 1.0, 'GTNR': 1.0, 'GFPR': 0.0, 'GFNR': 0.0, 'PPV': 0.3254156769596199, 'NPV': 0.8301447776628749, 'FDR': 0.6745843230403801, 'FOR': 0.16985522233712513, 'ACC': 0.5952183526810393, 'MCC': 0.18110414772441122, 'f1_score': 0.428041398164421, 'fitness': -0.40214327847074804, 'solution': {'corr_type': 'spearman', 'l2': 0.0001, 'dropout': 0.026751365280922236, 'privileged_demotion': 0.2496870174141983, 'privileged_promotion': 0.2815369061882759, 'protected_demotion': 0.3988694329842236, 'protected_promotion': 0.6630423331855887}, 'corr': [0.0931529311475826, 0.0006331037854109161, 1.0, 0.06791682233491302, 0.04481601124698501, 0.26955744930122183, 0.005131440098826536, 0.0440112472896473, 0.06451372662508054, 0.08458889802497334, 0.10645543476849864, 0.032454532563875524, 0.002621052861836258, 0.0049559113809191325, 0.006331801937945235, 0.003101429167736041, 0.011415758167678959, 0.01193728452567073, 0.02624174122786116, 0.015904158391320557, 0.028006641624529274, 0.013915410034949451, 0.015583283721443063, 0.02902129375936623, 0.010731489934577107, 0.006651910588910397, 0.0018957059919273115, 0.053329621045047244, 0.05320724660668678, 0.23548112422235673, 0.018216002961722273, 0.43547180044759265, 0.03618301242632242, 0.1767364263023397, 0.11057247363896258, 0.17718909693216775, 0.27653367321770206, 0.012283813665969605, 0.2284114352752249, 0.02950020938541191, 0.10193055262580429, 0.09368863011650898, 0.03715249532343919, 0.16839691334400858, 0.09094120716092238, 0.03425226490172145, 0.06284270450426736, 0.02735156424040557, 0.02256573632265817, 0.13412735614402752, 0.5820219733837128, 0.17510183539711605, 0.049922811862520386, 0.09682297312073267, 0.3222361500435902, 0.31957028917155705, 0.016766915359720372, 0.008226621073435867, 0.1145205666371852, 0.006509217860562343, 0.10667701373537437, 0.008509032996410123, 0.000441815385545777, 0.006681099384948941, 0.005870505423006612, 0.0025850976347697387, 0.019397729785570115, 0.0019765093888212877, 0.004768078115877854, 0.007730305678689689, 0.0020921925227009234, 0.02086478838350712, 0.00808575609853864, 9.136322588864401e-05, 0.0018538585343962413, 0.0, 0.011483286391759953, 0.0005924609028293218, 0.0014313297205384662, 0.02434352082676535, 0.01300315866048406, 0.00041177717411156425, 0.009020748090437085, 0.02230755615563406, 0.0006514825347460182, 0.0024257391680393113, 0.035376265801906344, 0.01604335599381836, 0.009098360681868516, 0.0073291221767846, 0.01636069324876212, 0.007508523023482505, 0.008602999625234371, 0.009558513277075036, 0.0003254877919106305, 0.0117335702586859, 0.006679202905810484, 0.007441778602535594, 0.008694452201544599, 6.517642658733811e-05, 0.007627159345763049, 0.004333099216858567]}, {'overall_acc': 0.5004145936981758, 'bal_acc': 0.6424037519277289, 'avg_odds_diff': 0.7677922256461209, 'disp_imp': 0.06777517176483856, 'stat_par_diff': 0.9309014508679649, 'eq_opp_diff': 0.5581395348837209, 'theil_ind': 0.07724732952295602, 'TPR': 0.9178551055333714, 'TNR': 0.3669523983220864, 'FPR': 0.6330476016779135, 'FNR': 0.08214489446662863, 'GTPR': 1.0, 'GTNR': 1.0, 'GFPR': 0.0, 'GFNR': 0.0, 'PPV': 0.31673228346456694, 'NPV': 0.9332096474953617, 'FDR': 0.6832677165354331, 'FOR': 0.06679035250463822, 'ACC': 0.5004145936981758, 'MCC': 0.2668058047822619, 'f1_score': 0.47094980242938683, 'fitness': -0.664095646085703, 'solution': {'corr_type': 'spearman', 'l2': 0.001, 'dropout': 0.028305180645281414, 'privileged_demotion': 0.993497628801026, 'privileged_promotion': 0.14420307124615944, 'protected_demotion': 0.21276865611354256, 'protected_promotion': 0.2049432968463553}, 'corr': [0.0931529311475826, 0.0006331037854109161, 1.0, 0.06791682233491302, 0.04481601124698501, 0.26955744930122183, 0.005131440098826536, 0.0440112472896473, 0.06451372662508054, 0.08458889802497334, 0.10645543476849864, 0.032454532563875524, 0.002621052861836258, 0.0049559113809191325, 0.006331801937945235, 0.003101429167736041, 0.011415758167678959, 0.01193728452567073, 0.02624174122786116, 0.015904158391320557, 0.028006641624529274, 0.013915410034949451, 0.015583283721443063, 0.02902129375936623, 0.010731489934577107, 0.006651910588910397, 0.0018957059919273115, 0.053329621045047244, 0.05320724660668678, 0.23548112422235673, 0.018216002961722273, 0.43547180044759265, 0.03618301242632242, 0.1767364263023397, 0.11057247363896258, 0.17718909693216775, 0.27653367321770206, 0.012283813665969605, 0.2284114352752249, 0.02950020938541191, 0.10193055262580429, 0.09368863011650898, 0.03715249532343919, 0.16839691334400858, 0.09094120716092238, 0.03425226490172145, 0.06284270450426736, 0.02735156424040557, 0.02256573632265817, 0.13412735614402752, 0.5820219733837128, 0.17510183539711605, 0.049922811862520386, 0.09682297312073267, 0.3222361500435902, 0.31957028917155705, 0.016766915359720372, 0.008226621073435867, 0.1145205666371852, 0.006509217860562343, 0.10667701373537437, 0.008509032996410123, 0.000441815385545777, 0.006681099384948941, 0.005870505423006612, 0.0025850976347697387, 0.019397729785570115, 0.0019765093888212877, 0.004768078115877854, 0.007730305678689689, 0.0020921925227009234, 0.02086478838350712, 0.00808575609853864, 9.136322588864401e-05, 0.0018538585343962413, 0.0, 0.011483286391759953, 0.0005924609028293218, 0.0014313297205384662, 0.02434352082676535, 0.01300315866048406, 0.00041177717411156425, 0.009020748090437085, 0.02230755615563406, 0.0006514825347460182, 0.0024257391680393113, 0.035376265801906344, 0.01604335599381836, 0.009098360681868516, 0.0073291221767846, 0.01636069324876212, 0.007508523023482505, 0.008602999625234371, 0.009558513277075036, 0.0003254877919106305, 0.0117335702586859, 0.006679202905810484, 0.007441778602535594, 0.008694452201544599, 6.517642658733811e-05, 0.007627159345763049, 0.004333099216858567]}, {'overall_acc': 0.5265339966832504, 'bal_acc': 0.6677882859211468, 'avg_odds_diff': 0.5729824236530012, 'disp_imp': 0.1485343462471766, 'stat_par_diff': 0.8032890329057258, 'eq_opp_diff': 0.29081693500298156, 'theil_ind': 0.07232501281152721, 'TPR': 0.9418140330861381, 'TNR': 0.3937625387561554, 'FPR': 0.6062374612438446, 'FNR': 0.05818596691386195, 'GTPR': 1.0, 'GTNR': 1.0, 'GFPR': 0.0, 'GFNR': 0.0, 'PPV': 0.3318592964824121, 'NPV': 0.9548872180451128, 'FDR': 0.6681407035175879, 'FOR': 0.045112781954887216, 'ACC': 0.5265339966832504, 'MCC': 0.3102022120051261, 'f1_score': 0.4907847800237812, 'fitness': -0.49308682090059974, 'solution': {'corr_type': 'spearman', 'l2': 0.0001, 'dropout': 0.03063009379601622, 'privileged_demotion': 0.6914926754750268, 'privileged_promotion': 0.3105356179781548, 'protected_demotion': 0.1697288908053939, 'protected_promotion': 0.6811362832724822}, 'corr': [0.0931529311475826, 0.0006331037854109161, 1.0, 0.06791682233491302, 0.04481601124698501, 0.26955744930122183, 0.005131440098826536, 0.0440112472896473, 0.06451372662508054, 0.08458889802497334, 0.10645543476849864, 0.032454532563875524, 0.002621052861836258, 0.0049559113809191325, 0.006331801937945235, 0.003101429167736041, 0.011415758167678959, 0.01193728452567073, 0.02624174122786116, 0.015904158391320557, 0.028006641624529274, 0.013915410034949451, 0.015583283721443063, 0.02902129375936623, 0.010731489934577107, 0.006651910588910397, 0.0018957059919273115, 0.053329621045047244, 0.05320724660668678, 0.23548112422235673, 0.018216002961722273, 0.43547180044759265, 0.03618301242632242, 0.1767364263023397, 0.11057247363896258, 0.17718909693216775, 0.27653367321770206, 0.012283813665969605, 0.2284114352752249, 0.02950020938541191, 0.10193055262580429, 0.09368863011650898, 0.03715249532343919, 0.16839691334400858, 0.09094120716092238, 0.03425226490172145, 0.06284270450426736, 0.02735156424040557, 0.02256573632265817, 0.13412735614402752, 0.5820219733837128, 0.17510183539711605, 0.049922811862520386, 0.09682297312073267, 0.3222361500435902, 0.31957028917155705, 0.016766915359720372, 0.008226621073435867, 0.1145205666371852, 0.006509217860562343, 0.10667701373537437, 0.008509032996410123, 0.000441815385545777, 0.006681099384948941, 0.005870505423006612, 0.0025850976347697387, 0.019397729785570115, 0.0019765093888212877, 0.004768078115877854, 0.007730305678689689, 0.0020921925227009234, 0.02086478838350712, 0.00808575609853864, 9.136322588864401e-05, 0.0018538585343962413, 0.0, 0.011483286391759953, 0.0005924609028293218, 0.0014313297205384662, 0.02434352082676535, 0.01300315866048406, 0.00041177717411156425, 0.009020748090437085, 0.02230755615563406, 0.0006514825347460182, 0.0024257391680393113, 0.035376265801906344, 0.01604335599381836, 0.009098360681868516, 0.0073291221767846, 0.01636069324876212, 0.007508523023482505, 0.008602999625234371, 0.009558513277075036, 0.0003254877919106305, 0.0117335702586859, 0.006679202905810484, 0.007441778602535594, 0.008694452201544599, 6.517642658733811e-05, 0.007627159345763049, 0.004333099216858567]}, {'overall_acc': 0.4904643449419569, 'bal_acc': 0.650390581311379, 'avg_odds_diff': 0.5834189607414434, 'disp_imp': 0.1679730094657491, 'stat_par_diff': 0.8294959816399062, 'eq_opp_diff': 0.2674418604651163, 'theil_ind': 0.06596680772269073, 'TPR': 0.9606389047347405, 'TNR': 0.3401422578880175, 'FPR': 0.6598577421119824, 'FNR': 0.039361095265259556, 'GTPR': 1.0, 'GTNR': 1.0, 'GFPR': 0.0, 'GFNR': 0.0, 'PPV': 0.3176159939645417, 'NPV': 0.9643226473629782, 'FDR': 0.6823840060354583, 'FOR': 0.035677352637021716, 'ACC': 0.4904643449419569, 'MCC': 0.2912075416722105, 'f1_score': 0.4773919206236712, 'fitness': -0.5382884399676957, 'solution': {'corr_type': 'spearman', 'l2': 0.001, 'dropout': 0.15186536271070714, 'privileged_demotion': 0.720857426792646, 'privileged_promotion': 0.3517881879123143, 'protected_demotion': 0.1438423628067802, 'protected_promotion': 0.7265799327852855}, 'corr': [0.0931529311475826, 0.0006331037854109161, 1.0, 0.06791682233491302, 0.04481601124698501, 0.26955744930122183, 0.005131440098826536, 0.0440112472896473, 0.06451372662508054, 0.08458889802497334, 0.10645543476849864, 0.032454532563875524, 0.002621052861836258, 0.0049559113809191325, 0.006331801937945235, 0.003101429167736041, 0.011415758167678959, 0.01193728452567073, 0.02624174122786116, 0.015904158391320557, 0.028006641624529274, 0.013915410034949451, 0.015583283721443063, 0.02902129375936623, 0.010731489934577107, 0.006651910588910397, 0.0018957059919273115, 0.053329621045047244, 0.05320724660668678, 0.23548112422235673, 0.018216002961722273, 0.43547180044759265, 0.03618301242632242, 0.1767364263023397, 0.11057247363896258, 0.17718909693216775, 0.27653367321770206, 0.012283813665969605, 0.2284114352752249, 0.02950020938541191, 0.10193055262580429, 0.09368863011650898, 0.03715249532343919, 0.16839691334400858, 0.09094120716092238, 0.03425226490172145, 0.06284270450426736, 0.02735156424040557, 0.02256573632265817, 0.13412735614402752, 0.5820219733837128, 0.17510183539711605, 0.049922811862520386, 0.09682297312073267, 0.3222361500435902, 0.31957028917155705, 0.016766915359720372, 0.008226621073435867, 0.1145205666371852, 0.006509217860562343, 0.10667701373537437, 0.008509032996410123, 0.000441815385545777, 0.006681099384948941, 0.005870505423006612, 0.0025850976347697387, 0.019397729785570115, 0.0019765093888212877, 0.004768078115877854, 0.007730305678689689, 0.0020921925227009234, 0.02086478838350712, 0.00808575609853864, 9.136322588864401e-05, 0.0018538585343962413, 0.0, 0.011483286391759953, 0.0005924609028293218, 0.0014313297205384662, 0.02434352082676535, 0.01300315866048406, 0.00041177717411156425, 0.009020748090437085, 0.02230755615563406, 0.0006514825347460182, 0.0024257391680393113, 0.035376265801906344, 0.01604335599381836, 0.009098360681868516, 0.0073291221767846, 0.01636069324876212, 0.007508523023482505, 0.008602999625234371, 0.009558513277075036, 0.0003254877919106305, 0.0117335702586859, 0.006679202905810484, 0.007441778602535594, 0.008694452201544599, 6.517642658733811e-05, 0.007627159345763049, 0.004333099216858567]}, {'overall_acc': 0.49447208402432286, 'bal_acc': 0.6503186377351184, 'avg_odds_diff': 0.5969615537971427, 'disp_imp': 0.15624318797462286, 'stat_par_diff': 0.8363989651551498, 'eq_opp_diff': 0.289891369163361, 'theil_ind': 0.06818031985751263, 'TPR': 0.9526525955504849, 'TNR': 0.34798467991975196, 'FPR': 0.652015320080248, 'FNR': 0.047347404449515115, 'GTPR': 1.0, 'GTNR': 1.0, 'GFPR': 0.0, 'GFNR': 0.0, 'PPV': 0.31839847473784555, 'NPV': 0.958312405826218, 'FDR': 0.6816015252621545, 'FOR': 0.04168759417378202, 'ACC': 0.49447208402432286, 'MCC': 0.28842608277641985, 'f1_score': 0.4772792226350386, 'fitness': -0.54797288237873, 'solution': {'corr_type': 'spearman', 'l2': 0.001, 'dropout': 0.028830253901246324, 'privileged_demotion': 0.6965447255489708, 'privileged_promotion': 0.3237003469644867, 'protected_demotion': 0.16389513966486977, 'protected_promotion': 0.7119938835701338}, 'corr': [0.0931529311475826, 0.0006331037854109161, 1.0, 0.06791682233491302, 0.04481601124698501, 0.26955744930122183, 0.005131440098826536, 0.0440112472896473, 0.06451372662508054, 0.08458889802497334, 0.10645543476849864, 0.032454532563875524, 0.002621052861836258, 0.0049559113809191325, 0.006331801937945235, 0.003101429167736041, 0.011415758167678959, 0.01193728452567073, 0.02624174122786116, 0.015904158391320557, 0.028006641624529274, 0.013915410034949451, 0.015583283721443063, 0.02902129375936623, 0.010731489934577107, 0.006651910588910397, 0.0018957059919273115, 0.053329621045047244, 0.05320724660668678, 0.23548112422235673, 0.018216002961722273, 0.43547180044759265, 0.03618301242632242, 0.1767364263023397, 0.11057247363896258, 0.17718909693216775, 0.27653367321770206, 0.012283813665969605, 0.2284114352752249, 0.02950020938541191, 0.10193055262580429, 0.09368863011650898, 0.03715249532343919, 0.16839691334400858, 0.09094120716092238, 0.03425226490172145, 0.06284270450426736, 0.02735156424040557, 0.02256573632265817, 0.13412735614402752, 0.5820219733837128, 0.17510183539711605, 0.049922811862520386, 0.09682297312073267, 0.3222361500435902, 0.31957028917155705, 0.016766915359720372, 0.008226621073435867, 0.1145205666371852, 0.006509217860562343, 0.10667701373537437, 0.008509032996410123, 0.000441815385545777, 0.006681099384948941, 0.005870505423006612, 0.0025850976347697387, 0.019397729785570115, 0.0019765093888212877, 0.004768078115877854, 0.007730305678689689, 0.0020921925227009234, 0.02086478838350712, 0.00808575609853864, 9.136322588864401e-05, 0.0018538585343962413, 0.0, 0.011483286391759953, 0.0005924609028293218, 0.0014313297205384662, 0.02434352082676535, 0.01300315866048406, 0.00041177717411156425, 0.009020748090437085, 0.02230755615563406, 0.0006514825347460182, 0.0024257391680393113, 0.035376265801906344, 0.01604335599381836, 0.009098360681868516, 0.0073291221767846, 0.01636069324876212, 0.007508523023482505, 0.008602999625234371, 0.009558513277075036, 0.0003254877919106305, 0.0117335702586859, 0.006679202905810484, 0.007441778602535594, 0.008694452201544599, 6.517642658733811e-05, 0.007627159345763049, 0.004333099216858567]}, {'overall_acc': 0.49516307352128247, 'bal_acc': 0.6519387987493158, 'avg_odds_diff': 0.605350207792801, 'disp_imp': 0.14854174368841297, 'stat_par_diff': 0.8480047651077274, 'eq_opp_diff': 0.2939047470897824, 'theil_ind': 0.06735593502528785, 'TPR': 0.9560752994865944, 'TNR': 0.3478022980120372, 'FPR': 0.6521977019879628, 'FNR': 0.04392470051340559, 'GTPR': 1.0, 'GTNR': 1.0, 'GFPR': 0.0, 'GFNR': 0.0, 'PPV': 0.31911652703731913, 'NPV': 0.9611895161290323, 'FDR': 0.6808834729626809, 'FOR': 0.03881048387096774, 'ACC': 0.49516307352128247, 'MCC': 0.29185394799751907, 'f1_score': 0.4785153461812991, 'fitness': -0.5561508171102083, 'solution': {'corr_type': 'spearman', 'l2': 0.001, 'dropout': 0.1277523240939007, 'privileged_demotion': 0.6834359508561468, 'privileged_promotion': 0.3423116461548946, 'protected_demotion': 0.17369814293510863, 'protected_promotion': 0.699250153367931}, 'corr': [0.0931529311475826, 0.0006331037854109161, 1.0, 0.06791682233491302, 0.04481601124698501, 0.26955744930122183, 0.005131440098826536, 0.0440112472896473, 0.06451372662508054, 0.08458889802497334, 0.10645543476849864, 0.032454532563875524, 0.002621052861836258, 0.0049559113809191325, 0.006331801937945235, 0.003101429167736041, 0.011415758167678959, 0.01193728452567073, 0.02624174122786116, 0.015904158391320557, 0.028006641624529274, 0.013915410034949451, 0.015583283721443063, 0.02902129375936623, 0.010731489934577107, 0.006651910588910397, 0.0018957059919273115, 0.053329621045047244, 0.05320724660668678, 0.23548112422235673, 0.018216002961722273, 0.43547180044759265, 0.03618301242632242, 0.1767364263023397, 0.11057247363896258, 0.17718909693216775, 0.27653367321770206, 0.012283813665969605, 0.2284114352752249, 0.02950020938541191, 0.10193055262580429, 0.09368863011650898, 0.03715249532343919, 0.16839691334400858, 0.09094120716092238, 0.03425226490172145, 0.06284270450426736, 0.02735156424040557, 0.02256573632265817, 0.13412735614402752, 0.5820219733837128, 0.17510183539711605, 0.049922811862520386, 0.09682297312073267, 0.3222361500435902, 0.31957028917155705, 0.016766915359720372, 0.008226621073435867, 0.1145205666371852, 0.006509217860562343, 0.10667701373537437, 0.008509032996410123, 0.000441815385545777, 0.006681099384948941, 0.005870505423006612, 0.0025850976347697387, 0.019397729785570115, 0.0019765093888212877, 0.004768078115877854, 0.007730305678689689, 0.0020921925227009234, 0.02086478838350712, 0.00808575609853864, 9.136322588864401e-05, 0.0018538585343962413, 0.0, 0.011483286391759953, 0.0005924609028293218, 0.0014313297205384662, 0.02434352082676535, 0.01300315866048406, 0.00041177717411156425, 0.009020748090437085, 0.02230755615563406, 0.0006514825347460182, 0.0024257391680393113, 0.035376265801906344, 0.01604335599381836, 0.009098360681868516, 0.0073291221767846, 0.01636069324876212, 0.007508523023482505, 0.008602999625234371, 0.009558513277075036, 0.0003254877919106305, 0.0117335702586859, 0.006679202905810484, 0.007441778602535594, 0.008694452201544599, 6.517642658733811e-05, 0.007627159345763049, 0.004333099216858567]}, {'overall_acc': 0.4141791044776119, 'bal_acc': 0.38040626324232585, 'avg_odds_diff': 0.6215112200873695, 'disp_imp': 0.3574710374066667, 'stat_par_diff': 0.40081506569399583, 'eq_opp_diff': 0.5942806771927096, 'theil_ind': 0.2379518939489105, 'TPR': 0.31488876212207645, 'TNR': 0.44592376436257525, 'FPR': 0.5540762356374248, 'FNR': 0.6851112378779236, 'GTPR': 1.0, 'GTNR': 1.0, 'GFPR': 0.0, 'GFNR': 0.0, 'PPV': 0.15376044568245126, 'NPV': 0.6705979155238617, 'FDR': 0.8462395543175487, 'FOR': 0.3294020844761382, 'ACC': 0.4141791044776119, 'MCC': -0.20496653343206395, 'f1_score': 0.20662549129702415, 'fitness': -0.6057815991260598, 'solution': {'corr_type': 'spearman', 'l2': 0.001, 'dropout': 0.12302887740588316, 'privileged_demotion': 0.7316480426764775, 'privileged_promotion': 0.9833092681545837, 'protected_demotion': 0.013213605961972547, 'protected_promotion': 0.7444607143372909}, 'corr': [0.0931529311475826, 0.0006331037854109161, 1.0, 0.06791682233491302, 0.04481601124698501, 0.26955744930122183, 0.005131440098826536, 0.0440112472896473, 0.06451372662508054, 0.08458889802497334, 0.10645543476849864, 0.032454532563875524, 0.002621052861836258, 0.0049559113809191325, 0.006331801937945235, 0.003101429167736041, 0.011415758167678959, 0.01193728452567073, 0.02624174122786116, 0.015904158391320557, 0.028006641624529274, 0.013915410034949451, 0.015583283721443063, 0.02902129375936623, 0.010731489934577107, 0.006651910588910397, 0.0018957059919273115, 0.053329621045047244, 0.05320724660668678, 0.23548112422235673, 0.018216002961722273, 0.43547180044759265, 0.03618301242632242, 0.1767364263023397, 0.11057247363896258, 0.17718909693216775, 0.27653367321770206, 0.012283813665969605, 0.2284114352752249, 0.02950020938541191, 0.10193055262580429, 0.09368863011650898, 0.03715249532343919, 0.16839691334400858, 0.09094120716092238, 0.03425226490172145, 0.06284270450426736, 0.02735156424040557, 0.02256573632265817, 0.13412735614402752, 0.5820219733837128, 0.17510183539711605, 0.049922811862520386, 0.09682297312073267, 0.3222361500435902, 0.31957028917155705, 0.016766915359720372, 0.008226621073435867, 0.1145205666371852, 0.006509217860562343, 0.10667701373537437, 0.008509032996410123, 0.000441815385545777, 0.006681099384948941, 0.005870505423006612, 0.0025850976347697387, 0.019397729785570115, 0.0019765093888212877, 0.004768078115877854, 0.007730305678689689, 0.0020921925227009234, 0.02086478838350712, 0.00808575609853864, 9.136322588864401e-05, 0.0018538585343962413, 0.0, 0.011483286391759953, 0.0005924609028293218, 0.0014313297205384662, 0.02434352082676535, 0.01300315866048406, 0.00041177717411156425, 0.009020748090437085, 0.02230755615563406, 0.0006514825347460182, 0.0024257391680393113, 0.035376265801906344, 0.01604335599381836, 0.009098360681868516, 0.0073291221767846, 0.01636069324876212, 0.007508523023482505, 0.008602999625234371, 0.009558513277075036, 0.0003254877919106305, 0.0117335702586859, 0.006679202905810484, 0.007441778602535594, 0.008694452201544599, 6.517642658733811e-05, 0.007627159345763049, 0.004333099216858567]}, {'overall_acc': 0.8284964068546158, 'bal_acc': 0.6764987646824978, 'avg_odds_diff': 0.1935031227153342, 'disp_imp': 1.0911411881808484, 'stat_par_diff': 0.010110369080292864, 'eq_opp_diff': 0.3524046563480335, 'theil_ind': 0.1715894348779036, 'TPR': 0.38163148887621223, 'TNR': 0.9713660404887835, 'FPR': 0.028633959511216486, 'FNR': 0.6183685111237878, 'GTPR': 1.0, 'GTNR': 1.0, 'GFPR': 0.0, 'GFNR': 0.0, 'PPV': 0.8099273607748184, 'NPV': 0.8308892355694227, 'FDR': 0.1900726392251816, 'FOR': 0.1691107644305772, 'ACC': 0.8284964068546158, 'MCC': 0.47561189565190953, 'f1_score': 0.5188057386583949, 'fitness': 0.4655015265716167, 'solution': {'corr_type': 'spearman', 'l2': 0.001, 'dropout': 0.017026686014215125, 'privileged_demotion': 0.6763275569502536, 'privileged_promotion': 0.20563822965725095, 'protected_demotion': 0.025981918110160263, 'protected_promotion': 0.3714476171955063}, 'corr': [0.0931529311475826, 0.0006331037854109161, 1.0, 0.06791682233491302, 0.04481601124698501, 0.26955744930122183, 0.005131440098826536, 0.0440112472896473, 0.06451372662508054, 0.08458889802497334, 0.10645543476849864, 0.032454532563875524, 0.002621052861836258, 0.0049559113809191325, 0.006331801937945235, 0.003101429167736041, 0.011415758167678959, 0.01193728452567073, 0.02624174122786116, 0.015904158391320557, 0.028006641624529274, 0.013915410034949451, 0.015583283721443063, 0.02902129375936623, 0.010731489934577107, 0.006651910588910397, 0.0018957059919273115, 0.053329621045047244, 0.05320724660668678, 0.23548112422235673, 0.018216002961722273, 0.43547180044759265, 0.03618301242632242, 0.1767364263023397, 0.11057247363896258, 0.17718909693216775, 0.27653367321770206, 0.012283813665969605, 0.2284114352752249, 0.02950020938541191, 0.10193055262580429, 0.09368863011650898, 0.03715249532343919, 0.16839691334400858, 0.09094120716092238, 0.03425226490172145, 0.06284270450426736, 0.02735156424040557, 0.02256573632265817, 0.13412735614402752, 0.5820219733837128, 0.17510183539711605, 0.049922811862520386, 0.09682297312073267, 0.3222361500435902, 0.31957028917155705, 0.016766915359720372, 0.008226621073435867, 0.1145205666371852, 0.006509217860562343, 0.10667701373537437, 0.008509032996410123, 0.000441815385545777, 0.006681099384948941, 0.005870505423006612, 0.0025850976347697387, 0.019397729785570115, 0.0019765093888212877, 0.004768078115877854, 0.007730305678689689, 0.0020921925227009234, 0.02086478838350712, 0.00808575609853864, 9.136322588864401e-05, 0.0018538585343962413, 0.0, 0.011483286391759953, 0.0005924609028293218, 0.0014313297205384662, 0.02434352082676535, 0.01300315866048406, 0.00041177717411156425, 0.009020748090437085, 0.02230755615563406, 0.0006514825347460182, 0.0024257391680393113, 0.035376265801906344, 0.01604335599381836, 0.009098360681868516, 0.0073291221767846, 0.01636069324876212, 0.007508523023482505, 0.008602999625234371, 0.009558513277075036, 0.0003254877919106305, 0.0117335702586859, 0.006679202905810484, 0.007441778602535594, 0.008694452201544599, 6.517642658733811e-05, 0.007627159345763049, 0.004333099216858567]}, {'overall_acc': 0.8213101160862355, 'bal_acc': 0.668846319469638, 'avg_odds_diff': 0.19801171761949055, 'disp_imp': 1.2077754920716237, 'stat_par_diff': 0.022838028128740626, 'eq_opp_diff': 0.3488035052241321, 'theil_ind': 0.17609040167746565, 'TPR': 0.3730747290359384, 'TNR': 0.9646179099033376, 'FPR': 0.03538209009666241, 'FNR': 0.6269252709640616, 'GTPR': 1.0, 'GTNR': 1.0, 'GFPR': 0.0, 'GFNR': 0.0, 'PPV': 0.7712264150943396, 'NPV': 0.827958672510958, 'FDR': 0.22877358490566038, 'FOR': 0.17204132748904197, 'ACC': 0.8213101160862355, 'MCC': 0.4498226244271115, 'f1_score': 0.502883506343714, 'fitness': 0.4269845962983709, 'solution': {'corr_type': 'spearman', 'l2': 0.001, 'dropout': 0.019085828736218287, 'privileged_demotion': 0.6677321021945344, 'privileged_promotion': 0.21823462321675915, 'protected_demotion': 0.04987484858206065, 'protected_promotion': 0.5204154613369008}, 'corr': [0.0931529311475826, 0.0006331037854109161, 1.0, 0.06791682233491302, 0.04481601124698501, 0.26955744930122183, 0.005131440098826536, 0.0440112472896473, 0.06451372662508054, 0.08458889802497334, 0.10645543476849864, 0.032454532563875524, 0.002621052861836258, 0.0049559113809191325, 0.006331801937945235, 0.003101429167736041, 0.011415758167678959, 0.01193728452567073, 0.02624174122786116, 0.015904158391320557, 0.028006641624529274, 0.013915410034949451, 0.015583283721443063, 0.02902129375936623, 0.010731489934577107, 0.006651910588910397, 0.0018957059919273115, 0.053329621045047244, 0.05320724660668678, 0.23548112422235673, 0.018216002961722273, 0.43547180044759265, 0.03618301242632242, 0.1767364263023397, 0.11057247363896258, 0.17718909693216775, 0.27653367321770206, 0.012283813665969605, 0.2284114352752249, 0.02950020938541191, 0.10193055262580429, 0.09368863011650898, 0.03715249532343919, 0.16839691334400858, 0.09094120716092238, 0.03425226490172145, 0.06284270450426736, 0.02735156424040557, 0.02256573632265817, 0.13412735614402752, 0.5820219733837128, 0.17510183539711605, 0.049922811862520386, 0.09682297312073267, 0.3222361500435902, 0.31957028917155705, 0.016766915359720372, 0.008226621073435867, 0.1145205666371852, 0.006509217860562343, 0.10667701373537437, 0.008509032996410123, 0.000441815385545777, 0.006681099384948941, 0.005870505423006612, 0.0025850976347697387, 0.019397729785570115, 0.0019765093888212877, 0.004768078115877854, 0.007730305678689689, 0.0020921925227009234, 0.02086478838350712, 0.00808575609853864, 9.136322588864401e-05, 0.0018538585343962413, 0.0, 0.011483286391759953, 0.0005924609028293218, 0.0014313297205384662, 0.02434352082676535, 0.01300315866048406, 0.00041177717411156425, 0.009020748090437085, 0.02230755615563406, 0.0006514825347460182, 0.0024257391680393113, 0.035376265801906344, 0.01604335599381836, 0.009098360681868516, 0.0073291221767846, 0.01636069324876212, 0.007508523023482505, 0.008602999625234371, 0.009558513277075036, 0.0003254877919106305, 0.0117335702586859, 0.006679202905810484, 0.007441778602535594, 0.008694452201544599, 6.517642658733811e-05, 0.007627159345763049, 0.004333099216858567]}, {'overall_acc': 0.8423161967938088, 'bal_acc': 0.7284994567557723, 'avg_odds_diff': 0.11367573398723158, 'disp_imp': 0.7695367917595751, 'stat_par_diff': 0.040147616280374165, 'eq_opp_diff': 0.20457856939151176, 'theil_ind': 0.14224599300468263, 'TPR': 0.5077010838562465, 'TNR': 0.9492978296552982, 'FPR': 0.05070217034470181, 'FNR': 0.49229891614375354, 'GTPR': 1.0, 'GTNR': 1.0, 'GFPR': 0.0, 'GFNR': 0.0, 'PPV': 0.761986301369863, 'NPV': 0.8577785102175346, 'FDR': 0.238013698630137, 'FOR': 0.1422214897824654, 'ACC': 0.8423161967938088, 'MCC': 0.5321953076908212, 'f1_score': 0.609380349195481, 'fitness': 0.4920476914104471, 'solution': {'corr_type': 'spearman', 'l2': 0.001, 'dropout': 0.015320179451340095, 'privileged_demotion': 0.49793676926741026, 'privileged_promotion': 0.2158301770135104, 'protected_demotion': 0.050219172602754214, 'protected_promotion': 0.518079290921071}, 'corr': [0.0931529311475826, 0.0006331037854109161, 1.0, 0.06791682233491302, 0.04481601124698501, 0.26955744930122183, 0.005131440098826536, 0.0440112472896473, 0.06451372662508054, 0.08458889802497334, 0.10645543476849864, 0.032454532563875524, 0.002621052861836258, 0.0049559113809191325, 0.006331801937945235, 0.003101429167736041, 0.011415758167678959, 0.01193728452567073, 0.02624174122786116, 0.015904158391320557, 0.028006641624529274, 0.013915410034949451, 0.015583283721443063, 0.02902129375936623, 0.010731489934577107, 0.006651910588910397, 0.0018957059919273115, 0.053329621045047244, 0.05320724660668678, 0.23548112422235673, 0.018216002961722273, 0.43547180044759265, 0.03618301242632242, 0.1767364263023397, 0.11057247363896258, 0.17718909693216775, 0.27653367321770206, 0.012283813665969605, 0.2284114352752249, 0.02950020938541191, 0.10193055262580429, 0.09368863011650898, 0.03715249532343919, 0.16839691334400858, 0.09094120716092238, 0.03425226490172145, 0.06284270450426736, 0.02735156424040557, 0.02256573632265817, 0.13412735614402752, 0.5820219733837128, 0.17510183539711605, 0.049922811862520386, 0.09682297312073267, 0.3222361500435902, 0.31957028917155705, 0.016766915359720372, 0.008226621073435867, 0.1145205666371852, 0.006509217860562343, 0.10667701373537437, 0.008509032996410123, 0.000441815385545777, 0.006681099384948941, 0.005870505423006612, 0.0025850976347697387, 0.019397729785570115, 0.0019765093888212877, 0.004768078115877854, 0.007730305678689689, 0.0020921925227009234, 0.02086478838350712, 0.00808575609853864, 9.136322588864401e-05, 0.0018538585343962413, 0.0, 0.011483286391759953, 0.0005924609028293218, 0.0014313297205384662, 0.02434352082676535, 0.01300315866048406, 0.00041177717411156425, 0.009020748090437085, 0.02230755615563406, 0.0006514825347460182, 0.0024257391680393113, 0.035376265801906344, 0.01604335599381836, 0.009098360681868516, 0.0073291221767846, 0.01636069324876212, 0.007508523023482505, 0.008602999625234371, 0.009558513277075036, 0.0003254877919106305, 0.0117335702586859, 0.006679202905810484, 0.007441778602535594, 0.008694452201544599, 6.517642658733811e-05, 0.007627159345763049, 0.004333099216858567]}, {'overall_acc': 0.8439745715865119, 'bal_acc': 0.7189218576237146, 'avg_odds_diff': 0.05632058352286615, 'disp_imp': 0.5534794604937209, 'stat_par_diff': 0.0752501659561383, 'eq_opp_diff': 0.10502190765082575, 'theil_ind': 0.14761614003927323, 'TPR': 0.47632629777524244, 'TNR': 0.9615174174721868, 'FPR': 0.03848258252781324, 'FNR': 0.5236737022247575, 'GTPR': 1.0, 'GTNR': 1.0, 'GFPR': 0.0, 'GFNR': 0.0, 'PPV': 0.7982791586998088, 'NPV': 0.8516962843295638, 'FDR': 0.20172084130019122, 'FOR': 0.14830371567043618, 'ACC': 0.8439745715865119, 'MCC': 0.533467583640819, 'f1_score': 0.5966416577349053, 'fitness': 0.4582174176846807, 'solution': {'corr_type': 'spearman', 'l2': 0.001, 'dropout': 0.0463265621664417, 'privileged_demotion': 0.4729313033978233, 'privileged_promotion': 0.22075935200682872, 'protected_demotion': 0.29177368324884545, 'protected_promotion': 0.5210982785977005}, 'corr': [0.0931529311475826, 0.0006331037854109161, 1.0, 0.06791682233491302, 0.04481601124698501, 0.26955744930122183, 0.005131440098826536, 0.0440112472896473, 0.06451372662508054, 0.08458889802497334, 0.10645543476849864, 0.032454532563875524, 0.002621052861836258, 0.0049559113809191325, 0.006331801937945235, 0.003101429167736041, 0.011415758167678959, 0.01193728452567073, 0.02624174122786116, 0.015904158391320557, 0.028006641624529274, 0.013915410034949451, 0.015583283721443063, 0.02902129375936623, 0.010731489934577107, 0.006651910588910397, 0.0018957059919273115, 0.053329621045047244, 0.05320724660668678, 0.23548112422235673, 0.018216002961722273, 0.43547180044759265, 0.03618301242632242, 0.1767364263023397, 0.11057247363896258, 0.17718909693216775, 0.27653367321770206, 0.012283813665969605, 0.2284114352752249, 0.02950020938541191, 0.10193055262580429, 0.09368863011650898, 0.03715249532343919, 0.16839691334400858, 0.09094120716092238, 0.03425226490172145, 0.06284270450426736, 0.02735156424040557, 0.02256573632265817, 0.13412735614402752, 0.5820219733837128, 0.17510183539711605, 0.049922811862520386, 0.09682297312073267, 0.3222361500435902, 0.31957028917155705, 0.016766915359720372, 0.008226621073435867, 0.1145205666371852, 0.006509217860562343, 0.10667701373537437, 0.008509032996410123, 0.000441815385545777, 0.006681099384948941, 0.005870505423006612, 0.0025850976347697387, 0.019397729785570115, 0.0019765093888212877, 0.004768078115877854, 0.007730305678689689, 0.0020921925227009234, 0.02086478838350712, 0.00808575609853864, 9.136322588864401e-05, 0.0018538585343962413, 0.0, 0.011483286391759953, 0.0005924609028293218, 0.0014313297205384662, 0.02434352082676535, 0.01300315866048406, 0.00041177717411156425, 0.009020748090437085, 0.02230755615563406, 0.0006514825347460182, 0.0024257391680393113, 0.035376265801906344, 0.01604335599381836, 0.009098360681868516, 0.0073291221767846, 0.01636069324876212, 0.007508523023482505, 0.008602999625234371, 0.009558513277075036, 0.0003254877919106305, 0.0117335702586859, 0.006679202905810484, 0.007441778602535594, 0.008694452201544599, 6.517642658733811e-05, 0.007627159345763049, 0.004333099216858567]}, {'overall_acc': 0.8394140409065782, 'bal_acc': 0.7238679654866429, 'avg_odds_diff': 0.099093685707868, 'disp_imp': 0.7320481988138378, 'stat_par_diff': 0.04700432123829454, 'eq_opp_diff': 0.182129060693267, 'theil_ind': 0.14482064503533695, 'TPR': 0.4997147746719909, 'TNR': 0.9480211563012949, 'FPR': 0.05197884369870509, 'FNR': 0.5002852253280091, 'GTPR': 1.0, 'GTNR': 1.0, 'GFPR': 0.0, 'GFNR': 0.0, 'PPV': 0.7545219638242894, 'NPV': 0.8556378600823046, 'FDR': 0.2454780361757106, 'FOR': 0.14436213991769548, 'ACC': 0.8394140409065782, 'MCC': 0.5226762638568112, 'f1_score': 0.6012354152367879, 'fitness': 0.47567194261851664, 'solution': {'corr_type': 'spearman', 'l2': 0.001, 'dropout': 0.014992652385497712, 'privileged_demotion': 0.47713343773115785, 'privileged_promotion': 0.22939307793027253, 'protected_demotion': 0.08505697019040792, 'protected_promotion': 0.5150009528036671}, 'corr': [0.0931529311475826, 0.0006331037854109161, 1.0, 0.06791682233491302, 0.04481601124698501, 0.26955744930122183, 0.005131440098826536, 0.0440112472896473, 0.06451372662508054, 0.08458889802497334, 0.10645543476849864, 0.032454532563875524, 0.002621052861836258, 0.0049559113809191325, 0.006331801937945235, 0.003101429167736041, 0.011415758167678959, 0.01193728452567073, 0.02624174122786116, 0.015904158391320557, 0.028006641624529274, 0.013915410034949451, 0.015583283721443063, 0.02902129375936623, 0.010731489934577107, 0.006651910588910397, 0.0018957059919273115, 0.053329621045047244, 0.05320724660668678, 0.23548112422235673, 0.018216002961722273, 0.43547180044759265, 0.03618301242632242, 0.1767364263023397, 0.11057247363896258, 0.17718909693216775, 0.27653367321770206, 0.012283813665969605, 0.2284114352752249, 0.02950020938541191, 0.10193055262580429, 0.09368863011650898, 0.03715249532343919, 0.16839691334400858, 0.09094120716092238, 0.03425226490172145, 0.06284270450426736, 0.02735156424040557, 0.02256573632265817, 0.13412735614402752, 0.5820219733837128, 0.17510183539711605, 0.049922811862520386, 0.09682297312073267, 0.3222361500435902, 0.31957028917155705, 0.016766915359720372, 0.008226621073435867, 0.1145205666371852, 0.006509217860562343, 0.10667701373537437, 0.008509032996410123, 0.000441815385545777, 0.006681099384948941, 0.005870505423006612, 0.0025850976347697387, 0.019397729785570115, 0.0019765093888212877, 0.004768078115877854, 0.007730305678689689, 0.0020921925227009234, 0.02086478838350712, 0.00808575609853864, 9.136322588864401e-05, 0.0018538585343962413, 0.0, 0.011483286391759953, 0.0005924609028293218, 0.0014313297205384662, 0.02434352082676535, 0.01300315866048406, 0.00041177717411156425, 0.009020748090437085, 0.02230755615563406, 0.0006514825347460182, 0.0024257391680393113, 0.035376265801906344, 0.01604335599381836, 0.009098360681868516, 0.0073291221767846, 0.01636069324876212, 0.007508523023482505, 0.008602999625234371, 0.009558513277075036, 0.0003254877919106305, 0.0117335702586859, 0.006679202905810484, 0.007441778602535594, 0.008694452201544599, 6.517642658733811e-05, 0.007627159345763049, 0.004333099216858567]}, {'overall_acc': 0.8399668325041459, 'bal_acc': 0.7120085637305121, 'avg_odds_diff': 0.102703040022747, 'disp_imp': 0.7214114694553936, 'stat_par_diff': 0.04355947212530756, 'eq_opp_diff': 0.19245547172746363, 'theil_ind': 0.15150911470481848, 'TPR': 0.4637763833428408, 'TNR': 0.9602407441181835, 'FPR': 0.03975925588181652, 'FNR': 0.5362236166571591, 'GTPR': 1.0, 'GTNR': 1.0, 'GFPR': 0.0, 'GFNR': 0.0, 'PPV': 0.7885548011639185, 'NPV': 0.8485092667203867, 'FDR': 0.21144519883608148, 'FOR': 0.1514907332796132, 'ACC': 0.8399668325041459, 'MCC': 0.5197365448695503, 'f1_score': 0.584051724137931, 'fitness': 0.4761770727442428, 'solution': {'corr_type': 'spearman', 'l2': 0.001, 'dropout': 0.014047553542626656, 'privileged_demotion': 0.47302112176724287, 'privileged_promotion': 0.0924562937366618, 'protected_demotion': 0.06914650905618927, 'protected_promotion': 0.36555956979152604}, 'corr': [0.0931529311475826, 0.0006331037854109161, 1.0, 0.06791682233491302, 0.04481601124698501, 0.26955744930122183, 0.005131440098826536, 0.0440112472896473, 0.06451372662508054, 0.08458889802497334, 0.10645543476849864, 0.032454532563875524, 0.002621052861836258, 0.0049559113809191325, 0.006331801937945235, 0.003101429167736041, 0.011415758167678959, 0.01193728452567073, 0.02624174122786116, 0.015904158391320557, 0.028006641624529274, 0.013915410034949451, 0.015583283721443063, 0.02902129375936623, 0.010731489934577107, 0.006651910588910397, 0.0018957059919273115, 0.053329621045047244, 0.05320724660668678, 0.23548112422235673, 0.018216002961722273, 0.43547180044759265, 0.03618301242632242, 0.1767364263023397, 0.11057247363896258, 0.17718909693216775, 0.27653367321770206, 0.012283813665969605, 0.2284114352752249, 0.02950020938541191, 0.10193055262580429, 0.09368863011650898, 0.03715249532343919, 0.16839691334400858, 0.09094120716092238, 0.03425226490172145, 0.06284270450426736, 0.02735156424040557, 0.02256573632265817, 0.13412735614402752, 0.5820219733837128, 0.17510183539711605, 0.049922811862520386, 0.09682297312073267, 0.3222361500435902, 0.31957028917155705, 0.016766915359720372, 0.008226621073435867, 0.1145205666371852, 0.006509217860562343, 0.10667701373537437, 0.008509032996410123, 0.000441815385545777, 0.006681099384948941, 0.005870505423006612, 0.0025850976347697387, 0.019397729785570115, 0.0019765093888212877, 0.004768078115877854, 0.007730305678689689, 0.0020921925227009234, 0.02086478838350712, 0.00808575609853864, 9.136322588864401e-05, 0.0018538585343962413, 0.0, 0.011483286391759953, 0.0005924609028293218, 0.0014313297205384662, 0.02434352082676535, 0.01300315866048406, 0.00041177717411156425, 0.009020748090437085, 0.02230755615563406, 0.0006514825347460182, 0.0024257391680393113, 0.035376265801906344, 0.01604335599381836, 0.009098360681868516, 0.0073291221767846, 0.01636069324876212, 0.007508523023482505, 0.008602999625234371, 0.009558513277075036, 0.0003254877919106305, 0.0117335702586859, 0.006679202905810484, 0.007441778602535594, 0.008694452201544599, 6.517642658733811e-05, 0.007627159345763049, 0.004333099216858567]}, {'overall_acc': 0.8102542841348811, 'bal_acc': 0.627983096432795, 'avg_odds_diff': 0.2074526311010781, 'disp_imp': 1.4384695938364873, 'stat_par_diff': 0.03094451808053085, 'eq_opp_diff': 0.38271499312955326, 'theil_ind': 0.19961988341784467, 'TPR': 0.27438676554478036, 'TNR': 0.9815794273208098, 'FPR': 0.018420572679190225, 'FNR': 0.7256132344552196, 'GTPR': 1.0, 'GTNR': 1.0, 'GFPR': 0.0, 'GFNR': 0.0, 'PPV': 0.8264604810996563, 'NPV': 0.8088367899008115, 'FDR': 0.17353951890034364, 'FOR': 0.19116321009918846, 'ACC': 0.8102542841348811, 'MCC': 0.40325503567331783, 'f1_score': 0.41199143468950744, 'fitness': 0.372310517592787, 'solution': {'corr_type': 'spearman', 'l2': 0.001, 'dropout': 0.04412816246855916, 'privileged_demotion': 0.803614276984396, 'privileged_promotion': 0.10315856728420336, 'protected_demotion': 0.0992745259057751, 'protected_promotion': 0.36792304845818546}, 'corr': [0.0931529311475826, 0.0006331037854109161, 1.0, 0.06791682233491302, 0.04481601124698501, 0.26955744930122183, 0.005131440098826536, 0.0440112472896473, 0.06451372662508054, 0.08458889802497334, 0.10645543476849864, 0.032454532563875524, 0.002621052861836258, 0.0049559113809191325, 0.006331801937945235, 0.003101429167736041, 0.011415758167678959, 0.01193728452567073, 0.02624174122786116, 0.015904158391320557, 0.028006641624529274, 0.013915410034949451, 0.015583283721443063, 0.02902129375936623, 0.010731489934577107, 0.006651910588910397, 0.0018957059919273115, 0.053329621045047244, 0.05320724660668678, 0.23548112422235673, 0.018216002961722273, 0.43547180044759265, 0.03618301242632242, 0.1767364263023397, 0.11057247363896258, 0.17718909693216775, 0.27653367321770206, 0.012283813665969605, 0.2284114352752249, 0.02950020938541191, 0.10193055262580429, 0.09368863011650898, 0.03715249532343919, 0.16839691334400858, 0.09094120716092238, 0.03425226490172145, 0.06284270450426736, 0.02735156424040557, 0.02256573632265817, 0.13412735614402752, 0.5820219733837128, 0.17510183539711605, 0.049922811862520386, 0.09682297312073267, 0.3222361500435902, 0.31957028917155705, 0.016766915359720372, 0.008226621073435867, 0.1145205666371852, 0.006509217860562343, 0.10667701373537437, 0.008509032996410123, 0.000441815385545777, 0.006681099384948941, 0.005870505423006612, 0.0025850976347697387, 0.019397729785570115, 0.0019765093888212877, 0.004768078115877854, 0.007730305678689689, 0.0020921925227009234, 0.02086478838350712, 0.00808575609853864, 9.136322588864401e-05, 0.0018538585343962413, 0.0, 0.011483286391759953, 0.0005924609028293218, 0.0014313297205384662, 0.02434352082676535, 0.01300315866048406, 0.00041177717411156425, 0.009020748090437085, 0.02230755615563406, 0.0006514825347460182, 0.0024257391680393113, 0.035376265801906344, 0.01604335599381836, 0.009098360681868516, 0.0073291221767846, 0.01636069324876212, 0.007508523023482505, 0.008602999625234371, 0.009558513277075036, 0.0003254877919106305, 0.0117335702586859, 0.006679202905810484, 0.007441778602535594, 0.008694452201544599, 6.517642658733811e-05, 0.007627159345763049, 0.004333099216858567]}, {'overall_acc': 0.845632946379215, 'bal_acc': 0.7237028021788864, 'avg_odds_diff': 0.08892443047688756, 'disp_imp': 0.667701261426785, 'stat_par_diff': 0.05505740608686202, 'eq_opp_diff': 0.16957558787690236, 'theil_ind': 0.14494451907774197, 'TPR': 0.48716486023958927, 'TNR': 0.9602407441181835, 'FPR': 0.03975925588181652, 'FNR': 0.5128351397604107, 'GTPR': 1.0, 'GTNR': 1.0, 'GFPR': 0.0, 'GFNR': 0.0, 'PPV': 0.7966417910447762, 'NPV': 0.8541531473069436, 'FDR': 0.20335820895522388, 'FOR': 0.14584685269305644, 'ACC': 0.845632946379215, 'MCC': 0.539601058844616, 'f1_score': 0.6046017699115045, 'fitness': 0.4845436527577539, 'solution': {'corr_type': 'spearman', 'l2': 0.001, 'dropout': 0.04236488954036827, 'privileged_demotion': 0.44813666508435474, 'privileged_promotion': 0.10342910600525976, 'protected_demotion': 0.08780868855257998, 'protected_promotion': 0.352548248020509}, 'corr': [0.0931529311475826, 0.0006331037854109161, 1.0, 0.06791682233491302, 0.04481601124698501, 0.26955744930122183, 0.005131440098826536, 0.0440112472896473, 0.06451372662508054, 0.08458889802497334, 0.10645543476849864, 0.032454532563875524, 0.002621052861836258, 0.0049559113809191325, 0.006331801937945235, 0.003101429167736041, 0.011415758167678959, 0.01193728452567073, 0.02624174122786116, 0.015904158391320557, 0.028006641624529274, 0.013915410034949451, 0.015583283721443063, 0.02902129375936623, 0.010731489934577107, 0.006651910588910397, 0.0018957059919273115, 0.053329621045047244, 0.05320724660668678, 0.23548112422235673, 0.018216002961722273, 0.43547180044759265, 0.03618301242632242, 0.1767364263023397, 0.11057247363896258, 0.17718909693216775, 0.27653367321770206, 0.012283813665969605, 0.2284114352752249, 0.02950020938541191, 0.10193055262580429, 0.09368863011650898, 0.03715249532343919, 0.16839691334400858, 0.09094120716092238, 0.03425226490172145, 0.06284270450426736, 0.02735156424040557, 0.02256573632265817, 0.13412735614402752, 0.5820219733837128, 0.17510183539711605, 0.049922811862520386, 0.09682297312073267, 0.3222361500435902, 0.31957028917155705, 0.016766915359720372, 0.008226621073435867, 0.1145205666371852, 0.006509217860562343, 0.10667701373537437, 0.008509032996410123, 0.000441815385545777, 0.006681099384948941, 0.005870505423006612, 0.0025850976347697387, 0.019397729785570115, 0.0019765093888212877, 0.004768078115877854, 0.007730305678689689, 0.0020921925227009234, 0.02086478838350712, 0.00808575609853864, 9.136322588864401e-05, 0.0018538585343962413, 0.0, 0.011483286391759953, 0.0005924609028293218, 0.0014313297205384662, 0.02434352082676535, 0.01300315866048406, 0.00041177717411156425, 0.009020748090437085, 0.02230755615563406, 0.0006514825347460182, 0.0024257391680393113, 0.035376265801906344, 0.01604335599381836, 0.009098360681868516, 0.0073291221767846, 0.01636069324876212, 0.007508523023482505, 0.008602999625234371, 0.009558513277075036, 0.0003254877919106305, 0.0117335702586859, 0.006679202905810484, 0.007441778602535594, 0.008694452201544599, 6.517642658733811e-05, 0.007627159345763049, 0.004333099216858567]}, {'overall_acc': 0.4614427860696517, 'bal_acc': 0.4668933660947976, 'avg_odds_diff': 0.45775840897434544, 'disp_imp': 0.14221912529235692, 'stat_par_diff': 0.6227652669749264, 'eq_opp_diff': 0.11731871094864021, 'theil_ind': 0.1932583859241965, 'TPR': 0.47746719908727897, 'TNR': 0.45631953310231627, 'FPR': 0.5436804668976838, 'FNR': 0.522532800912721, 'GTPR': 1.0, 'GTNR': 1.0, 'GFPR': 0.0, 'GFNR': 0.0, 'PPV': 0.21922472498690415, 'NPV': 0.7320070216500878, 'FDR': 0.7807752750130958, 'FOR': 0.2679929783499122, 'ACC': 0.4614427860696517, 'MCC': -0.05682521817442082, 'f1_score': 0.30048465266558966, 'fitness': -0.6795904851493473, 'solution': {'corr_type': 'spearman', 'l2': 0.001, 'dropout': 0.014019124963542209, 'privileged_demotion': 0.49067870565439464, 'privileged_promotion': 0.543227520827463, 'protected_demotion': 0.07213598082107328, 'protected_promotion': 0.3775976899626269}, 'corr': [0.0931529311475826, 0.0006331037854109161, 1.0, 0.06791682233491302, 0.04481601124698501, 0.26955744930122183, 0.005131440098826536, 0.0440112472896473, 0.06451372662508054, 0.08458889802497334, 0.10645543476849864, 0.032454532563875524, 0.002621052861836258, 0.0049559113809191325, 0.006331801937945235, 0.003101429167736041, 0.011415758167678959, 0.01193728452567073, 0.02624174122786116, 0.015904158391320557, 0.028006641624529274, 0.013915410034949451, 0.015583283721443063, 0.02902129375936623, 0.010731489934577107, 0.006651910588910397, 0.0018957059919273115, 0.053329621045047244, 0.05320724660668678, 0.23548112422235673, 0.018216002961722273, 0.43547180044759265, 0.03618301242632242, 0.1767364263023397, 0.11057247363896258, 0.17718909693216775, 0.27653367321770206, 0.012283813665969605, 0.2284114352752249, 0.02950020938541191, 0.10193055262580429, 0.09368863011650898, 0.03715249532343919, 0.16839691334400858, 0.09094120716092238, 0.03425226490172145, 0.06284270450426736, 0.02735156424040557, 0.02256573632265817, 0.13412735614402752, 0.5820219733837128, 0.17510183539711605, 0.049922811862520386, 0.09682297312073267, 0.3222361500435902, 0.31957028917155705, 0.016766915359720372, 0.008226621073435867, 0.1145205666371852, 0.006509217860562343, 0.10667701373537437, 0.008509032996410123, 0.000441815385545777, 0.006681099384948941, 0.005870505423006612, 0.0025850976347697387, 0.019397729785570115, 0.0019765093888212877, 0.004768078115877854, 0.007730305678689689, 0.0020921925227009234, 0.02086478838350712, 0.00808575609853864, 9.136322588864401e-05, 0.0018538585343962413, 0.0, 0.011483286391759953, 0.0005924609028293218, 0.0014313297205384662, 0.02434352082676535, 0.01300315866048406, 0.00041177717411156425, 0.009020748090437085, 0.02230755615563406, 0.0006514825347460182, 0.0024257391680393113, 0.035376265801906344, 0.01604335599381836, 0.009098360681868516, 0.0073291221767846, 0.01636069324876212, 0.007508523023482505, 0.008602999625234371, 0.009558513277075036, 0.0003254877919106305, 0.0117335702586859, 0.006679202905810484, 0.007441778602535594, 0.008694452201544599, 6.517642658733811e-05, 0.007627159345763049, 0.004333099216858567]}, {'overall_acc': 0.8355444997236042, 'bal_acc': 0.6861943970571696, 'avg_odds_diff': 0.12208122985680545, 'disp_imp': 0.7515382870429445, 'stat_par_diff': 0.03083726796384466, 'eq_opp_diff': 0.23502631510720484, 'theil_ind': 0.16593302658497067, 'TPR': 0.3964632059326868, 'TNR': 0.9759255881816524, 'FPR': 0.02407441181834762, 'FNR': 0.6035367940673132, 'GTPR': 1.0, 'GTNR': 1.0, 'GFPR': 0.0, 'GFNR': 0.0, 'PPV': 0.8403869407496977, 'NPV': 0.8349196442502731, 'FDR': 0.1596130592503023, 'FOR': 0.16508035574972696, 'ACC': 0.8355444997236042, 'MCC': 0.5014744308991353, 'f1_score': 0.5387596899224807, 'fitness': 0.4706371629352907, 'solution': {'corr_type': 'spearman', 'l2': 0.001, 'dropout': 0.04429255693127672, 'privileged_demotion': 0.5058252812043574, 'privileged_promotion': 0.07863398716379724, 'protected_demotion': 0.09619489013374585, 'protected_promotion': 0.3627185712621091}, 'corr': [0.0931529311475826, 0.0006331037854109161, 1.0, 0.06791682233491302, 0.04481601124698501, 0.26955744930122183, 0.005131440098826536, 0.0440112472896473, 0.06451372662508054, 0.08458889802497334, 0.10645543476849864, 0.032454532563875524, 0.002621052861836258, 0.0049559113809191325, 0.006331801937945235, 0.003101429167736041, 0.011415758167678959, 0.01193728452567073, 0.02624174122786116, 0.015904158391320557, 0.028006641624529274, 0.013915410034949451, 0.015583283721443063, 0.02902129375936623, 0.010731489934577107, 0.006651910588910397, 0.0018957059919273115, 0.053329621045047244, 0.05320724660668678, 0.23548112422235673, 0.018216002961722273, 0.43547180044759265, 0.03618301242632242, 0.1767364263023397, 0.11057247363896258, 0.17718909693216775, 0.27653367321770206, 0.012283813665969605, 0.2284114352752249, 0.02950020938541191, 0.10193055262580429, 0.09368863011650898, 0.03715249532343919, 0.16839691334400858, 0.09094120716092238, 0.03425226490172145, 0.06284270450426736, 0.02735156424040557, 0.02256573632265817, 0.13412735614402752, 0.5820219733837128, 0.17510183539711605, 0.049922811862520386, 0.09682297312073267, 0.3222361500435902, 0.31957028917155705, 0.016766915359720372, 0.008226621073435867, 0.1145205666371852, 0.006509217860562343, 0.10667701373537437, 0.008509032996410123, 0.000441815385545777, 0.006681099384948941, 0.005870505423006612, 0.0025850976347697387, 0.019397729785570115, 0.0019765093888212877, 0.004768078115877854, 0.007730305678689689, 0.0020921925227009234, 0.02086478838350712, 0.00808575609853864, 9.136322588864401e-05, 0.0018538585343962413, 0.0, 0.011483286391759953, 0.0005924609028293218, 0.0014313297205384662, 0.02434352082676535, 0.01300315866048406, 0.00041177717411156425, 0.009020748090437085, 0.02230755615563406, 0.0006514825347460182, 0.0024257391680393113, 0.035376265801906344, 0.01604335599381836, 0.009098360681868516, 0.0073291221767846, 0.01636069324876212, 0.007508523023482505, 0.008602999625234371, 0.009558513277075036, 0.0003254877919106305, 0.0117335702586859, 0.006679202905810484, 0.007441778602535594, 0.008694452201544599, 6.517642658733811e-05, 0.007627159345763049, 0.004333099216858567]}, {'overall_acc': 0.8363736871199557, 'bal_acc': 0.6983836052294188, 'avg_odds_diff': 0.11948429987872308, 'disp_imp': 0.7781954792668742, 'stat_par_diff': 0.031037339141321604, 'eq_opp_diff': 0.2221617277229006, 'theil_ind': 0.15916625078402713, 'TPR': 0.4306902452937821, 'TNR': 0.9660769651650556, 'FPR': 0.033923034834944375, 'FNR': 0.5693097547062179, 'GTPR': 1.0, 'GTNR': 1.0, 'GFPR': 0.0, 'GFNR': 0.0, 'PPV': 0.8023379383634431, 'NPV': 0.8414614773629865, 'FDR': 0.19766206163655686, 'FOR': 0.1585385226370135, 'ACC': 0.8363736871199557, 'MCC': 0.5054092384126008, 'f1_score': 0.5605048255382331, 'fitness': 0.47437189927127915, 'solution': {'corr_type': 'spearman', 'l2': 0.001, 'dropout': 0.013645819647002304, 'privileged_demotion': 0.4963631196803942, 'privileged_promotion': 0.09267435370684562, 'protected_demotion': 0.07122445554712735, 'protected_promotion': 0.3659036603958047}, 'corr': [0.0931529311475826, 0.0006331037854109161, 1.0, 0.06791682233491302, 0.04481601124698501, 0.26955744930122183, 0.005131440098826536, 0.0440112472896473, 0.06451372662508054, 0.08458889802497334, 0.10645543476849864, 0.032454532563875524, 0.002621052861836258, 0.0049559113809191325, 0.006331801937945235, 0.003101429167736041, 0.011415758167678959, 0.01193728452567073, 0.02624174122786116, 0.015904158391320557, 0.028006641624529274, 0.013915410034949451, 0.015583283721443063, 0.02902129375936623, 0.010731489934577107, 0.006651910588910397, 0.0018957059919273115, 0.053329621045047244, 0.05320724660668678, 0.23548112422235673, 0.018216002961722273, 0.43547180044759265, 0.03618301242632242, 0.1767364263023397, 0.11057247363896258, 0.17718909693216775, 0.27653367321770206, 0.012283813665969605, 0.2284114352752249, 0.02950020938541191, 0.10193055262580429, 0.09368863011650898, 0.03715249532343919, 0.16839691334400858, 0.09094120716092238, 0.03425226490172145, 0.06284270450426736, 0.02735156424040557, 0.02256573632265817, 0.13412735614402752, 0.5820219733837128, 0.17510183539711605, 0.049922811862520386, 0.09682297312073267, 0.3222361500435902, 0.31957028917155705, 0.016766915359720372, 0.008226621073435867, 0.1145205666371852, 0.006509217860562343, 0.10667701373537437, 0.008509032996410123, 0.000441815385545777, 0.006681099384948941, 0.005870505423006612, 0.0025850976347697387, 0.019397729785570115, 0.0019765093888212877, 0.004768078115877854, 0.007730305678689689, 0.0020921925227009234, 0.02086478838350712, 0.00808575609853864, 9.136322588864401e-05, 0.0018538585343962413, 0.0, 0.011483286391759953, 0.0005924609028293218, 0.0014313297205384662, 0.02434352082676535, 0.01300315866048406, 0.00041177717411156425, 0.009020748090437085, 0.02230755615563406, 0.0006514825347460182, 0.0024257391680393113, 0.035376265801906344, 0.01604335599381836, 0.009098360681868516, 0.0073291221767846, 0.01636069324876212, 0.007508523023482505, 0.008602999625234371, 0.009558513277075036, 0.0003254877919106305, 0.0117335702586859, 0.006679202905810484, 0.007441778602535594, 0.008694452201544599, 6.517642658733811e-05, 0.007627159345763049, 0.004333099216858567]}, {'overall_acc': 0.8445273631840796, 'bal_acc': 0.7476156400652996, 'avg_odds_diff': 0.04944476726708548, 'disp_imp': 0.5080252254717702, 'stat_par_diff': 0.10755400668047692, 'eq_opp_diff': 0.07099115916102772, 'theil_ind': 0.13143459803274693, 'TPR': 0.5596120935539076, 'TNR': 0.9356191865766916, 'FPR': 0.06438081342330841, 'FNR': 0.44038790644609244, 'GTPR': 1.0, 'GTNR': 1.0, 'GFPR': 0.0, 'GFNR': 0.0, 'PPV': 0.7353823088455772, 'NPV': 0.8691968824127414, 'FDR': 0.2646176911544228, 'FOR': 0.13080311758725854, 'ACC': 0.8445273631840796, 'MCC': 0.5471805248975694, 'f1_score': 0.6355685131195336, 'fitness': 0.4396265182170925, 'solution': {'corr_type': 'spearman', 'l2': 0.001, 'dropout': 0.011271263074840833, 'privileged_demotion': 0.5280699633257515, 'privileged_promotion': 0.413494641051786, 'protected_demotion': 0.0815437604318692, 'protected_promotion': 0.3695316543075555}, 'corr': [0.0931529311475826, 0.0006331037854109161, 1.0, 0.06791682233491302, 0.04481601124698501, 0.26955744930122183, 0.005131440098826536, 0.0440112472896473, 0.06451372662508054, 0.08458889802497334, 0.10645543476849864, 0.032454532563875524, 0.002621052861836258, 0.0049559113809191325, 0.006331801937945235, 0.003101429167736041, 0.011415758167678959, 0.01193728452567073, 0.02624174122786116, 0.015904158391320557, 0.028006641624529274, 0.013915410034949451, 0.015583283721443063, 0.02902129375936623, 0.010731489934577107, 0.006651910588910397, 0.0018957059919273115, 0.053329621045047244, 0.05320724660668678, 0.23548112422235673, 0.018216002961722273, 0.43547180044759265, 0.03618301242632242, 0.1767364263023397, 0.11057247363896258, 0.17718909693216775, 0.27653367321770206, 0.012283813665969605, 0.2284114352752249, 0.02950020938541191, 0.10193055262580429, 0.09368863011650898, 0.03715249532343919, 0.16839691334400858, 0.09094120716092238, 0.03425226490172145, 0.06284270450426736, 0.02735156424040557, 0.02256573632265817, 0.13412735614402752, 0.5820219733837128, 0.17510183539711605, 0.049922811862520386, 0.09682297312073267, 0.3222361500435902, 0.31957028917155705, 0.016766915359720372, 0.008226621073435867, 0.1145205666371852, 0.006509217860562343, 0.10667701373537437, 0.008509032996410123, 0.000441815385545777, 0.006681099384948941, 0.005870505423006612, 0.0025850976347697387, 0.019397729785570115, 0.0019765093888212877, 0.004768078115877854, 0.007730305678689689, 0.0020921925227009234, 0.02086478838350712, 0.00808575609853864, 9.136322588864401e-05, 0.0018538585343962413, 0.0, 0.011483286391759953, 0.0005924609028293218, 0.0014313297205384662, 0.02434352082676535, 0.01300315866048406, 0.00041177717411156425, 0.009020748090437085, 0.02230755615563406, 0.0006514825347460182, 0.0024257391680393113, 0.035376265801906344, 0.01604335599381836, 0.009098360681868516, 0.0073291221767846, 0.01636069324876212, 0.007508523023482505, 0.008602999625234371, 0.009558513277075036, 0.0003254877919106305, 0.0117335702586859, 0.006679202905810484, 0.007441778602535594, 0.008694452201544599, 6.517642658733811e-05, 0.007627159345763049, 0.004333099216858567]}, {'overall_acc': 0.8373410724156993, 'bal_acc': 0.6999921137771792, 'avg_odds_diff': 0.10518182013417418, 'disp_imp': 0.7374665504817348, 'stat_par_diff': 0.037375477907487756, 'eq_opp_diff': 0.19609291955095792, 'theil_ind': 0.1582492280531978, 'TPR': 0.43354249857387334, 'TNR': 0.9664417289804851, 'FPR': 0.03355827101951486, 'FNR': 0.5664575014261266, 'GTPR': 1.0, 'GTNR': 1.0, 'GFPR': 0.0, 'GFNR': 0.0, 'PPV': 0.8050847457627118, 'NPV': 0.8421805467260013, 'FDR': 0.19491525423728814, 'FOR': 0.15781945327399874, 'ACC': 0.8373410724156993, 'MCC': 0.5088181482994134, 'f1_score': 0.5635891731553578, 'fitness': 0.47144267039192567, 'solution': {'corr_type': 'spearman', 'l2': 0.001, 'dropout': 0.011450007302178015, 'privileged_demotion': 0.48427600839174645, 'privileged_promotion': 0.10448362907501607, 'protected_demotion': 0.08359180343454527, 'protected_promotion': 0.32692902536714935}, 'corr': [0.0931529311475826, 0.0006331037854109161, 1.0, 0.06791682233491302, 0.04481601124698501, 0.26955744930122183, 0.005131440098826536, 0.0440112472896473, 0.06451372662508054, 0.08458889802497334, 0.10645543476849864, 0.032454532563875524, 0.002621052861836258, 0.0049559113809191325, 0.006331801937945235, 0.003101429167736041, 0.011415758167678959, 0.01193728452567073, 0.02624174122786116, 0.015904158391320557, 0.028006641624529274, 0.013915410034949451, 0.015583283721443063, 0.02902129375936623, 0.010731489934577107, 0.006651910588910397, 0.0018957059919273115, 0.053329621045047244, 0.05320724660668678, 0.23548112422235673, 0.018216002961722273, 0.43547180044759265, 0.03618301242632242, 0.1767364263023397, 0.11057247363896258, 0.17718909693216775, 0.27653367321770206, 0.012283813665969605, 0.2284114352752249, 0.02950020938541191, 0.10193055262580429, 0.09368863011650898, 0.03715249532343919, 0.16839691334400858, 0.09094120716092238, 0.03425226490172145, 0.06284270450426736, 0.02735156424040557, 0.02256573632265817, 0.13412735614402752, 0.5820219733837128, 0.17510183539711605, 0.049922811862520386, 0.09682297312073267, 0.3222361500435902, 0.31957028917155705, 0.016766915359720372, 0.008226621073435867, 0.1145205666371852, 0.006509217860562343, 0.10667701373537437, 0.008509032996410123, 0.000441815385545777, 0.006681099384948941, 0.005870505423006612, 0.0025850976347697387, 0.019397729785570115, 0.0019765093888212877, 0.004768078115877854, 0.007730305678689689, 0.0020921925227009234, 0.02086478838350712, 0.00808575609853864, 9.136322588864401e-05, 0.0018538585343962413, 0.0, 0.011483286391759953, 0.0005924609028293218, 0.0014313297205384662, 0.02434352082676535, 0.01300315866048406, 0.00041177717411156425, 0.009020748090437085, 0.02230755615563406, 0.0006514825347460182, 0.0024257391680393113, 0.035376265801906344, 0.01604335599381836, 0.009098360681868516, 0.0073291221767846, 0.01636069324876212, 0.007508523023482505, 0.008602999625234371, 0.009558513277075036, 0.0003254877919106305, 0.0117335702586859, 0.006679202905810484, 0.007441778602535594, 0.008694452201544599, 6.517642658733811e-05, 0.007627159345763049, 0.004333099216858567]}, {'overall_acc': 0.8443891652846877, 'bal_acc': 0.7351062491657302, 'avg_odds_diff': 0.04668680995912293, 'disp_imp': 0.5117537537805057, 'stat_par_diff': 0.09644125812569203, 'eq_opp_diff': 0.07289673588965806, 'theil_ind': 0.13854817093024627, 'TPR': 0.5231032515687393, 'TNR': 0.9471092467627211, 'FPR': 0.05289075323727886, 'FNR': 0.4768967484312607, 'GTPR': 1.0, 'GTNR': 1.0, 'GFPR': 0.0, 'GFNR': 0.0, 'PPV': 0.7597348798674399, 'NPV': 0.8613368717863659, 'FDR': 0.24026512013256007, 'FOR': 0.1386631282136341, 'ACC': 0.8443891652846877, 'MCC': 0.5404032753307777, 'f1_score': 0.6195945945945945, 'fitness': 0.44396201720508566, 'solution': {'corr_type': 'spearman', 'l2': 0.001, 'dropout': 0.008902983354021551, 'privileged_demotion': 0.28742861316359586, 'privileged_promotion': 0.07422100504269567, 'protected_demotion': 0.10137405377576185, 'protected_promotion': 0.3123971116138057}, 'corr': [0.0931529311475826, 0.0006331037854109161, 1.0, 0.06791682233491302, 0.04481601124698501, 0.26955744930122183, 0.005131440098826536, 0.0440112472896473, 0.06451372662508054, 0.08458889802497334, 0.10645543476849864, 0.032454532563875524, 0.002621052861836258, 0.0049559113809191325, 0.006331801937945235, 0.003101429167736041, 0.011415758167678959, 0.01193728452567073, 0.02624174122786116, 0.015904158391320557, 0.028006641624529274, 0.013915410034949451, 0.015583283721443063, 0.02902129375936623, 0.010731489934577107, 0.006651910588910397, 0.0018957059919273115, 0.053329621045047244, 0.05320724660668678, 0.23548112422235673, 0.018216002961722273, 0.43547180044759265, 0.03618301242632242, 0.1767364263023397, 0.11057247363896258, 0.17718909693216775, 0.27653367321770206, 0.012283813665969605, 0.2284114352752249, 0.02950020938541191, 0.10193055262580429, 0.09368863011650898, 0.03715249532343919, 0.16839691334400858, 0.09094120716092238, 0.03425226490172145, 0.06284270450426736, 0.02735156424040557, 0.02256573632265817, 0.13412735614402752, 0.5820219733837128, 0.17510183539711605, 0.049922811862520386, 0.09682297312073267, 0.3222361500435902, 0.31957028917155705, 0.016766915359720372, 0.008226621073435867, 0.1145205666371852, 0.006509217860562343, 0.10667701373537437, 0.008509032996410123, 0.000441815385545777, 0.006681099384948941, 0.005870505423006612, 0.0025850976347697387, 0.019397729785570115, 0.0019765093888212877, 0.004768078115877854, 0.007730305678689689, 0.0020921925227009234, 0.02086478838350712, 0.00808575609853864, 9.136322588864401e-05, 0.0018538585343962413, 0.0, 0.011483286391759953, 0.0005924609028293218, 0.0014313297205384662, 0.02434352082676535, 0.01300315866048406, 0.00041177717411156425, 0.009020748090437085, 0.02230755615563406, 0.0006514825347460182, 0.0024257391680393113, 0.035376265801906344, 0.01604335599381836, 0.009098360681868516, 0.0073291221767846, 0.01636069324876212, 0.007508523023482505, 0.008602999625234371, 0.009558513277075036, 0.0003254877919106305, 0.0117335702586859, 0.006679202905810484, 0.007441778602535594, 0.008694452201544599, 6.517642658733811e-05, 0.007627159345763049, 0.004333099216858567]}, {'overall_acc': 0.8416252072968491, 'bal_acc': 0.73852135819068, 'avg_odds_diff': 0.08625041283479737, 'disp_imp': 0.6742849888867607, 'stat_par_diff': 0.06433713665063781, 'eq_opp_diff': 0.16845816805371916, 'theil_ind': 0.13652291232424352, 'TPR': 0.5385054192812322, 'TNR': 0.9385372971001277, 'FPR': 0.06146270289987233, 'FNR': 0.4614945807187678, 'GTPR': 1.0, 'GTNR': 1.0, 'GFPR': 0.0, 'GFNR': 0.0, 'PPV': 0.7369242779078845, 'NPV': 0.8641477749790092, 'FDR': 0.26307572209211555, 'FOR': 0.13585222502099076, 'ACC': 0.8416252072968491, 'MCC': 0.535478332755009, 'f1_score': 0.6222808174027687, 'fitness': 0.4711411961043712, 'solution': {'corr_type': 'spearman', 'l2': 0.001, 'dropout': 0.011616876833091608, 'privileged_demotion': 0.30299092780880976, 'privileged_promotion': 0.09517540787709575, 'protected_demotion': 0.10237472920885576, 'protected_promotion': 0.5850462272016126}, 'corr': [0.0931529311475826, 0.0006331037854109161, 1.0, 0.06791682233491302, 0.04481601124698501, 0.26955744930122183, 0.005131440098826536, 0.0440112472896473, 0.06451372662508054, 0.08458889802497334, 0.10645543476849864, 0.032454532563875524, 0.002621052861836258, 0.0049559113809191325, 0.006331801937945235, 0.003101429167736041, 0.011415758167678959, 0.01193728452567073, 0.02624174122786116, 0.015904158391320557, 0.028006641624529274, 0.013915410034949451, 0.015583283721443063, 0.02902129375936623, 0.010731489934577107, 0.006651910588910397, 0.0018957059919273115, 0.053329621045047244, 0.05320724660668678, 0.23548112422235673, 0.018216002961722273, 0.43547180044759265, 0.03618301242632242, 0.1767364263023397, 0.11057247363896258, 0.17718909693216775, 0.27653367321770206, 0.012283813665969605, 0.2284114352752249, 0.02950020938541191, 0.10193055262580429, 0.09368863011650898, 0.03715249532343919, 0.16839691334400858, 0.09094120716092238, 0.03425226490172145, 0.06284270450426736, 0.02735156424040557, 0.02256573632265817, 0.13412735614402752, 0.5820219733837128, 0.17510183539711605, 0.049922811862520386, 0.09682297312073267, 0.3222361500435902, 0.31957028917155705, 0.016766915359720372, 0.008226621073435867, 0.1145205666371852, 0.006509217860562343, 0.10667701373537437, 0.008509032996410123, 0.000441815385545777, 0.006681099384948941, 0.005870505423006612, 0.0025850976347697387, 0.019397729785570115, 0.0019765093888212877, 0.004768078115877854, 0.007730305678689689, 0.0020921925227009234, 0.02086478838350712, 0.00808575609853864, 9.136322588864401e-05, 0.0018538585343962413, 0.0, 0.011483286391759953, 0.0005924609028293218, 0.0014313297205384662, 0.02434352082676535, 0.01300315866048406, 0.00041177717411156425, 0.009020748090437085, 0.02230755615563406, 0.0006514825347460182, 0.0024257391680393113, 0.035376265801906344, 0.01604335599381836, 0.009098360681868516, 0.0073291221767846, 0.01636069324876212, 0.007508523023482505, 0.008602999625234371, 0.009558513277075036, 0.0003254877919106305, 0.0117335702586859, 0.006679202905810484, 0.007441778602535594, 0.008694452201544599, 6.517642658733811e-05, 0.007627159345763049, 0.004333099216858567]}, {'overall_acc': 0.8446655610834716, 'bal_acc': 0.7457664872776395, 'avg_odds_diff': 0.07066218353047143, 'disp_imp': 0.6010805777472091, 'stat_par_diff': 0.08292281642853591, 'eq_opp_diff': 0.13221850613154962, 'theil_ind': 0.13249785276147413, 'TPR': 0.553907586993725, 'TNR': 0.9376253875615539, 'FPR': 0.06237461243844611, 'FNR': 0.44609241300627495, 'GTPR': 1.0, 'GTNR': 1.0, 'GFPR': 0.0, 'GFNR': 0.0, 'PPV': 0.7395277989337395, 'NPV': 0.8679723113287185, 'FDR': 0.26047220106626046, 'FOR': 0.13202768867128145, 'ACC': 0.8446655610834716, 'MCC': 0.5464488413748957, 'f1_score': 0.6333985649054141, 'fitness': 0.46352602494635975, 'solution': {'corr_type': 'spearman', 'l2': 0.001, 'dropout': 0.011395432826437311, 'privileged_demotion': 0.30553633382731954, 'privileged_promotion': 0.14148730162801818, 'protected_demotion': 0.1075808866088045, 'protected_promotion': 0.5836824767924829}, 'corr': [0.0931529311475826, 0.0006331037854109161, 1.0, 0.06791682233491302, 0.04481601124698501, 0.26955744930122183, 0.005131440098826536, 0.0440112472896473, 0.06451372662508054, 0.08458889802497334, 0.10645543476849864, 0.032454532563875524, 0.002621052861836258, 0.0049559113809191325, 0.006331801937945235, 0.003101429167736041, 0.011415758167678959, 0.01193728452567073, 0.02624174122786116, 0.015904158391320557, 0.028006641624529274, 0.013915410034949451, 0.015583283721443063, 0.02902129375936623, 0.010731489934577107, 0.006651910588910397, 0.0018957059919273115, 0.053329621045047244, 0.05320724660668678, 0.23548112422235673, 0.018216002961722273, 0.43547180044759265, 0.03618301242632242, 0.1767364263023397, 0.11057247363896258, 0.17718909693216775, 0.27653367321770206, 0.012283813665969605, 0.2284114352752249, 0.02950020938541191, 0.10193055262580429, 0.09368863011650898, 0.03715249532343919, 0.16839691334400858, 0.09094120716092238, 0.03425226490172145, 0.06284270450426736, 0.02735156424040557, 0.02256573632265817, 0.13412735614402752, 0.5820219733837128, 0.17510183539711605, 0.049922811862520386, 0.09682297312073267, 0.3222361500435902, 0.31957028917155705, 0.016766915359720372, 0.008226621073435867, 0.1145205666371852, 0.006509217860562343, 0.10667701373537437, 0.008509032996410123, 0.000441815385545777, 0.006681099384948941, 0.005870505423006612, 0.0025850976347697387, 0.019397729785570115, 0.0019765093888212877, 0.004768078115877854, 0.007730305678689689, 0.0020921925227009234, 0.02086478838350712, 0.00808575609853864, 9.136322588864401e-05, 0.0018538585343962413, 0.0, 0.011483286391759953, 0.0005924609028293218, 0.0014313297205384662, 0.02434352082676535, 0.01300315866048406, 0.00041177717411156425, 0.009020748090437085, 0.02230755615563406, 0.0006514825347460182, 0.0024257391680393113, 0.035376265801906344, 0.01604335599381836, 0.009098360681868516, 0.0073291221767846, 0.01636069324876212, 0.007508523023482505, 0.008602999625234371, 0.009558513277075036, 0.0003254877919106305, 0.0117335702586859, 0.006679202905810484, 0.007441778602535594, 0.008694452201544599, 6.517642658733811e-05, 0.007627159345763049, 0.004333099216858567]}, {'overall_acc': 0.8427307904919845, 'bal_acc': 0.7210116546512745, 'avg_odds_diff': 0.11343989338268311, 'disp_imp': 0.7693838718270731, 'stat_par_diff': 0.03732136894787988, 'eq_opp_diff': 0.20406523035441132, 'theil_ind': 0.14646016597719305, 'TPR': 0.48488305761551626, 'TNR': 0.9571402516870327, 'FPR': 0.042859748312967356, 'FNR': 0.5151169423844837, 'GTPR': 1.0, 'GTNR': 1.0, 'GFPR': 0.0, 'GFNR': 0.0, 'PPV': 0.783410138248848, 'NPV': 0.853194602503658, 'FDR': 0.21658986175115208, 'FOR': 0.14680539749634205, 'ACC': 0.8427307904919845, 'MCC': 0.5304659595347414, 'f1_score': 0.5990133897110642, 'fitness': 0.49314459058686155, 'solution': {'corr_type': 'spearman', 'l2': 0.01, 'dropout': 0.03781163795496125, 'privileged_demotion': 0.4312477141060982, 'privileged_promotion': 0.07391321492289649, 'protected_demotion': 0.11781424225997905, 'protected_promotion': 0.6024279554656499}, 'corr': [0.0931529311475826, 0.0006331037854109161, 1.0, 0.06791682233491302, 0.04481601124698501, 0.26955744930122183, 0.005131440098826536, 0.0440112472896473, 0.06451372662508054, 0.08458889802497334, 0.10645543476849864, 0.032454532563875524, 0.002621052861836258, 0.0049559113809191325, 0.006331801937945235, 0.003101429167736041, 0.011415758167678959, 0.01193728452567073, 0.02624174122786116, 0.015904158391320557, 0.028006641624529274, 0.013915410034949451, 0.015583283721443063, 0.02902129375936623, 0.010731489934577107, 0.006651910588910397, 0.0018957059919273115, 0.053329621045047244, 0.05320724660668678, 0.23548112422235673, 0.018216002961722273, 0.43547180044759265, 0.03618301242632242, 0.1767364263023397, 0.11057247363896258, 0.17718909693216775, 0.27653367321770206, 0.012283813665969605, 0.2284114352752249, 0.02950020938541191, 0.10193055262580429, 0.09368863011650898, 0.03715249532343919, 0.16839691334400858, 0.09094120716092238, 0.03425226490172145, 0.06284270450426736, 0.02735156424040557, 0.02256573632265817, 0.13412735614402752, 0.5820219733837128, 0.17510183539711605, 0.049922811862520386, 0.09682297312073267, 0.3222361500435902, 0.31957028917155705, 0.016766915359720372, 0.008226621073435867, 0.1145205666371852, 0.006509217860562343, 0.10667701373537437, 0.008509032996410123, 0.000441815385545777, 0.006681099384948941, 0.005870505423006612, 0.0025850976347697387, 0.019397729785570115, 0.0019765093888212877, 0.004768078115877854, 0.007730305678689689, 0.0020921925227009234, 0.02086478838350712, 0.00808575609853864, 9.136322588864401e-05, 0.0018538585343962413, 0.0, 0.011483286391759953, 0.0005924609028293218, 0.0014313297205384662, 0.02434352082676535, 0.01300315866048406, 0.00041177717411156425, 0.009020748090437085, 0.02230755615563406, 0.0006514825347460182, 0.0024257391680393113, 0.035376265801906344, 0.01604335599381836, 0.009098360681868516, 0.0073291221767846, 0.01636069324876212, 0.007508523023482505, 0.008602999625234371, 0.009558513277075036, 0.0003254877919106305, 0.0117335702586859, 0.006679202905810484, 0.007441778602535594, 0.008694452201544599, 6.517642658733811e-05, 0.007627159345763049, 0.004333099216858567]}, {'overall_acc': 0.849640685461581, 'bal_acc': 0.742840261643649, 'avg_odds_diff': 0.03531455018382765, 'disp_imp': 0.3606656384921779, 'stat_par_diff': 0.13458305967250445, 'eq_opp_diff': 0.023626558813616416, 'theil_ind': 0.13428533335227383, 'TPR': 0.5356531660011409, 'TNR': 0.9500273572861572, 'FPR': 0.04997264271384279, 'FNR': 0.4643468339988591, 'GTPR': 1.0, 'GTNR': 1.0, 'GFPR': 0.0, 'GFNR': 0.0, 'PPV': 0.7741137675185491, 'NPV': 0.8648514029553379, 'FDR': 0.22588623248145095, 'FOR': 0.13514859704466212, 'ACC': 0.849640685461581, 'MCC': 0.5570753435201697, 'f1_score': 0.6331759946055293, 'fitness': 0.4224922838476653, 'solution': {'corr_type': 'spearman', 'l2': 0.01, 'dropout': 0.004885037601636267, 'privileged_demotion': 0.3053681376506096, 'privileged_promotion': 0.14076604853593555, 'protected_demotion': 0.227416380893419, 'protected_promotion': 0.3121935230310661}, 'corr': [0.0931529311475826, 0.0006331037854109161, 1.0, 0.06791682233491302, 0.04481601124698501, 0.26955744930122183, 0.005131440098826536, 0.0440112472896473, 0.06451372662508054, 0.08458889802497334, 0.10645543476849864, 0.032454532563875524, 0.002621052861836258, 0.0049559113809191325, 0.006331801937945235, 0.003101429167736041, 0.011415758167678959, 0.01193728452567073, 0.02624174122786116, 0.015904158391320557, 0.028006641624529274, 0.013915410034949451, 0.015583283721443063, 0.02902129375936623, 0.010731489934577107, 0.006651910588910397, 0.0018957059919273115, 0.053329621045047244, 0.05320724660668678, 0.23548112422235673, 0.018216002961722273, 0.43547180044759265, 0.03618301242632242, 0.1767364263023397, 0.11057247363896258, 0.17718909693216775, 0.27653367321770206, 0.012283813665969605, 0.2284114352752249, 0.02950020938541191, 0.10193055262580429, 0.09368863011650898, 0.03715249532343919, 0.16839691334400858, 0.09094120716092238, 0.03425226490172145, 0.06284270450426736, 0.02735156424040557, 0.02256573632265817, 0.13412735614402752, 0.5820219733837128, 0.17510183539711605, 0.049922811862520386, 0.09682297312073267, 0.3222361500435902, 0.31957028917155705, 0.016766915359720372, 0.008226621073435867, 0.1145205666371852, 0.006509217860562343, 0.10667701373537437, 0.008509032996410123, 0.000441815385545777, 0.006681099384948941, 0.005870505423006612, 0.0025850976347697387, 0.019397729785570115, 0.0019765093888212877, 0.004768078115877854, 0.007730305678689689, 0.0020921925227009234, 0.02086478838350712, 0.00808575609853864, 9.136322588864401e-05, 0.0018538585343962413, 0.0, 0.011483286391759953, 0.0005924609028293218, 0.0014313297205384662, 0.02434352082676535, 0.01300315866048406, 0.00041177717411156425, 0.009020748090437085, 0.02230755615563406, 0.0006514825347460182, 0.0024257391680393113, 0.035376265801906344, 0.01604335599381836, 0.009098360681868516, 0.0073291221767846, 0.01636069324876212, 0.007508523023482505, 0.008602999625234371, 0.009558513277075036, 0.0003254877919106305, 0.0117335702586859, 0.006679202905810484, 0.007441778602535594, 0.008694452201544599, 6.517642658733811e-05, 0.007627159345763049, 0.004333099216858567]}, {'overall_acc': 0.8401050304035379, 'bal_acc': 0.712487823432673, 'avg_odds_diff': 0.07675939650634937, 'disp_imp': 0.643124189961664, 'stat_par_diff': 0.05753726809581772, 'eq_opp_diff': 0.15021389126545853, 'theil_ind': 0.15124003704413047, 'TPR': 0.46491728465487736, 'TNR': 0.9600583622104687, 'FPR': 0.039941637789531276, 'FNR': 0.5350827153451226, 'GTPR': 1.0, 'GTNR': 1.0, 'GFPR': 0.0, 'GFNR': 0.0, 'PPV': 0.7882011605415861, 'NPV': 0.8487584650112867, 'FDR': 0.21179883945841393, 'FOR': 0.15124153498871332, 'ACC': 0.8401050304035379, 'MCC': 0.5202810095481487, 'f1_score': 0.5848582705418013, 'fitness': 0.462743741452331, 'solution': {'corr_type': 'spearman', 'l2': 0.01, 'dropout': 0.0017303313274376047, 'privileged_demotion': 0.4378476004139247, 'privileged_promotion': 0.15497345302625537, 'protected_demotion': 0.22806466839966966, 'protected_promotion': 0.5927181391642532}, 'corr': [0.0931529311475826, 0.0006331037854109161, 1.0, 0.06791682233491302, 0.04481601124698501, 0.26955744930122183, 0.005131440098826536, 0.0440112472896473, 0.06451372662508054, 0.08458889802497334, 0.10645543476849864, 0.032454532563875524, 0.002621052861836258, 0.0049559113809191325, 0.006331801937945235, 0.003101429167736041, 0.011415758167678959, 0.01193728452567073, 0.02624174122786116, 0.015904158391320557, 0.028006641624529274, 0.013915410034949451, 0.015583283721443063, 0.02902129375936623, 0.010731489934577107, 0.006651910588910397, 0.0018957059919273115, 0.053329621045047244, 0.05320724660668678, 0.23548112422235673, 0.018216002961722273, 0.43547180044759265, 0.03618301242632242, 0.1767364263023397, 0.11057247363896258, 0.17718909693216775, 0.27653367321770206, 0.012283813665969605, 0.2284114352752249, 0.02950020938541191, 0.10193055262580429, 0.09368863011650898, 0.03715249532343919, 0.16839691334400858, 0.09094120716092238, 0.03425226490172145, 0.06284270450426736, 0.02735156424040557, 0.02256573632265817, 0.13412735614402752, 0.5820219733837128, 0.17510183539711605, 0.049922811862520386, 0.09682297312073267, 0.3222361500435902, 0.31957028917155705, 0.016766915359720372, 0.008226621073435867, 0.1145205666371852, 0.006509217860562343, 0.10667701373537437, 0.008509032996410123, 0.000441815385545777, 0.006681099384948941, 0.005870505423006612, 0.0025850976347697387, 0.019397729785570115, 0.0019765093888212877, 0.004768078115877854, 0.007730305678689689, 0.0020921925227009234, 0.02086478838350712, 0.00808575609853864, 9.136322588864401e-05, 0.0018538585343962413, 0.0, 0.011483286391759953, 0.0005924609028293218, 0.0014313297205384662, 0.02434352082676535, 0.01300315866048406, 0.00041177717411156425, 0.009020748090437085, 0.02230755615563406, 0.0006514825347460182, 0.0024257391680393113, 0.035376265801906344, 0.01604335599381836, 0.009098360681868516, 0.0073291221767846, 0.01636069324876212, 0.007508523023482505, 0.008602999625234371, 0.009558513277075036, 0.0003254877919106305, 0.0117335702586859, 0.006679202905810484, 0.007441778602535594, 0.008694452201544599, 6.517642658733811e-05, 0.007627159345763049, 0.004333099216858567]}, {'overall_acc': 0.8442509673852957, 'bal_acc': 0.7222087895178574, 'avg_odds_diff': 0.05950042057076305, 'disp_imp': 0.5249116252912348, 'stat_par_diff': 0.08324403888630563, 'eq_opp_diff': 0.10340929714033864, 'theil_ind': 0.14578587051219213, 'TPR': 0.4854535082715345, 'TNR': 0.9589640707641802, 'FPR': 0.04103592923581981, 'FNR': 0.5145464917284654, 'GTPR': 1.0, 'GTNR': 1.0, 'GFPR': 0.0, 'GFNR': 0.0, 'PPV': 0.7908921933085502, 'NPV': 0.8535714285714285, 'FDR': 0.20910780669144982, 'FOR': 0.14642857142857144, 'ACC': 0.8442509673852957, 'MCC': 0.5351737686139787, 'f1_score': 0.6016260162601625, 'fitness': 0.4519297297276731, 'solution': {'corr_type': 'spearman', 'l2': 0.01, 'dropout': 0.00035790591750214235, 'privileged_demotion': 0.4312031982369164, 'privileged_promotion': 0.15249000932437903, 'protected_demotion': 0.24771628430642362, 'protected_promotion': 0.4832797627947493}, 'corr': [0.0931529311475826, 0.0006331037854109161, 1.0, 0.06791682233491302, 0.04481601124698501, 0.26955744930122183, 0.005131440098826536, 0.0440112472896473, 0.06451372662508054, 0.08458889802497334, 0.10645543476849864, 0.032454532563875524, 0.002621052861836258, 0.0049559113809191325, 0.006331801937945235, 0.003101429167736041, 0.011415758167678959, 0.01193728452567073, 0.02624174122786116, 0.015904158391320557, 0.028006641624529274, 0.013915410034949451, 0.015583283721443063, 0.02902129375936623, 0.010731489934577107, 0.006651910588910397, 0.0018957059919273115, 0.053329621045047244, 0.05320724660668678, 0.23548112422235673, 0.018216002961722273, 0.43547180044759265, 0.03618301242632242, 0.1767364263023397, 0.11057247363896258, 0.17718909693216775, 0.27653367321770206, 0.012283813665969605, 0.2284114352752249, 0.02950020938541191, 0.10193055262580429, 0.09368863011650898, 0.03715249532343919, 0.16839691334400858, 0.09094120716092238, 0.03425226490172145, 0.06284270450426736, 0.02735156424040557, 0.02256573632265817, 0.13412735614402752, 0.5820219733837128, 0.17510183539711605, 0.049922811862520386, 0.09682297312073267, 0.3222361500435902, 0.31957028917155705, 0.016766915359720372, 0.008226621073435867, 0.1145205666371852, 0.006509217860562343, 0.10667701373537437, 0.008509032996410123, 0.000441815385545777, 0.006681099384948941, 0.005870505423006612, 0.0025850976347697387, 0.019397729785570115, 0.0019765093888212877, 0.004768078115877854, 0.007730305678689689, 0.0020921925227009234, 0.02086478838350712, 0.00808575609853864, 9.136322588864401e-05, 0.0018538585343962413, 0.0, 0.011483286391759953, 0.0005924609028293218, 0.0014313297205384662, 0.02434352082676535, 0.01300315866048406, 0.00041177717411156425, 0.009020748090437085, 0.02230755615563406, 0.0006514825347460182, 0.0024257391680393113, 0.035376265801906344, 0.01604335599381836, 0.009098360681868516, 0.0073291221767846, 0.01636069324876212, 0.007508523023482505, 0.008602999625234371, 0.009558513277075036, 0.0003254877919106305, 0.0117335702586859, 0.006679202905810484, 0.007441778602535594, 0.008694452201544599, 6.517642658733811e-05, 0.007627159345763049, 0.004333099216858567]}, {'overall_acc': 0.8453565505804311, 'bal_acc': 0.7163411484275568, 'avg_odds_diff': 0.03541698052617266, 'disp_imp': 0.46324661821598023, 'stat_par_diff': 0.08947703910494104, 'eq_opp_diff': 0.053433927043633866, 'theil_ind': 0.14901706437966883, 'TPR': 0.46605818596691384, 'TNR': 0.9666241108881999, 'FPR': 0.03337588911180011, 'FNR': 0.5339418140330862, 'GTPR': 1.0, 'GTNR': 1.0, 'GFPR': 0.0, 'GFNR': 0.0, 'PPV': 0.817, 'NPV': 0.849903784477229, 'FDR': 0.183, 'FOR': 0.150096215522771, 'ACC': 0.8453565505804311, 'MCC': 0.537175447362382, 'f1_score': 0.5935343261896112, 'fitness': 0.44769840825744095, 'solution': {'corr_type': 'spearman', 'l2': 0.001, 'dropout': 0.0014951727626740675, 'privileged_demotion': 0.43521763907821276, 'privileged_promotion': 0.1534440355171982, 'protected_demotion': 0.22927883270234864, 'protected_promotion': 0.29265978905346224}, 'corr': [0.0931529311475826, 0.0006331037854109161, 1.0, 0.06791682233491302, 0.04481601124698501, 0.26955744930122183, 0.005131440098826536, 0.0440112472896473, 0.06451372662508054, 0.08458889802497334, 0.10645543476849864, 0.032454532563875524, 0.002621052861836258, 0.0049559113809191325, 0.006331801937945235, 0.003101429167736041, 0.011415758167678959, 0.01193728452567073, 0.02624174122786116, 0.015904158391320557, 0.028006641624529274, 0.013915410034949451, 0.015583283721443063, 0.02902129375936623, 0.010731489934577107, 0.006651910588910397, 0.0018957059919273115, 0.053329621045047244, 0.05320724660668678, 0.23548112422235673, 0.018216002961722273, 0.43547180044759265, 0.03618301242632242, 0.1767364263023397, 0.11057247363896258, 0.17718909693216775, 0.27653367321770206, 0.012283813665969605, 0.2284114352752249, 0.02950020938541191, 0.10193055262580429, 0.09368863011650898, 0.03715249532343919, 0.16839691334400858, 0.09094120716092238, 0.03425226490172145, 0.06284270450426736, 0.02735156424040557, 0.02256573632265817, 0.13412735614402752, 0.5820219733837128, 0.17510183539711605, 0.049922811862520386, 0.09682297312073267, 0.3222361500435902, 0.31957028917155705, 0.016766915359720372, 0.008226621073435867, 0.1145205666371852, 0.006509217860562343, 0.10667701373537437, 0.008509032996410123, 0.000441815385545777, 0.006681099384948941, 0.005870505423006612, 0.0025850976347697387, 0.019397729785570115, 0.0019765093888212877, 0.004768078115877854, 0.007730305678689689, 0.0020921925227009234, 0.02086478838350712, 0.00808575609853864, 9.136322588864401e-05, 0.0018538585343962413, 0.0, 0.011483286391759953, 0.0005924609028293218, 0.0014313297205384662, 0.02434352082676535, 0.01300315866048406, 0.00041177717411156425, 0.009020748090437085, 0.02230755615563406, 0.0006514825347460182, 0.0024257391680393113, 0.035376265801906344, 0.01604335599381836, 0.009098360681868516, 0.0073291221767846, 0.01636069324876212, 0.007508523023482505, 0.008602999625234371, 0.009558513277075036, 0.0003254877919106305, 0.0117335702586859, 0.006679202905810484, 0.007441778602535594, 0.008694452201544599, 6.517642658733811e-05, 0.007627159345763049, 0.004333099216858567]}, {'overall_acc': 0.8430071862907684, 'bal_acc': 0.7427318520898334, 'avg_odds_diff': 0.12649532955910855, 'disp_imp': 0.7994086082886175, 'stat_par_diff': 0.03864567473652675, 'eq_opp_diff': 0.22525991029529957, 'theil_ind': 0.1341663834234793, 'TPR': 0.5482030804335425, 'TNR': 0.9372606237461244, 'FPR': 0.06273937625387561, 'FNR': 0.4517969195664575, 'GTPR': 1.0, 'GTNR': 1.0, 'GFPR': 0.0, 'GFNR': 0.0, 'PPV': 0.7363984674329502, 'NPV': 0.866464339908953, 'FDR': 0.2636015325670498, 'FOR': 0.13353566009104703, 'ACC': 0.8430071862907684, 'MCC': 0.5409879957673305, 'f1_score': 0.6285153695225638, 'fitness': 0.5023423210308038, 'solution': {'corr_type': 'spearman', 'l2': 0.01, 'dropout': 0.05257887856164269, 'privileged_demotion': 0.4357084298253409, 'privileged_promotion': 0.1684740875196419, 'protected_demotion': 0.002071754795149608, 'protected_promotion': 0.49997479149064794}, 'corr': [0.0931529311475826, 0.0006331037854109161, 1.0, 0.06791682233491302, 0.04481601124698501, 0.26955744930122183, 0.005131440098826536, 0.0440112472896473, 0.06451372662508054, 0.08458889802497334, 0.10645543476849864, 0.032454532563875524, 0.002621052861836258, 0.0049559113809191325, 0.006331801937945235, 0.003101429167736041, 0.011415758167678959, 0.01193728452567073, 0.02624174122786116, 0.015904158391320557, 0.028006641624529274, 0.013915410034949451, 0.015583283721443063, 0.02902129375936623, 0.010731489934577107, 0.006651910588910397, 0.0018957059919273115, 0.053329621045047244, 0.05320724660668678, 0.23548112422235673, 0.018216002961722273, 0.43547180044759265, 0.03618301242632242, 0.1767364263023397, 0.11057247363896258, 0.17718909693216775, 0.27653367321770206, 0.012283813665969605, 0.2284114352752249, 0.02950020938541191, 0.10193055262580429, 0.09368863011650898, 0.03715249532343919, 0.16839691334400858, 0.09094120716092238, 0.03425226490172145, 0.06284270450426736, 0.02735156424040557, 0.02256573632265817, 0.13412735614402752, 0.5820219733837128, 0.17510183539711605, 0.049922811862520386, 0.09682297312073267, 0.3222361500435902, 0.31957028917155705, 0.016766915359720372, 0.008226621073435867, 0.1145205666371852, 0.006509217860562343, 0.10667701373537437, 0.008509032996410123, 0.000441815385545777, 0.006681099384948941, 0.005870505423006612, 0.0025850976347697387, 0.019397729785570115, 0.0019765093888212877, 0.004768078115877854, 0.007730305678689689, 0.0020921925227009234, 0.02086478838350712, 0.00808575609853864, 9.136322588864401e-05, 0.0018538585343962413, 0.0, 0.011483286391759953, 0.0005924609028293218, 0.0014313297205384662, 0.02434352082676535, 0.01300315866048406, 0.00041177717411156425, 0.009020748090437085, 0.02230755615563406, 0.0006514825347460182, 0.0024257391680393113, 0.035376265801906344, 0.01604335599381836, 0.009098360681868516, 0.0073291221767846, 0.01636069324876212, 0.007508523023482505, 0.008602999625234371, 0.009558513277075036, 0.0003254877919106305, 0.0117335702586859, 0.006679202905810484, 0.007441778602535594, 0.008694452201544599, 6.517642658733811e-05, 0.007627159345763049, 0.004333099216858567]}, {'overall_acc': 0.8453565505804311, 'bal_acc': 0.7211920077813506, 'avg_odds_diff': 0.0630224008298076, 'disp_imp': 0.5605279075588186, 'stat_par_diff': 0.07415144613892981, 'eq_opp_diff': 0.11851909465660732, 'theil_ind': 0.14633964936201196, 'TPR': 0.4803194523673702, 'TNR': 0.9620645631953311, 'FPR': 0.03793543680466898, 'FNR': 0.5196805476326298, 'GTPR': 1.0, 'GTNR': 1.0, 'GFPR': 0.0, 'GFNR': 0.0, 'PPV': 0.8019047619047619, 'NPV': 0.8527319754283866, 'FDR': 0.1980952380952381, 'FOR': 0.1472680245716133, 'ACC': 0.8453565505804311, 'MCC': 0.5381457317458753, 'f1_score': 0.6007848733499821, 'fitness': 0.4639942856069455, 'solution': {'corr_type': 'spearman', 'l2': 0.01, 'dropout': 0.038182676530016765, 'privileged_demotion': 0.4329986869695437, 'privileged_promotion': 0.15925598661634263, 'protected_demotion': 0.23536528146801913, 'protected_promotion': 0.4824097590472318}, 'corr': [0.0931529311475826, 0.0006331037854109161, 1.0, 0.06791682233491302, 0.04481601124698501, 0.26955744930122183, 0.005131440098826536, 0.0440112472896473, 0.06451372662508054, 0.08458889802497334, 0.10645543476849864, 0.032454532563875524, 0.002621052861836258, 0.0049559113809191325, 0.006331801937945235, 0.003101429167736041, 0.011415758167678959, 0.01193728452567073, 0.02624174122786116, 0.015904158391320557, 0.028006641624529274, 0.013915410034949451, 0.015583283721443063, 0.02902129375936623, 0.010731489934577107, 0.006651910588910397, 0.0018957059919273115, 0.053329621045047244, 0.05320724660668678, 0.23548112422235673, 0.018216002961722273, 0.43547180044759265, 0.03618301242632242, 0.1767364263023397, 0.11057247363896258, 0.17718909693216775, 0.27653367321770206, 0.012283813665969605, 0.2284114352752249, 0.02950020938541191, 0.10193055262580429, 0.09368863011650898, 0.03715249532343919, 0.16839691334400858, 0.09094120716092238, 0.03425226490172145, 0.06284270450426736, 0.02735156424040557, 0.02256573632265817, 0.13412735614402752, 0.5820219733837128, 0.17510183539711605, 0.049922811862520386, 0.09682297312073267, 0.3222361500435902, 0.31957028917155705, 0.016766915359720372, 0.008226621073435867, 0.1145205666371852, 0.006509217860562343, 0.10667701373537437, 0.008509032996410123, 0.000441815385545777, 0.006681099384948941, 0.005870505423006612, 0.0025850976347697387, 0.019397729785570115, 0.0019765093888212877, 0.004768078115877854, 0.007730305678689689, 0.0020921925227009234, 0.02086478838350712, 0.00808575609853864, 9.136322588864401e-05, 0.0018538585343962413, 0.0, 0.011483286391759953, 0.0005924609028293218, 0.0014313297205384662, 0.02434352082676535, 0.01300315866048406, 0.00041177717411156425, 0.009020748090437085, 0.02230755615563406, 0.0006514825347460182, 0.0024257391680393113, 0.035376265801906344, 0.01604335599381836, 0.009098360681868516, 0.0073291221767846, 0.01636069324876212, 0.007508523023482505, 0.008602999625234371, 0.009558513277075036, 0.0003254877919106305, 0.0117335702586859, 0.006679202905810484, 0.007441778602535594, 0.008694452201544599, 6.517642658733811e-05, 0.007627159345763049, 0.004333099216858567]}, {'overall_acc': 0.8309839690436706, 'bal_acc': 0.7041408079882652, 'avg_odds_diff': 0.16194471528392596, 'disp_imp': 0.9755500045497374, 'stat_par_diff': 0.0036642763410553725, 'eq_opp_diff': 0.2809520105778953, 'theil_ind': 0.15593103430755037, 'TPR': 0.4580718767826583, 'TNR': 0.950209739193872, 'FPR': 0.049790260806128035, 'FNR': 0.5419281232173417, 'GTPR': 1.0, 'GTNR': 1.0, 'GFPR': 0.0, 'GFNR': 0.0, 'PPV': 0.7462825278810409, 'NPV': 0.8457792207792207, 'FDR': 0.2537174721189591, 'FOR': 0.15422077922077923, 'ACC': 0.8309839690436706, 'MCC': 0.49165834428076366, 'f1_score': 0.5676917638741605, 'fitness': 0.4879940679397083, 'solution': {'corr_type': 'spearman', 'l2': 0.01, 'dropout': 0.050060307103377784, 'privileged_demotion': 0.43596985229829033, 'privileged_promotion': 0.05014385152215421, 'protected_demotion': 0.003719022211628925, 'protected_promotion': 0.49413231663944585}, 'corr': [0.0931529311475826, 0.0006331037854109161, 1.0, 0.06791682233491302, 0.04481601124698501, 0.26955744930122183, 0.005131440098826536, 0.0440112472896473, 0.06451372662508054, 0.08458889802497334, 0.10645543476849864, 0.032454532563875524, 0.002621052861836258, 0.0049559113809191325, 0.006331801937945235, 0.003101429167736041, 0.011415758167678959, 0.01193728452567073, 0.02624174122786116, 0.015904158391320557, 0.028006641624529274, 0.013915410034949451, 0.015583283721443063, 0.02902129375936623, 0.010731489934577107, 0.006651910588910397, 0.0018957059919273115, 0.053329621045047244, 0.05320724660668678, 0.23548112422235673, 0.018216002961722273, 0.43547180044759265, 0.03618301242632242, 0.1767364263023397, 0.11057247363896258, 0.17718909693216775, 0.27653367321770206, 0.012283813665969605, 0.2284114352752249, 0.02950020938541191, 0.10193055262580429, 0.09368863011650898, 0.03715249532343919, 0.16839691334400858, 0.09094120716092238, 0.03425226490172145, 0.06284270450426736, 0.02735156424040557, 0.02256573632265817, 0.13412735614402752, 0.5820219733837128, 0.17510183539711605, 0.049922811862520386, 0.09682297312073267, 0.3222361500435902, 0.31957028917155705, 0.016766915359720372, 0.008226621073435867, 0.1145205666371852, 0.006509217860562343, 0.10667701373537437, 0.008509032996410123, 0.000441815385545777, 0.006681099384948941, 0.005870505423006612, 0.0025850976347697387, 0.019397729785570115, 0.0019765093888212877, 0.004768078115877854, 0.007730305678689689, 0.0020921925227009234, 0.02086478838350712, 0.00808575609853864, 9.136322588864401e-05, 0.0018538585343962413, 0.0, 0.011483286391759953, 0.0005924609028293218, 0.0014313297205384662, 0.02434352082676535, 0.01300315866048406, 0.00041177717411156425, 0.009020748090437085, 0.02230755615563406, 0.0006514825347460182, 0.0024257391680393113, 0.035376265801906344, 0.01604335599381836, 0.009098360681868516, 0.0073291221767846, 0.01636069324876212, 0.007508523023482505, 0.008602999625234371, 0.009558513277075036, 0.0003254877919106305, 0.0117335702586859, 0.006679202905810484, 0.007441778602535594, 0.008694452201544599, 6.517642658733811e-05, 0.007627159345763049, 0.004333099216858567]}, {'overall_acc': 0.8167495854063018, 'bal_acc': 0.6788373210605118, 'avg_odds_diff': 0.2647608933490283, 'disp_imp': 1.5851824841961133, 'stat_par_diff': 0.06918705907246685, 'eq_opp_diff': 0.43578854579865695, 'theil_ind': 0.17029658983819432, 'TPR': 0.4112949229891614, 'TNR': 0.9463797191318621, 'FPR': 0.05362028086813788, 'FNR': 0.5887050770108385, 'GTPR': 1.0, 'GTNR': 1.0, 'GFPR': 0.0, 'GFNR': 0.0, 'PPV': 0.7103448275862069, 'NPV': 0.8341102716605048, 'FDR': 0.2896551724137931, 'FOR': 0.16588972833949525, 'ACC': 0.8167495854063018, 'MCC': 0.4412910408948203, 'f1_score': 0.5209537572254335, 'fitness': 0.37210398182235344, 'solution': {'corr_type': 'spearman', 'l2': 0.01, 'dropout': 0.03652931490499456, 'privileged_demotion': 0.5432151197955227, 'privileged_promotion': 0.06338784861841602, 'protected_demotion': 0.003889412907741946, 'protected_promotion': 0.6270772777109771}, 'corr': [0.0931529311475826, 0.0006331037854109161, 1.0, 0.06791682233491302, 0.04481601124698501, 0.26955744930122183, 0.005131440098826536, 0.0440112472896473, 0.06451372662508054, 0.08458889802497334, 0.10645543476849864, 0.032454532563875524, 0.002621052861836258, 0.0049559113809191325, 0.006331801937945235, 0.003101429167736041, 0.011415758167678959, 0.01193728452567073, 0.02624174122786116, 0.015904158391320557, 0.028006641624529274, 0.013915410034949451, 0.015583283721443063, 0.02902129375936623, 0.010731489934577107, 0.006651910588910397, 0.0018957059919273115, 0.053329621045047244, 0.05320724660668678, 0.23548112422235673, 0.018216002961722273, 0.43547180044759265, 0.03618301242632242, 0.1767364263023397, 0.11057247363896258, 0.17718909693216775, 0.27653367321770206, 0.012283813665969605, 0.2284114352752249, 0.02950020938541191, 0.10193055262580429, 0.09368863011650898, 0.03715249532343919, 0.16839691334400858, 0.09094120716092238, 0.03425226490172145, 0.06284270450426736, 0.02735156424040557, 0.02256573632265817, 0.13412735614402752, 0.5820219733837128, 0.17510183539711605, 0.049922811862520386, 0.09682297312073267, 0.3222361500435902, 0.31957028917155705, 0.016766915359720372, 0.008226621073435867, 0.1145205666371852, 0.006509217860562343, 0.10667701373537437, 0.008509032996410123, 0.000441815385545777, 0.006681099384948941, 0.005870505423006612, 0.0025850976347697387, 0.019397729785570115, 0.0019765093888212877, 0.004768078115877854, 0.007730305678689689, 0.0020921925227009234, 0.02086478838350712, 0.00808575609853864, 9.136322588864401e-05, 0.0018538585343962413, 0.0, 0.011483286391759953, 0.0005924609028293218, 0.0014313297205384662, 0.02434352082676535, 0.01300315866048406, 0.00041177717411156425, 0.009020748090437085, 0.02230755615563406, 0.0006514825347460182, 0.0024257391680393113, 0.035376265801906344, 0.01604335599381836, 0.009098360681868516, 0.0073291221767846, 0.01636069324876212, 0.007508523023482505, 0.008602999625234371, 0.009558513277075036, 0.0003254877919106305, 0.0117335702586859, 0.006679202905810484, 0.007441778602535594, 0.008694452201544599, 6.517642658733811e-05, 0.007627159345763049, 0.004333099216858567]}, {'overall_acc': 0.8171641791044776, 'bal_acc': 0.6608716627518194, 'avg_odds_diff': 0.20582570794769997, 'disp_imp': 1.2506457533789421, 'stat_par_diff': 0.026431918831281667, 'eq_opp_diff': 0.3668637058930284, 'theil_ind': 0.18070953215225094, 'TPR': 0.35767256132344555, 'TNR': 0.9640707641801933, 'FPR': 0.03592923581980668, 'FNR': 0.6423274386765545, 'GTPR': 1.0, 'GTNR': 1.0, 'GFPR': 0.0, 'GFNR': 0.0, 'PPV': 0.7609223300970874, 'NPV': 0.8243917654398004, 'FDR': 0.23907766990291263, 'FOR': 0.17560823456019964, 'ACC': 0.8171641791044776, 'MCC': 0.43395956443220934, 'f1_score': 0.48661233993015135, 'fitness': 0.4075276456009277, 'solution': {'corr_type': 'spearman', 'l2': 0.01, 'dropout': 0.03834131999226825, 'privileged_demotion': 0.5542936892293353, 'privileged_promotion': 0.027209769679262807, 'protected_demotion': 0.04844133748805323, 'protected_promotion': 0.5380143306260531}, 'corr': [0.0931529311475826, 0.0006331037854109161, 1.0, 0.06791682233491302, 0.04481601124698501, 0.26955744930122183, 0.005131440098826536, 0.0440112472896473, 0.06451372662508054, 0.08458889802497334, 0.10645543476849864, 0.032454532563875524, 0.002621052861836258, 0.0049559113809191325, 0.006331801937945235, 0.003101429167736041, 0.011415758167678959, 0.01193728452567073, 0.02624174122786116, 0.015904158391320557, 0.028006641624529274, 0.013915410034949451, 0.015583283721443063, 0.02902129375936623, 0.010731489934577107, 0.006651910588910397, 0.0018957059919273115, 0.053329621045047244, 0.05320724660668678, 0.23548112422235673, 0.018216002961722273, 0.43547180044759265, 0.03618301242632242, 0.1767364263023397, 0.11057247363896258, 0.17718909693216775, 0.27653367321770206, 0.012283813665969605, 0.2284114352752249, 0.02950020938541191, 0.10193055262580429, 0.09368863011650898, 0.03715249532343919, 0.16839691334400858, 0.09094120716092238, 0.03425226490172145, 0.06284270450426736, 0.02735156424040557, 0.02256573632265817, 0.13412735614402752, 0.5820219733837128, 0.17510183539711605, 0.049922811862520386, 0.09682297312073267, 0.3222361500435902, 0.31957028917155705, 0.016766915359720372, 0.008226621073435867, 0.1145205666371852, 0.006509217860562343, 0.10667701373537437, 0.008509032996410123, 0.000441815385545777, 0.006681099384948941, 0.005870505423006612, 0.0025850976347697387, 0.019397729785570115, 0.0019765093888212877, 0.004768078115877854, 0.007730305678689689, 0.0020921925227009234, 0.02086478838350712, 0.00808575609853864, 9.136322588864401e-05, 0.0018538585343962413, 0.0, 0.011483286391759953, 0.0005924609028293218, 0.0014313297205384662, 0.02434352082676535, 0.01300315866048406, 0.00041177717411156425, 0.009020748090437085, 0.02230755615563406, 0.0006514825347460182, 0.0024257391680393113, 0.035376265801906344, 0.01604335599381836, 0.009098360681868516, 0.0073291221767846, 0.01636069324876212, 0.007508523023482505, 0.008602999625234371, 0.009558513277075036, 0.0003254877919106305, 0.0117335702586859, 0.006679202905810484, 0.007441778602535594, 0.008694452201544599, 6.517642658733811e-05, 0.007627159345763049, 0.004333099216858567]}, {'overall_acc': 0.8312603648424544, 'bal_acc': 0.6990842617938826, 'avg_odds_diff': 0.15954511831357102, 'disp_imp': 0.9824080884064313, 'stat_par_diff': 0.0024937631725622522, 'eq_opp_diff': 0.27628788468020016, 'theil_ind': 0.15882030911708622, 'TPR': 0.44266970907016545, 'TNR': 0.9554988145175999, 'FPR': 0.044501185482400146, 'FNR': 0.5573302909298345, 'GTPR': 1.0, 'GTNR': 1.0, 'GFPR': 0.0, 'GFNR': 0.0, 'PPV': 0.7607843137254902, 'NPV': 0.8428249678249679, 'FDR': 0.23921568627450981, 'FOR': 0.15717503217503218, 'ACC': 0.8312603648424544, 'MCC': 0.49024301775631407, 'f1_score': 0.5596826541651642, 'fitness': 0.48774925458375185, 'solution': {'corr_type': 'spearman', 'l2': 0.01, 'dropout': 0.053561310642875365, 'privileged_demotion': 0.39814304237248244, 'privileged_promotion': 0.05414016305996883, 'protected_demotion': 0.03176118336145286, 'protected_promotion': 0.6385453532844549}, 'corr': [0.0931529311475826, 0.0006331037854109161, 1.0, 0.06791682233491302, 0.04481601124698501, 0.26955744930122183, 0.005131440098826536, 0.0440112472896473, 0.06451372662508054, 0.08458889802497334, 0.10645543476849864, 0.032454532563875524, 0.002621052861836258, 0.0049559113809191325, 0.006331801937945235, 0.003101429167736041, 0.011415758167678959, 0.01193728452567073, 0.02624174122786116, 0.015904158391320557, 0.028006641624529274, 0.013915410034949451, 0.015583283721443063, 0.02902129375936623, 0.010731489934577107, 0.006651910588910397, 0.0018957059919273115, 0.053329621045047244, 0.05320724660668678, 0.23548112422235673, 0.018216002961722273, 0.43547180044759265, 0.03618301242632242, 0.1767364263023397, 0.11057247363896258, 0.17718909693216775, 0.27653367321770206, 0.012283813665969605, 0.2284114352752249, 0.02950020938541191, 0.10193055262580429, 0.09368863011650898, 0.03715249532343919, 0.16839691334400858, 0.09094120716092238, 0.03425226490172145, 0.06284270450426736, 0.02735156424040557, 0.02256573632265817, 0.13412735614402752, 0.5820219733837128, 0.17510183539711605, 0.049922811862520386, 0.09682297312073267, 0.3222361500435902, 0.31957028917155705, 0.016766915359720372, 0.008226621073435867, 0.1145205666371852, 0.006509217860562343, 0.10667701373537437, 0.008509032996410123, 0.000441815385545777, 0.006681099384948941, 0.005870505423006612, 0.0025850976347697387, 0.019397729785570115, 0.0019765093888212877, 0.004768078115877854, 0.007730305678689689, 0.0020921925227009234, 0.02086478838350712, 0.00808575609853864, 9.136322588864401e-05, 0.0018538585343962413, 0.0, 0.011483286391759953, 0.0005924609028293218, 0.0014313297205384662, 0.02434352082676535, 0.01300315866048406, 0.00041177717411156425, 0.009020748090437085, 0.02230755615563406, 0.0006514825347460182, 0.0024257391680393113, 0.035376265801906344, 0.01604335599381836, 0.009098360681868516, 0.0073291221767846, 0.01636069324876212, 0.007508523023482505, 0.008602999625234371, 0.009558513277075036, 0.0003254877919106305, 0.0117335702586859, 0.006679202905810484, 0.007441778602535594, 0.008694452201544599, 6.517642658733811e-05, 0.007627159345763049, 0.004333099216858567]}, {'overall_acc': 0.8391376451077943, 'bal_acc': 0.7884930645456126, 'avg_odds_diff': 0.06241408009494888, 'disp_imp': 0.5583887584183385, 'stat_par_diff': 0.1300384349577312, 'eq_opp_diff': 0.08597391822872114, 'theil_ind': 0.10698248601415188, 'TPR': 0.6902452937820879, 'TNR': 0.8867408353091374, 'FPR': 0.11325916469086267, 'FNR': 0.3097547062179121, 'GTPR': 1.0, 'GTNR': 1.0, 'GFPR': 0.0, 'GFNR': 0.0, 'PPV': 0.6608410704533042, 'NPV': 0.8995374653098982, 'FDR': 0.3391589295466958, 'FOR': 0.10046253469010176, 'ACC': 0.8391376451077943, 'MCC': 0.5686217039260978, 'f1_score': 0.6752232142857143, 'fitness': 0.4385832689683666, 'solution': {'corr_type': 'spearman', 'l2': 0.01, 'dropout': 0.06786312516781533, 'privileged_demotion': 0.007804437474077219, 'privileged_promotion': 0.04248538260704915, 'protected_demotion': 0.004281301713860292, 'protected_promotion': 0.6216493765280059}, 'corr': [0.0931529311475826, 0.0006331037854109161, 1.0, 0.06791682233491302, 0.04481601124698501, 0.26955744930122183, 0.005131440098826536, 0.0440112472896473, 0.06451372662508054, 0.08458889802497334, 0.10645543476849864, 0.032454532563875524, 0.002621052861836258, 0.0049559113809191325, 0.006331801937945235, 0.003101429167736041, 0.011415758167678959, 0.01193728452567073, 0.02624174122786116, 0.015904158391320557, 0.028006641624529274, 0.013915410034949451, 0.015583283721443063, 0.02902129375936623, 0.010731489934577107, 0.006651910588910397, 0.0018957059919273115, 0.053329621045047244, 0.05320724660668678, 0.23548112422235673, 0.018216002961722273, 0.43547180044759265, 0.03618301242632242, 0.1767364263023397, 0.11057247363896258, 0.17718909693216775, 0.27653367321770206, 0.012283813665969605, 0.2284114352752249, 0.02950020938541191, 0.10193055262580429, 0.09368863011650898, 0.03715249532343919, 0.16839691334400858, 0.09094120716092238, 0.03425226490172145, 0.06284270450426736, 0.02735156424040557, 0.02256573632265817, 0.13412735614402752, 0.5820219733837128, 0.17510183539711605, 0.049922811862520386, 0.09682297312073267, 0.3222361500435902, 0.31957028917155705, 0.016766915359720372, 0.008226621073435867, 0.1145205666371852, 0.006509217860562343, 0.10667701373537437, 0.008509032996410123, 0.000441815385545777, 0.006681099384948941, 0.005870505423006612, 0.0025850976347697387, 0.019397729785570115, 0.0019765093888212877, 0.004768078115877854, 0.007730305678689689, 0.0020921925227009234, 0.02086478838350712, 0.00808575609853864, 9.136322588864401e-05, 0.0018538585343962413, 0.0, 0.011483286391759953, 0.0005924609028293218, 0.0014313297205384662, 0.02434352082676535, 0.01300315866048406, 0.00041177717411156425, 0.009020748090437085, 0.02230755615563406, 0.0006514825347460182, 0.0024257391680393113, 0.035376265801906344, 0.01604335599381836, 0.009098360681868516, 0.0073291221767846, 0.01636069324876212, 0.007508523023482505, 0.008602999625234371, 0.009558513277075036, 0.0003254877919106305, 0.0117335702586859, 0.006679202905810484, 0.007441778602535594, 0.008694452201544599, 6.517642658733811e-05, 0.007627159345763049, 0.004333099216858567]}, {'overall_acc': 0.8370646766169154, 'bal_acc': 0.7750950690403435, 'avg_odds_diff': 0.06761056527909082, 'disp_imp': 0.5935342469280431, 'stat_par_diff': 0.11111657577387912, 'eq_opp_diff': 0.10926602888180237, 'theil_ind': 0.11473510952956002, 'TPR': 0.6548773531089561, 'TNR': 0.8953127849717308, 'FPR': 0.10468721502826919, 'FNR': 0.34512264689104394, 'GTPR': 1.0, 'GTNR': 1.0, 'GFPR': 0.0, 'GFNR': 0.0, 'PPV': 0.6666666666666666, 'NPV': 0.8902792890823359, 'FDR': 0.3333333333333333, 'FOR': 0.10972071091766412, 'ACC': 0.8370646766169154, 'MCC': 0.5535577407073483, 'f1_score': 0.6607194244604316, 'fitness': 0.4424411649334692, 'solution': {'corr_type': 'spearman', 'l2': 0.01, 'dropout': 0.055407094987629864, 'privileged_demotion': 0.049538488409219705, 'privileged_promotion': 0.04249302788660245, 'protected_demotion': 0.0028045092814119547, 'protected_promotion': 0.6256485732625211}, 'corr': [0.0931529311475826, 0.0006331037854109161, 1.0, 0.06791682233491302, 0.04481601124698501, 0.26955744930122183, 0.005131440098826536, 0.0440112472896473, 0.06451372662508054, 0.08458889802497334, 0.10645543476849864, 0.032454532563875524, 0.002621052861836258, 0.0049559113809191325, 0.006331801937945235, 0.003101429167736041, 0.011415758167678959, 0.01193728452567073, 0.02624174122786116, 0.015904158391320557, 0.028006641624529274, 0.013915410034949451, 0.015583283721443063, 0.02902129375936623, 0.010731489934577107, 0.006651910588910397, 0.0018957059919273115, 0.053329621045047244, 0.05320724660668678, 0.23548112422235673, 0.018216002961722273, 0.43547180044759265, 0.03618301242632242, 0.1767364263023397, 0.11057247363896258, 0.17718909693216775, 0.27653367321770206, 0.012283813665969605, 0.2284114352752249, 0.02950020938541191, 0.10193055262580429, 0.09368863011650898, 0.03715249532343919, 0.16839691334400858, 0.09094120716092238, 0.03425226490172145, 0.06284270450426736, 0.02735156424040557, 0.02256573632265817, 0.13412735614402752, 0.5820219733837128, 0.17510183539711605, 0.049922811862520386, 0.09682297312073267, 0.3222361500435902, 0.31957028917155705, 0.016766915359720372, 0.008226621073435867, 0.1145205666371852, 0.006509217860562343, 0.10667701373537437, 0.008509032996410123, 0.000441815385545777, 0.006681099384948941, 0.005870505423006612, 0.0025850976347697387, 0.019397729785570115, 0.0019765093888212877, 0.004768078115877854, 0.007730305678689689, 0.0020921925227009234, 0.02086478838350712, 0.00808575609853864, 9.136322588864401e-05, 0.0018538585343962413, 0.0, 0.011483286391759953, 0.0005924609028293218, 0.0014313297205384662, 0.02434352082676535, 0.01300315866048406, 0.00041177717411156425, 0.009020748090437085, 0.02230755615563406, 0.0006514825347460182, 0.0024257391680393113, 0.035376265801906344, 0.01604335599381836, 0.009098360681868516, 0.0073291221767846, 0.01636069324876212, 0.007508523023482505, 0.008602999625234371, 0.009558513277075036, 0.0003254877919106305, 0.0117335702586859, 0.006679202905810484, 0.007441778602535594, 0.008694452201544599, 6.517642658733811e-05, 0.007627159345763049, 0.004333099216858567]}, {'overall_acc': 0.5881702598120508, 'bal_acc': 0.6244425673338294, 'avg_odds_diff': 0.6178953607856633, 'disp_imp': 3.597281039690278, 'stat_par_diff': 0.7195063679206894, 'eq_opp_diff': 0.35785953177257523, 'theil_ind': 0.13634998657207392, 'TPR': 0.6948088990302339, 'TNR': 0.5540762356374248, 'FPR': 0.44592376436257525, 'FNR': 0.3051911009697661, 'GTPR': 1.0, 'GTNR': 1.0, 'GFPR': 0.0, 'GFNR': 0.0, 'PPV': 0.3325143325143325, 'NPV': 0.850265883011475, 'FDR': 0.6674856674856675, 'FOR': 0.14973411698852504, 'ACC': 0.5881702598120508, 'MCC': 0.21328684571657075, 'f1_score': 0.44977843426883307, 'fitness': -0.5062195222041187, 'solution': {'corr_type': 'spearman', 'l2': 0.01, 'dropout': 0.05463874934825365, 'privileged_demotion': 0.06466806535516323, 'privileged_promotion': 0.04016237098021269, 'protected_demotion': 0.7445027740205581, 'protected_promotion': 0.5454121591858081}, 'corr': [0.0931529311475826, 0.0006331037854109161, 1.0, 0.06791682233491302, 0.04481601124698501, 0.26955744930122183, 0.005131440098826536, 0.0440112472896473, 0.06451372662508054, 0.08458889802497334, 0.10645543476849864, 0.032454532563875524, 0.002621052861836258, 0.0049559113809191325, 0.006331801937945235, 0.003101429167736041, 0.011415758167678959, 0.01193728452567073, 0.02624174122786116, 0.015904158391320557, 0.028006641624529274, 0.013915410034949451, 0.015583283721443063, 0.02902129375936623, 0.010731489934577107, 0.006651910588910397, 0.0018957059919273115, 0.053329621045047244, 0.05320724660668678, 0.23548112422235673, 0.018216002961722273, 0.43547180044759265, 0.03618301242632242, 0.1767364263023397, 0.11057247363896258, 0.17718909693216775, 0.27653367321770206, 0.012283813665969605, 0.2284114352752249, 0.02950020938541191, 0.10193055262580429, 0.09368863011650898, 0.03715249532343919, 0.16839691334400858, 0.09094120716092238, 0.03425226490172145, 0.06284270450426736, 0.02735156424040557, 0.02256573632265817, 0.13412735614402752, 0.5820219733837128, 0.17510183539711605, 0.049922811862520386, 0.09682297312073267, 0.3222361500435902, 0.31957028917155705, 0.016766915359720372, 0.008226621073435867, 0.1145205666371852, 0.006509217860562343, 0.10667701373537437, 0.008509032996410123, 0.000441815385545777, 0.006681099384948941, 0.005870505423006612, 0.0025850976347697387, 0.019397729785570115, 0.0019765093888212877, 0.004768078115877854, 0.007730305678689689, 0.0020921925227009234, 0.02086478838350712, 0.00808575609853864, 9.136322588864401e-05, 0.0018538585343962413, 0.0, 0.011483286391759953, 0.0005924609028293218, 0.0014313297205384662, 0.02434352082676535, 0.01300315866048406, 0.00041177717411156425, 0.009020748090437085, 0.02230755615563406, 0.0006514825347460182, 0.0024257391680393113, 0.035376265801906344, 0.01604335599381836, 0.009098360681868516, 0.0073291221767846, 0.01636069324876212, 0.007508523023482505, 0.008602999625234371, 0.009558513277075036, 0.0003254877919106305, 0.0117335702586859, 0.006679202905810484, 0.007441778602535594, 0.008694452201544599, 6.517642658733811e-05, 0.007627159345763049, 0.004333099216858567]}, {'overall_acc': 0.8391376451077943, 'bal_acc': 0.7134017617488855, 'avg_odds_diff': 0.07917435142916635, 'disp_imp': 0.6557936876087616, 'stat_par_diff': 0.056471893474855386, 'eq_opp_diff': 0.1539524513235332, 'theil_ind': 0.15073275993887333, 'TPR': 0.4694808899030234, 'TNR': 0.9573226335947475, 'FPR': 0.0426773664052526, 'FNR': 0.5305191100969766, 'GTPR': 1.0, 'GTNR': 1.0, 'GFPR': 0.0, 'GFNR': 0.0, 'PPV': 0.7786187322611163, 'NPV': 0.8494902087716459, 'FDR': 0.22138126773888364, 'FOR': 0.1505097912283541, 'ACC': 0.8391376451077943, 'MCC': 0.5177635649340696, 'f1_score': 0.5857651245551602, 'fitness': 0.46129167145921424, 'solution': {'corr_type': 'spearman', 'l2': 0.01, 'dropout': 0.05616754009187585, 'privileged_demotion': 0.3925846511985429, 'privileged_promotion': 0.047114020454865055, 'protected_demotion': 0.1354970946021417, 'protected_promotion': 0.41376183883230805}, 'corr': [0.0931529311475826, 0.0006331037854109161, 1.0, 0.06791682233491302, 0.04481601124698501, 0.26955744930122183, 0.005131440098826536, 0.0440112472896473, 0.06451372662508054, 0.08458889802497334, 0.10645543476849864, 0.032454532563875524, 0.002621052861836258, 0.0049559113809191325, 0.006331801937945235, 0.003101429167736041, 0.011415758167678959, 0.01193728452567073, 0.02624174122786116, 0.015904158391320557, 0.028006641624529274, 0.013915410034949451, 0.015583283721443063, 0.02902129375936623, 0.010731489934577107, 0.006651910588910397, 0.0018957059919273115, 0.053329621045047244, 0.05320724660668678, 0.23548112422235673, 0.018216002961722273, 0.43547180044759265, 0.03618301242632242, 0.1767364263023397, 0.11057247363896258, 0.17718909693216775, 0.27653367321770206, 0.012283813665969605, 0.2284114352752249, 0.02950020938541191, 0.10193055262580429, 0.09368863011650898, 0.03715249532343919, 0.16839691334400858, 0.09094120716092238, 0.03425226490172145, 0.06284270450426736, 0.02735156424040557, 0.02256573632265817, 0.13412735614402752, 0.5820219733837128, 0.17510183539711605, 0.049922811862520386, 0.09682297312073267, 0.3222361500435902, 0.31957028917155705, 0.016766915359720372, 0.008226621073435867, 0.1145205666371852, 0.006509217860562343, 0.10667701373537437, 0.008509032996410123, 0.000441815385545777, 0.006681099384948941, 0.005870505423006612, 0.0025850976347697387, 0.019397729785570115, 0.0019765093888212877, 0.004768078115877854, 0.007730305678689689, 0.0020921925227009234, 0.02086478838350712, 0.00808575609853864, 9.136322588864401e-05, 0.0018538585343962413, 0.0, 0.011483286391759953, 0.0005924609028293218, 0.0014313297205384662, 0.02434352082676535, 0.01300315866048406, 0.00041177717411156425, 0.009020748090437085, 0.02230755615563406, 0.0006514825347460182, 0.0024257391680393113, 0.035376265801906344, 0.01604335599381836, 0.009098360681868516, 0.0073291221767846, 0.01636069324876212, 0.007508523023482505, 0.008602999625234371, 0.009558513277075036, 0.0003254877919106305, 0.0117335702586859, 0.006679202905810484, 0.007441778602535594, 0.008694452201544599, 6.517642658733811e-05, 0.007627159345763049, 0.004333099216858567]}, {'overall_acc': 0.8369264787175235, 'bal_acc': 0.7208682876981478, 'avg_odds_diff': 0.10412168164939595, 'disp_imp': 0.765447061976346, 'stat_par_diff': 0.04081249661819003, 'eq_opp_diff': 0.18681133494075863, 'theil_ind': 0.1464768076470929, 'TPR': 0.4957216200798631, 'TNR': 0.9460149553164326, 'FPR': 0.05398504468356739, 'FNR': 0.5042783799201369, 'GTPR': 1.0, 'GTNR': 1.0, 'GFPR': 0.0, 'GFNR': 0.0, 'PPV': 0.7459227467811159, 'NPV': 0.854389721627409, 'FDR': 0.25407725321888414, 'FOR': 0.145610278372591, 'ACC': 0.8369264787175235, 'MCC': 0.5149562835450003, 'f1_score': 0.5956134338588075, 'fitness': 0.4741437869268103, 'solution': {'corr_type': 'spearman', 'l2': 0.01, 'dropout': 0.05228208248835435, 'privileged_demotion': 0.34883403690061154, 'privileged_promotion': 0.051685646828303726, 'protected_demotion': 0.13500333437528292, 'protected_promotion': 0.7647936699878182}, 'corr': [0.0931529311475826, 0.0006331037854109161, 1.0, 0.06791682233491302, 0.04481601124698501, 0.26955744930122183, 0.005131440098826536, 0.0440112472896473, 0.06451372662508054, 0.08458889802497334, 0.10645543476849864, 0.032454532563875524, 0.002621052861836258, 0.0049559113809191325, 0.006331801937945235, 0.003101429167736041, 0.011415758167678959, 0.01193728452567073, 0.02624174122786116, 0.015904158391320557, 0.028006641624529274, 0.013915410034949451, 0.015583283721443063, 0.02902129375936623, 0.010731489934577107, 0.006651910588910397, 0.0018957059919273115, 0.053329621045047244, 0.05320724660668678, 0.23548112422235673, 0.018216002961722273, 0.43547180044759265, 0.03618301242632242, 0.1767364263023397, 0.11057247363896258, 0.17718909693216775, 0.27653367321770206, 0.012283813665969605, 0.2284114352752249, 0.02950020938541191, 0.10193055262580429, 0.09368863011650898, 0.03715249532343919, 0.16839691334400858, 0.09094120716092238, 0.03425226490172145, 0.06284270450426736, 0.02735156424040557, 0.02256573632265817, 0.13412735614402752, 0.5820219733837128, 0.17510183539711605, 0.049922811862520386, 0.09682297312073267, 0.3222361500435902, 0.31957028917155705, 0.016766915359720372, 0.008226621073435867, 0.1145205666371852, 0.006509217860562343, 0.10667701373537437, 0.008509032996410123, 0.000441815385545777, 0.006681099384948941, 0.005870505423006612, 0.0025850976347697387, 0.019397729785570115, 0.0019765093888212877, 0.004768078115877854, 0.007730305678689689, 0.0020921925227009234, 0.02086478838350712, 0.00808575609853864, 9.136322588864401e-05, 0.0018538585343962413, 0.0, 0.011483286391759953, 0.0005924609028293218, 0.0014313297205384662, 0.02434352082676535, 0.01300315866048406, 0.00041177717411156425, 0.009020748090437085, 0.02230755615563406, 0.0006514825347460182, 0.0024257391680393113, 0.035376265801906344, 0.01604335599381836, 0.009098360681868516, 0.0073291221767846, 0.01636069324876212, 0.007508523023482505, 0.008602999625234371, 0.009558513277075036, 0.0003254877919106305, 0.0117335702586859, 0.006679202905810484, 0.007441778602535594, 0.008694452201544599, 6.517642658733811e-05, 0.007627159345763049, 0.004333099216858567]}, {'overall_acc': 0.8370646766169154, 'bal_acc': 0.7038844537266512, 'avg_odds_diff': 0.09896658112202975, 'disp_imp': 0.6977728602833059, 'stat_par_diff': 0.04566197912977836, 'eq_opp_diff': 0.19113582743511964, 'theil_ind': 0.15608390631989108, 'TPR': 0.4455219623502567, 'TNR': 0.9622469451030458, 'FPR': 0.03775305489695422, 'FNR': 0.5544780376497433, 'GTPR': 1.0, 'GTNR': 1.0, 'GFPR': 0.0, 'GFNR': 0.0, 'PPV': 0.7904858299595142, 'NPV': 0.8444302176696543, 'FDR': 0.20951417004048584, 'FOR': 0.1555697823303457, 'ACC': 0.8370646766169154, 'MCC': 0.508821209332232, 'f1_score': 0.5698650127690624, 'fitness': 0.4631592302024536, 'solution': {'corr_type': 'spearman', 'l2': 0.01, 'dropout': 0.05470862860481127, 'privileged_demotion': 0.38743012582907, 'privileged_promotion': 0.04808796616495106, 'protected_demotion': 0.14504447588098102, 'protected_promotion': 0.4077272171733893}, 'corr': [0.0931529311475826, 0.0006331037854109161, 1.0, 0.06791682233491302, 0.04481601124698501, 0.26955744930122183, 0.005131440098826536, 0.0440112472896473, 0.06451372662508054, 0.08458889802497334, 0.10645543476849864, 0.032454532563875524, 0.002621052861836258, 0.0049559113809191325, 0.006331801937945235, 0.003101429167736041, 0.011415758167678959, 0.01193728452567073, 0.02624174122786116, 0.015904158391320557, 0.028006641624529274, 0.013915410034949451, 0.015583283721443063, 0.02902129375936623, 0.010731489934577107, 0.006651910588910397, 0.0018957059919273115, 0.053329621045047244, 0.05320724660668678, 0.23548112422235673, 0.018216002961722273, 0.43547180044759265, 0.03618301242632242, 0.1767364263023397, 0.11057247363896258, 0.17718909693216775, 0.27653367321770206, 0.012283813665969605, 0.2284114352752249, 0.02950020938541191, 0.10193055262580429, 0.09368863011650898, 0.03715249532343919, 0.16839691334400858, 0.09094120716092238, 0.03425226490172145, 0.06284270450426736, 0.02735156424040557, 0.02256573632265817, 0.13412735614402752, 0.5820219733837128, 0.17510183539711605, 0.049922811862520386, 0.09682297312073267, 0.3222361500435902, 0.31957028917155705, 0.016766915359720372, 0.008226621073435867, 0.1145205666371852, 0.006509217860562343, 0.10667701373537437, 0.008509032996410123, 0.000441815385545777, 0.006681099384948941, 0.005870505423006612, 0.0025850976347697387, 0.019397729785570115, 0.0019765093888212877, 0.004768078115877854, 0.007730305678689689, 0.0020921925227009234, 0.02086478838350712, 0.00808575609853864, 9.136322588864401e-05, 0.0018538585343962413, 0.0, 0.011483286391759953, 0.0005924609028293218, 0.0014313297205384662, 0.02434352082676535, 0.01300315866048406, 0.00041177717411156425, 0.009020748090437085, 0.02230755615563406, 0.0006514825347460182, 0.0024257391680393113, 0.035376265801906344, 0.01604335599381836, 0.009098360681868516, 0.0073291221767846, 0.01636069324876212, 0.007508523023482505, 0.008602999625234371, 0.009558513277075036, 0.0003254877919106305, 0.0117335702586859, 0.006679202905810484, 0.007441778602535594, 0.008694452201544599, 6.517642658733811e-05, 0.007627159345763049, 0.004333099216858567]}, {'overall_acc': 0.8312603648424544, 'bal_acc': 0.7394434116174466, 'avg_odds_diff': 0.15114696554534757, 'disp_imp': 0.9143964844339603, 'stat_par_diff': 0.017464436556365037, 'eq_opp_diff': 0.25532394804386715, 'theil_ind': 0.13536026704183954, 'TPR': 0.5613234455219623, 'TNR': 0.9175633777129308, 'FPR': 0.08243662228706912, 'FNR': 0.43867655447803766, 'GTPR': 1.0, 'GTNR': 1.0, 'GFPR': 0.0, 'GFNR': 0.0, 'PPV': 0.6852367688022284, 'NPV': 0.8674137931034482, 'FDR': 0.3147632311977716, 'FOR': 0.13258620689655173, 'ACC': 0.8312603648424544, 'MCC': 0.5144483180553593, 'f1_score': 0.6171213546566321, 'fitness': 0.49698388149899425, 'solution': {'corr_type': 'spearman', 'l2': 0.01, 'dropout': 0.05029088075482742, 'privileged_demotion': 0.34432144498627326, 'privileged_promotion': 0.12166798893907976, 'protected_demotion': 0.041084323745769424, 'protected_promotion': 0.7952631271330649}, 'corr': [0.0931529311475826, 0.0006331037854109161, 1.0, 0.06791682233491302, 0.04481601124698501, 0.26955744930122183, 0.005131440098826536, 0.0440112472896473, 0.06451372662508054, 0.08458889802497334, 0.10645543476849864, 0.032454532563875524, 0.002621052861836258, 0.0049559113809191325, 0.006331801937945235, 0.003101429167736041, 0.011415758167678959, 0.01193728452567073, 0.02624174122786116, 0.015904158391320557, 0.028006641624529274, 0.013915410034949451, 0.015583283721443063, 0.02902129375936623, 0.010731489934577107, 0.006651910588910397, 0.0018957059919273115, 0.053329621045047244, 0.05320724660668678, 0.23548112422235673, 0.018216002961722273, 0.43547180044759265, 0.03618301242632242, 0.1767364263023397, 0.11057247363896258, 0.17718909693216775, 0.27653367321770206, 0.012283813665969605, 0.2284114352752249, 0.02950020938541191, 0.10193055262580429, 0.09368863011650898, 0.03715249532343919, 0.16839691334400858, 0.09094120716092238, 0.03425226490172145, 0.06284270450426736, 0.02735156424040557, 0.02256573632265817, 0.13412735614402752, 0.5820219733837128, 0.17510183539711605, 0.049922811862520386, 0.09682297312073267, 0.3222361500435902, 0.31957028917155705, 0.016766915359720372, 0.008226621073435867, 0.1145205666371852, 0.006509217860562343, 0.10667701373537437, 0.008509032996410123, 0.000441815385545777, 0.006681099384948941, 0.005870505423006612, 0.0025850976347697387, 0.019397729785570115, 0.0019765093888212877, 0.004768078115877854, 0.007730305678689689, 0.0020921925227009234, 0.02086478838350712, 0.00808575609853864, 9.136322588864401e-05, 0.0018538585343962413, 0.0, 0.011483286391759953, 0.0005924609028293218, 0.0014313297205384662, 0.02434352082676535, 0.01300315866048406, 0.00041177717411156425, 0.009020748090437085, 0.02230755615563406, 0.0006514825347460182, 0.0024257391680393113, 0.035376265801906344, 0.01604335599381836, 0.009098360681868516, 0.0073291221767846, 0.01636069324876212, 0.007508523023482505, 0.008602999625234371, 0.009558513277075036, 0.0003254877919106305, 0.0117335702586859, 0.006679202905810484, 0.007441778602535594, 0.008694452201544599, 6.517642658733811e-05, 0.007627159345763049, 0.004333099216858567]}, {'overall_acc': 0.4299336650082919, 'bal_acc': 0.36945825082537437, 'avg_odds_diff': 0.5066488474296587, 'disp_imp': 0.2617849630727979, 'stat_par_diff': 0.434305784247782, 'eq_opp_diff': 0.35880843120479117, 'theil_ind': 0.25766624775700564, 'TPR': 0.25213918996006845, 'TNR': 0.4867773116906803, 'FPR': 0.5132226883093197, 'FNR': 0.7478608100399315, 'GTPR': 1.0, 'GTNR': 1.0, 'GFPR': 0.0, 'GFNR': 0.0, 'PPV': 0.13574938574938575, 'NPV': 0.6706030150753769, 'FDR': 0.8642506142506142, 'FOR': 0.3293969849246231, 'ACC': 0.4299336650082919, 'MCC': -0.22485149018764483, 'f1_score': 0.17648233180275502, 'fitness': -0.6591572744354268, 'solution': {'corr_type': 'spearman', 'l2': 0.01, 'dropout': 0.05108562480036889, 'privileged_demotion': 0.3835916932278989, 'privileged_promotion': 0.7511985911736734, 'protected_demotion': 0.13062485495583379, 'protected_promotion': 0.808744932498985}, 'corr': [0.0931529311475826, 0.0006331037854109161, 1.0, 0.06791682233491302, 0.04481601124698501, 0.26955744930122183, 0.005131440098826536, 0.0440112472896473, 0.06451372662508054, 0.08458889802497334, 0.10645543476849864, 0.032454532563875524, 0.002621052861836258, 0.0049559113809191325, 0.006331801937945235, 0.003101429167736041, 0.011415758167678959, 0.01193728452567073, 0.02624174122786116, 0.015904158391320557, 0.028006641624529274, 0.013915410034949451, 0.015583283721443063, 0.02902129375936623, 0.010731489934577107, 0.006651910588910397, 0.0018957059919273115, 0.053329621045047244, 0.05320724660668678, 0.23548112422235673, 0.018216002961722273, 0.43547180044759265, 0.03618301242632242, 0.1767364263023397, 0.11057247363896258, 0.17718909693216775, 0.27653367321770206, 0.012283813665969605, 0.2284114352752249, 0.02950020938541191, 0.10193055262580429, 0.09368863011650898, 0.03715249532343919, 0.16839691334400858, 0.09094120716092238, 0.03425226490172145, 0.06284270450426736, 0.02735156424040557, 0.02256573632265817, 0.13412735614402752, 0.5820219733837128, 0.17510183539711605, 0.049922811862520386, 0.09682297312073267, 0.3222361500435902, 0.31957028917155705, 0.016766915359720372, 0.008226621073435867, 0.1145205666371852, 0.006509217860562343, 0.10667701373537437, 0.008509032996410123, 0.000441815385545777, 0.006681099384948941, 0.005870505423006612, 0.0025850976347697387, 0.019397729785570115, 0.0019765093888212877, 0.004768078115877854, 0.007730305678689689, 0.0020921925227009234, 0.02086478838350712, 0.00808575609853864, 9.136322588864401e-05, 0.0018538585343962413, 0.0, 0.011483286391759953, 0.0005924609028293218, 0.0014313297205384662, 0.02434352082676535, 0.01300315866048406, 0.00041177717411156425, 0.009020748090437085, 0.02230755615563406, 0.0006514825347460182, 0.0024257391680393113, 0.035376265801906344, 0.01604335599381836, 0.009098360681868516, 0.0073291221767846, 0.01636069324876212, 0.007508523023482505, 0.008602999625234371, 0.009558513277075036, 0.0003254877919106305, 0.0117335702586859, 0.006679202905810484, 0.007441778602535594, 0.008694452201544599, 6.517642658733811e-05, 0.007627159345763049, 0.004333099216858567]}, {'overall_acc': 0.19679380873410723, 'bal_acc': 0.22027593664762077, 'avg_odds_diff': 0.35770238050511544, 'disp_imp': 1.5835614469787043, 'stat_par_diff': 0.3394147698103679, 'eq_opp_diff': 0.5200046667185192, 'theil_ind': 0.22908244221876456, 'TPR': 0.26583000570450654, 'TNR': 0.174721867590735, 'FPR': 0.825278132409265, 'FNR': 0.7341699942954935, 'GTPR': 1.0, 'GTNR': 1.0, 'GFPR': 0.0, 'GFNR': 0.0, 'PPV': 0.09336806251252254, 'NPV': 0.4267260579064588, 'FDR': 0.9066319374874775, 'FOR': 0.5732739420935412, 'ACC': 0.19679380873410723, 'MCC': -0.5181529169330231, 'f1_score': 0.13819691577698695, 'fitness': -0.857567686743391, 'solution': {'corr_type': 'spearman', 'l2': 0.01, 'dropout': 0.0507641582752494, 'privileged_demotion': 0.39191142775737303, 'privileged_promotion': 0.7887538765658955, 'protected_demotion': 0.1368052645809553, 'protected_promotion': 0.8499548935205821}, 'corr': [0.0931529311475826, 0.0006331037854109161, 1.0, 0.06791682233491302, 0.04481601124698501, 0.26955744930122183, 0.005131440098826536, 0.0440112472896473, 0.06451372662508054, 0.08458889802497334, 0.10645543476849864, 0.032454532563875524, 0.002621052861836258, 0.0049559113809191325, 0.006331801937945235, 0.003101429167736041, 0.011415758167678959, 0.01193728452567073, 0.02624174122786116, 0.015904158391320557, 0.028006641624529274, 0.013915410034949451, 0.015583283721443063, 0.02902129375936623, 0.010731489934577107, 0.006651910588910397, 0.0018957059919273115, 0.053329621045047244, 0.05320724660668678, 0.23548112422235673, 0.018216002961722273, 0.43547180044759265, 0.03618301242632242, 0.1767364263023397, 0.11057247363896258, 0.17718909693216775, 0.27653367321770206, 0.012283813665969605, 0.2284114352752249, 0.02950020938541191, 0.10193055262580429, 0.09368863011650898, 0.03715249532343919, 0.16839691334400858, 0.09094120716092238, 0.03425226490172145, 0.06284270450426736, 0.02735156424040557, 0.02256573632265817, 0.13412735614402752, 0.5820219733837128, 0.17510183539711605, 0.049922811862520386, 0.09682297312073267, 0.3222361500435902, 0.31957028917155705, 0.016766915359720372, 0.008226621073435867, 0.1145205666371852, 0.006509217860562343, 0.10667701373537437, 0.008509032996410123, 0.000441815385545777, 0.006681099384948941, 0.005870505423006612, 0.0025850976347697387, 0.019397729785570115, 0.0019765093888212877, 0.004768078115877854, 0.007730305678689689, 0.0020921925227009234, 0.02086478838350712, 0.00808575609853864, 9.136322588864401e-05, 0.0018538585343962413, 0.0, 0.011483286391759953, 0.0005924609028293218, 0.0014313297205384662, 0.02434352082676535, 0.01300315866048406, 0.00041177717411156425, 0.009020748090437085, 0.02230755615563406, 0.0006514825347460182, 0.0024257391680393113, 0.035376265801906344, 0.01604335599381836, 0.009098360681868516, 0.0073291221767846, 0.01636069324876212, 0.007508523023482505, 0.008602999625234371, 0.009558513277075036, 0.0003254877919106305, 0.0117335702586859, 0.006679202905810484, 0.007441778602535594, 0.008694452201544599, 6.517642658733811e-05, 0.007627159345763049, 0.004333099216858567]}, {'overall_acc': 0.8344389165284688, 'bal_acc': 0.7351376692091586, 'avg_odds_diff': 0.16104432980191008, 'disp_imp': 0.9393556371322098, 'stat_par_diff': 0.011511483196968486, 'eq_opp_diff': 0.2728526613258666, 'theil_ind': 0.138120550905471, 'TPR': 0.54249857387336, 'TNR': 0.9277767645449572, 'FPR': 0.07222323545504286, 'FNR': 0.45750142612664, 'GTPR': 1.0, 'GTNR': 1.0, 'GFPR': 0.0, 'GFNR': 0.0, 'PPV': 0.7060133630289532, 'NPV': 0.8638138903039565, 'FDR': 0.29398663697104677, 'FOR': 0.13618610969604347, 'ACC': 0.8344389165284688, 'MCC': 0.5176636981681392, 'f1_score': 0.6135483870967743, 'fitness': 0.5061522149711707, 'solution': {'corr_type': 'spearman', 'l2': 0.01, 'dropout': 0.07097120929965141, 'privileged_demotion': 0.3452178757554949, 'privileged_promotion': 0.12204940271114861, 'protected_demotion': 0.04697532349962698, 'protected_promotion': 0.80726536354135}, 'corr': [0.0931529311475826, 0.0006331037854109161, 1.0, 0.06791682233491302, 0.04481601124698501, 0.26955744930122183, 0.005131440098826536, 0.0440112472896473, 0.06451372662508054, 0.08458889802497334, 0.10645543476849864, 0.032454532563875524, 0.002621052861836258, 0.0049559113809191325, 0.006331801937945235, 0.003101429167736041, 0.011415758167678959, 0.01193728452567073, 0.02624174122786116, 0.015904158391320557, 0.028006641624529274, 0.013915410034949451, 0.015583283721443063, 0.02902129375936623, 0.010731489934577107, 0.006651910588910397, 0.0018957059919273115, 0.053329621045047244, 0.05320724660668678, 0.23548112422235673, 0.018216002961722273, 0.43547180044759265, 0.03618301242632242, 0.1767364263023397, 0.11057247363896258, 0.17718909693216775, 0.27653367321770206, 0.012283813665969605, 0.2284114352752249, 0.02950020938541191, 0.10193055262580429, 0.09368863011650898, 0.03715249532343919, 0.16839691334400858, 0.09094120716092238, 0.03425226490172145, 0.06284270450426736, 0.02735156424040557, 0.02256573632265817, 0.13412735614402752, 0.5820219733837128, 0.17510183539711605, 0.049922811862520386, 0.09682297312073267, 0.3222361500435902, 0.31957028917155705, 0.016766915359720372, 0.008226621073435867, 0.1145205666371852, 0.006509217860562343, 0.10667701373537437, 0.008509032996410123, 0.000441815385545777, 0.006681099384948941, 0.005870505423006612, 0.0025850976347697387, 0.019397729785570115, 0.0019765093888212877, 0.004768078115877854, 0.007730305678689689, 0.0020921925227009234, 0.02086478838350712, 0.00808575609853864, 9.136322588864401e-05, 0.0018538585343962413, 0.0, 0.011483286391759953, 0.0005924609028293218, 0.0014313297205384662, 0.02434352082676535, 0.01300315866048406, 0.00041177717411156425, 0.009020748090437085, 0.02230755615563406, 0.0006514825347460182, 0.0024257391680393113, 0.035376265801906344, 0.01604335599381836, 0.009098360681868516, 0.0073291221767846, 0.01636069324876212, 0.007508523023482505, 0.008602999625234371, 0.009558513277075036, 0.0003254877919106305, 0.0117335702586859, 0.006679202905810484, 0.007441778602535594, 0.008694452201544599, 6.517642658733811e-05, 0.007627159345763049, 0.004333099216858567]}, {'overall_acc': 0.42523493642896626, 'bal_acc': 0.37916402708823904, 'avg_odds_diff': 0.5890079595253963, 'disp_imp': 0.476155955915461, 'stat_par_diff': 0.29735134443168215, 'eq_opp_diff': 0.6464364418863914, 'theil_ind': 0.24609537772049295, 'TPR': 0.28978893325727323, 'TNR': 0.4685391209192048, 'FPR': 0.5314608790807952, 'FNR': 0.7102110667427267, 'GTPR': 1.0, 'GTNR': 1.0, 'GFPR': 0.0, 'GFNR': 0.0, 'PPV': 0.1484511981297487, 'NPV': 0.6735710540115365, 'FDR': 0.8515488018702513, 'FOR': 0.32642894598846356, 'ACC': 0.42523493642896626, 'MCC': -0.2073938973024611, 'f1_score': 0.19632850241545893, 'fitness': -0.5047452417341433, 'solution': {'corr_type': 'spearman', 'l2': 0.01, 'dropout': 0.068043817833697, 'privileged_demotion': 0.34692970889671404, 'privileged_promotion': 0.7573906330768627, 'protected_demotion': 0.04522319223582358, 'protected_promotion': 0.8617507654596444}, 'corr': [0.0931529311475826, 0.0006331037854109161, 1.0, 0.06791682233491302, 0.04481601124698501, 0.26955744930122183, 0.005131440098826536, 0.0440112472896473, 0.06451372662508054, 0.08458889802497334, 0.10645543476849864, 0.032454532563875524, 0.002621052861836258, 0.0049559113809191325, 0.006331801937945235, 0.003101429167736041, 0.011415758167678959, 0.01193728452567073, 0.02624174122786116, 0.015904158391320557, 0.028006641624529274, 0.013915410034949451, 0.015583283721443063, 0.02902129375936623, 0.010731489934577107, 0.006651910588910397, 0.0018957059919273115, 0.053329621045047244, 0.05320724660668678, 0.23548112422235673, 0.018216002961722273, 0.43547180044759265, 0.03618301242632242, 0.1767364263023397, 0.11057247363896258, 0.17718909693216775, 0.27653367321770206, 0.012283813665969605, 0.2284114352752249, 0.02950020938541191, 0.10193055262580429, 0.09368863011650898, 0.03715249532343919, 0.16839691334400858, 0.09094120716092238, 0.03425226490172145, 0.06284270450426736, 0.02735156424040557, 0.02256573632265817, 0.13412735614402752, 0.5820219733837128, 0.17510183539711605, 0.049922811862520386, 0.09682297312073267, 0.3222361500435902, 0.31957028917155705, 0.016766915359720372, 0.008226621073435867, 0.1145205666371852, 0.006509217860562343, 0.10667701373537437, 0.008509032996410123, 0.000441815385545777, 0.006681099384948941, 0.005870505423006612, 0.0025850976347697387, 0.019397729785570115, 0.0019765093888212877, 0.004768078115877854, 0.007730305678689689, 0.0020921925227009234, 0.02086478838350712, 0.00808575609853864, 9.136322588864401e-05, 0.0018538585343962413, 0.0, 0.011483286391759953, 0.0005924609028293218, 0.0014313297205384662, 0.02434352082676535, 0.01300315866048406, 0.00041177717411156425, 0.009020748090437085, 0.02230755615563406, 0.0006514825347460182, 0.0024257391680393113, 0.035376265801906344, 0.01604335599381836, 0.009098360681868516, 0.0073291221767846, 0.01636069324876212, 0.007508523023482505, 0.008602999625234371, 0.009558513277075036, 0.0003254877919106305, 0.0117335702586859, 0.006679202905810484, 0.007441778602535594, 0.008694452201544599, 6.517642658733811e-05, 0.007627159345763049, 0.004333099216858567]}, {'overall_acc': 0.8265616362631288, 'bal_acc': 0.7115065192948719, 'avg_odds_diff': 0.1893230950710537, 'disp_imp': 1.0989727416815878, 'stat_par_diff': 0.01609737149232071, 'eq_opp_diff': 0.31367348526094735, 'theil_ind': 0.1515157237610144, 'TPR': 0.4883057615516258, 'TNR': 0.9347072770381178, 'FPR': 0.06529272296188218, 'FNR': 0.5116942384483743, 'GTPR': 1.0, 'GTNR': 1.0, 'GFPR': 0.0, 'GFNR': 0.0, 'PPV': 0.7051070840197694, 'NPV': 0.8510461640650947, 'FDR': 0.29489291598023065, 'FOR': 0.14895383593490535, 'ACC': 0.8265616362631288, 'MCC': 0.4850361588520322, 'f1_score': 0.5770138186720594, 'fitness': 0.4689387873597115, 'solution': {'corr_type': 'spearman', 'l2': 0.01, 'dropout': 0.07076862280404012, 'privileged_demotion': 0.334760711704233, 'privileged_promotion': 0.0008761815151722974, 'protected_demotion': 0.04223404987536766, 'protected_promotion': 0.8224114242392456}, 'corr': [0.0931529311475826, 0.0006331037854109161, 1.0, 0.06791682233491302, 0.04481601124698501, 0.26955744930122183, 0.005131440098826536, 0.0440112472896473, 0.06451372662508054, 0.08458889802497334, 0.10645543476849864, 0.032454532563875524, 0.002621052861836258, 0.0049559113809191325, 0.006331801937945235, 0.003101429167736041, 0.011415758167678959, 0.01193728452567073, 0.02624174122786116, 0.015904158391320557, 0.028006641624529274, 0.013915410034949451, 0.015583283721443063, 0.02902129375936623, 0.010731489934577107, 0.006651910588910397, 0.0018957059919273115, 0.053329621045047244, 0.05320724660668678, 0.23548112422235673, 0.018216002961722273, 0.43547180044759265, 0.03618301242632242, 0.1767364263023397, 0.11057247363896258, 0.17718909693216775, 0.27653367321770206, 0.012283813665969605, 0.2284114352752249, 0.02950020938541191, 0.10193055262580429, 0.09368863011650898, 0.03715249532343919, 0.16839691334400858, 0.09094120716092238, 0.03425226490172145, 0.06284270450426736, 0.02735156424040557, 0.02256573632265817, 0.13412735614402752, 0.5820219733837128, 0.17510183539711605, 0.049922811862520386, 0.09682297312073267, 0.3222361500435902, 0.31957028917155705, 0.016766915359720372, 0.008226621073435867, 0.1145205666371852, 0.006509217860562343, 0.10667701373537437, 0.008509032996410123, 0.000441815385545777, 0.006681099384948941, 0.005870505423006612, 0.0025850976347697387, 0.019397729785570115, 0.0019765093888212877, 0.004768078115877854, 0.007730305678689689, 0.0020921925227009234, 0.02086478838350712, 0.00808575609853864, 9.136322588864401e-05, 0.0018538585343962413, 0.0, 0.011483286391759953, 0.0005924609028293218, 0.0014313297205384662, 0.02434352082676535, 0.01300315866048406, 0.00041177717411156425, 0.009020748090437085, 0.02230755615563406, 0.0006514825347460182, 0.0024257391680393113, 0.035376265801906344, 0.01604335599381836, 0.009098360681868516, 0.0073291221767846, 0.01636069324876212, 0.007508523023482505, 0.008602999625234371, 0.009558513277075036, 0.0003254877919106305, 0.0117335702586859, 0.006679202905810484, 0.007441778602535594, 0.008694452201544599, 6.517642658733811e-05, 0.007627159345763049, 0.004333099216858567]}, {'overall_acc': 0.8434217799889442, 'bal_acc': 0.7631849998631876, 'avg_odds_diff': 0.06303720576758942, 'disp_imp': 0.5752638582547986, 'stat_par_diff': 0.1025017255479192, 'eq_opp_diff': 0.10570117445749394, 'theil_ind': 0.12237584869811322, 'TPR': 0.607529948659441, 'TNR': 0.9188400510669341, 'FPR': 0.08115994893306584, 'FNR': 0.39247005134055907, 'GTPR': 1.0, 'GTNR': 1.0, 'GFPR': 0.0, 'GFNR': 0.0, 'PPV': 0.7052980132450332, 'NPV': 0.879846315054139, 'FDR': 0.2947019867549669, 'FOR': 0.12015368494586098, 'ACC': 0.8434217799889442, 'MCC': 0.5549796572188256, 'f1_score': 0.6527735212994177, 'fitness': 0.4524779316709064, 'solution': {'corr_type': 'spearman', 'l2': 0.01, 'dropout': 0.06898956937202246, 'privileged_demotion': 0.19341006655031945, 'privileged_promotion': 0.12414747589057662, 'protected_demotion': 0.04390419786643363, 'protected_promotion': 0.46507766433009146}, 'corr': [0.0931529311475826, 0.0006331037854109161, 1.0, 0.06791682233491302, 0.04481601124698501, 0.26955744930122183, 0.005131440098826536, 0.0440112472896473, 0.06451372662508054, 0.08458889802497334, 0.10645543476849864, 0.032454532563875524, 0.002621052861836258, 0.0049559113809191325, 0.006331801937945235, 0.003101429167736041, 0.011415758167678959, 0.01193728452567073, 0.02624174122786116, 0.015904158391320557, 0.028006641624529274, 0.013915410034949451, 0.015583283721443063, 0.02902129375936623, 0.010731489934577107, 0.006651910588910397, 0.0018957059919273115, 0.053329621045047244, 0.05320724660668678, 0.23548112422235673, 0.018216002961722273, 0.43547180044759265, 0.03618301242632242, 0.1767364263023397, 0.11057247363896258, 0.17718909693216775, 0.27653367321770206, 0.012283813665969605, 0.2284114352752249, 0.02950020938541191, 0.10193055262580429, 0.09368863011650898, 0.03715249532343919, 0.16839691334400858, 0.09094120716092238, 0.03425226490172145, 0.06284270450426736, 0.02735156424040557, 0.02256573632265817, 0.13412735614402752, 0.5820219733837128, 0.17510183539711605, 0.049922811862520386, 0.09682297312073267, 0.3222361500435902, 0.31957028917155705, 0.016766915359720372, 0.008226621073435867, 0.1145205666371852, 0.006509217860562343, 0.10667701373537437, 0.008509032996410123, 0.000441815385545777, 0.006681099384948941, 0.005870505423006612, 0.0025850976347697387, 0.019397729785570115, 0.0019765093888212877, 0.004768078115877854, 0.007730305678689689, 0.0020921925227009234, 0.02086478838350712, 0.00808575609853864, 9.136322588864401e-05, 0.0018538585343962413, 0.0, 0.011483286391759953, 0.0005924609028293218, 0.0014313297205384662, 0.02434352082676535, 0.01300315866048406, 0.00041177717411156425, 0.009020748090437085, 0.02230755615563406, 0.0006514825347460182, 0.0024257391680393113, 0.035376265801906344, 0.01604335599381836, 0.009098360681868516, 0.0073291221767846, 0.01636069324876212, 0.007508523023482505, 0.008602999625234371, 0.009558513277075036, 0.0003254877919106305, 0.0117335702586859, 0.006679202905810484, 0.007441778602535594, 0.008694452201544599, 6.517642658733811e-05, 0.007627159345763049, 0.004333099216858567]}, {'overall_acc': 0.8354063018242123, 'bal_acc': 0.694058615443534, 'avg_odds_diff': 0.2616046993510058, 'disp_imp': 0.014198644731537825, 'stat_par_diff': 0.18072691647996145, 'eq_opp_diff': 0.47412823105441915, 'theil_ind': 0.1615960721327638, 'TPR': 0.41985168282943525, 'TNR': 0.9682655480576327, 'FPR': 0.03173445194236732, 'FNR': 0.5801483171705647, 'GTPR': 1.0, 'GTNR': 1.0, 'GFPR': 0.0, 'GFNR': 0.0, 'PPV': 0.8087912087912088, 'NPV': 0.8392349035725577, 'FDR': 0.1912087912087912, 'FOR': 0.1607650964274423, 'ACC': 0.8354063018242123, 'MCC': 0.5015078267316841, 'f1_score': 0.5527600450619602, 'fitness': 0.32078091025172273, 'solution': {'corr_type': 'spearman', 'l2': 0.01, 'dropout': 0.07181031365610256, 'privileged_demotion': 0.34331939687969015, 'privileged_promotion': 0.12089492642940665, 'protected_demotion': 0.04119775073906143, 'protected_promotion': 0.9945930065243995}, 'corr': [0.0931529311475826, 0.0006331037854109161, 1.0, 0.06791682233491302, 0.04481601124698501, 0.26955744930122183, 0.005131440098826536, 0.0440112472896473, 0.06451372662508054, 0.08458889802497334, 0.10645543476849864, 0.032454532563875524, 0.002621052861836258, 0.0049559113809191325, 0.006331801937945235, 0.003101429167736041, 0.011415758167678959, 0.01193728452567073, 0.02624174122786116, 0.015904158391320557, 0.028006641624529274, 0.013915410034949451, 0.015583283721443063, 0.02902129375936623, 0.010731489934577107, 0.006651910588910397, 0.0018957059919273115, 0.053329621045047244, 0.05320724660668678, 0.23548112422235673, 0.018216002961722273, 0.43547180044759265, 0.03618301242632242, 0.1767364263023397, 0.11057247363896258, 0.17718909693216775, 0.27653367321770206, 0.012283813665969605, 0.2284114352752249, 0.02950020938541191, 0.10193055262580429, 0.09368863011650898, 0.03715249532343919, 0.16839691334400858, 0.09094120716092238, 0.03425226490172145, 0.06284270450426736, 0.02735156424040557, 0.02256573632265817, 0.13412735614402752, 0.5820219733837128, 0.17510183539711605, 0.049922811862520386, 0.09682297312073267, 0.3222361500435902, 0.31957028917155705, 0.016766915359720372, 0.008226621073435867, 0.1145205666371852, 0.006509217860562343, 0.10667701373537437, 0.008509032996410123, 0.000441815385545777, 0.006681099384948941, 0.005870505423006612, 0.0025850976347697387, 0.019397729785570115, 0.0019765093888212877, 0.004768078115877854, 0.007730305678689689, 0.0020921925227009234, 0.02086478838350712, 0.00808575609853864, 9.136322588864401e-05, 0.0018538585343962413, 0.0, 0.011483286391759953, 0.0005924609028293218, 0.0014313297205384662, 0.02434352082676535, 0.01300315866048406, 0.00041177717411156425, 0.009020748090437085, 0.02230755615563406, 0.0006514825347460182, 0.0024257391680393113, 0.035376265801906344, 0.01604335599381836, 0.009098360681868516, 0.0073291221767846, 0.01636069324876212, 0.007508523023482505, 0.008602999625234371, 0.009558513277075036, 0.0003254877919106305, 0.0117335702586859, 0.006679202905810484, 0.007441778602535594, 0.008694452201544599, 6.517642658733811e-05, 0.007627159345763049, 0.004333099216858567]}, {'overall_acc': 0.8331951354339414, 'bal_acc': 0.7777806504344341, 'avg_odds_diff': 0.08085800741659147, 'disp_imp': 0.6756386949374319, 'stat_par_diff': 0.09018441477200992, 'eq_opp_diff': 0.15483394259936223, 'theil_ind': 0.11263892514576962, 'TPR': 0.6702795208214489, 'TNR': 0.8852817800474193, 'FPR': 0.1147182199525807, 'FNR': 0.3297204791785511, 'GTPR': 1.0, 'GTNR': 1.0, 'GFPR': 0.0, 'GFNR': 0.0, 'PPV': 0.6513303769401331, 'NPV': 0.8935935198821797, 'FDR': 0.348669623059867, 'FOR': 0.10640648011782032, 'ACC': 0.8331951354339414, 'MCC': 0.5502168926824558, 'f1_score': 0.6606691031768345, 'fitness': 0.4600324779104459, 'solution': {'corr_type': 'spearman', 'l2': 0.01, 'dropout': 0.06605124338133089, 'privileged_demotion': 0.15464785984704807, 'privileged_promotion': 0.2630956808459845, 'protected_demotion': 0.05113591011525344, 'protected_promotion': 0.8880305894380462}, 'corr': [0.0931529311475826, 0.0006331037854109161, 1.0, 0.06791682233491302, 0.04481601124698501, 0.26955744930122183, 0.005131440098826536, 0.0440112472896473, 0.06451372662508054, 0.08458889802497334, 0.10645543476849864, 0.032454532563875524, 0.002621052861836258, 0.0049559113809191325, 0.006331801937945235, 0.003101429167736041, 0.011415758167678959, 0.01193728452567073, 0.02624174122786116, 0.015904158391320557, 0.028006641624529274, 0.013915410034949451, 0.015583283721443063, 0.02902129375936623, 0.010731489934577107, 0.006651910588910397, 0.0018957059919273115, 0.053329621045047244, 0.05320724660668678, 0.23548112422235673, 0.018216002961722273, 0.43547180044759265, 0.03618301242632242, 0.1767364263023397, 0.11057247363896258, 0.17718909693216775, 0.27653367321770206, 0.012283813665969605, 0.2284114352752249, 0.02950020938541191, 0.10193055262580429, 0.09368863011650898, 0.03715249532343919, 0.16839691334400858, 0.09094120716092238, 0.03425226490172145, 0.06284270450426736, 0.02735156424040557, 0.02256573632265817, 0.13412735614402752, 0.5820219733837128, 0.17510183539711605, 0.049922811862520386, 0.09682297312073267, 0.3222361500435902, 0.31957028917155705, 0.016766915359720372, 0.008226621073435867, 0.1145205666371852, 0.006509217860562343, 0.10667701373537437, 0.008509032996410123, 0.000441815385545777, 0.006681099384948941, 0.005870505423006612, 0.0025850976347697387, 0.019397729785570115, 0.0019765093888212877, 0.004768078115877854, 0.007730305678689689, 0.0020921925227009234, 0.02086478838350712, 0.00808575609853864, 9.136322588864401e-05, 0.0018538585343962413, 0.0, 0.011483286391759953, 0.0005924609028293218, 0.0014313297205384662, 0.02434352082676535, 0.01300315866048406, 0.00041177717411156425, 0.009020748090437085, 0.02230755615563406, 0.0006514825347460182, 0.0024257391680393113, 0.035376265801906344, 0.01604335599381836, 0.009098360681868516, 0.0073291221767846, 0.01636069324876212, 0.007508523023482505, 0.008602999625234371, 0.009558513277075036, 0.0003254877919106305, 0.0117335702586859, 0.006679202905810484, 0.007441778602535594, 0.008694452201544599, 6.517642658733811e-05, 0.007627159345763049, 0.004333099216858567]}, {'overall_acc': 0.8309839690436706, 'bal_acc': 0.7648735670977629, 'avg_odds_diff': 0.10204701216820951, 'disp_imp': 0.764266019021128, 'stat_par_diff': 0.05994938392770341, 'eq_opp_diff': 0.18520909491586945, 'theil_ind': 0.12013755678650799, 'TPR': 0.6366229321163719, 'TNR': 0.8931242020791538, 'FPR': 0.10687579792084625, 'FNR': 0.36337706788362806, 'GTPR': 1.0, 'GTNR': 1.0, 'GFPR': 0.0, 'GFNR': 0.0, 'PPV': 0.6556991774383079, 'NPV': 0.8848933863389953, 'FDR': 0.34430082256169214, 'FOR': 0.11510661366100469, 'ACC': 0.8309839690436706, 'MCC': 0.5351423749138525, 'f1_score': 0.6460202604920405, 'fitness': 0.4751929909861491, 'solution': {'corr_type': 'spearman', 'l2': 0.01, 'dropout': 0.062214709600527614, 'privileged_demotion': 0.23552983067600192, 'privileged_promotion': 0.179591778113714, 'protected_demotion': 0.03511747457011527, 'protected_promotion': 0.9291139185780573}, 'corr': [0.0931529311475826, 0.0006331037854109161, 1.0, 0.06791682233491302, 0.04481601124698501, 0.26955744930122183, 0.005131440098826536, 0.0440112472896473, 0.06451372662508054, 0.08458889802497334, 0.10645543476849864, 0.032454532563875524, 0.002621052861836258, 0.0049559113809191325, 0.006331801937945235, 0.003101429167736041, 0.011415758167678959, 0.01193728452567073, 0.02624174122786116, 0.015904158391320557, 0.028006641624529274, 0.013915410034949451, 0.015583283721443063, 0.02902129375936623, 0.010731489934577107, 0.006651910588910397, 0.0018957059919273115, 0.053329621045047244, 0.05320724660668678, 0.23548112422235673, 0.018216002961722273, 0.43547180044759265, 0.03618301242632242, 0.1767364263023397, 0.11057247363896258, 0.17718909693216775, 0.27653367321770206, 0.012283813665969605, 0.2284114352752249, 0.02950020938541191, 0.10193055262580429, 0.09368863011650898, 0.03715249532343919, 0.16839691334400858, 0.09094120716092238, 0.03425226490172145, 0.06284270450426736, 0.02735156424040557, 0.02256573632265817, 0.13412735614402752, 0.5820219733837128, 0.17510183539711605, 0.049922811862520386, 0.09682297312073267, 0.3222361500435902, 0.31957028917155705, 0.016766915359720372, 0.008226621073435867, 0.1145205666371852, 0.006509217860562343, 0.10667701373537437, 0.008509032996410123, 0.000441815385545777, 0.006681099384948941, 0.005870505423006612, 0.0025850976347697387, 0.019397729785570115, 0.0019765093888212877, 0.004768078115877854, 0.007730305678689689, 0.0020921925227009234, 0.02086478838350712, 0.00808575609853864, 9.136322588864401e-05, 0.0018538585343962413, 0.0, 0.011483286391759953, 0.0005924609028293218, 0.0014313297205384662, 0.02434352082676535, 0.01300315866048406, 0.00041177717411156425, 0.009020748090437085, 0.02230755615563406, 0.0006514825347460182, 0.0024257391680393113, 0.035376265801906344, 0.01604335599381836, 0.009098360681868516, 0.0073291221767846, 0.01636069324876212, 0.007508523023482505, 0.008602999625234371, 0.009558513277075036, 0.0003254877919106305, 0.0117335702586859, 0.006679202905810484, 0.007441778602535594, 0.008694452201544599, 6.517642658733811e-05, 0.007627159345763049, 0.004333099216858567]}, {'overall_acc': 0.8305693753454948, 'bal_acc': 0.7539281036578445, 'avg_odds_diff': 0.10807132140590556, 'disp_imp': 0.7671460826955695, 'stat_par_diff': 0.05543916019375408, 'eq_opp_diff': 0.1992740660081409, 'theil_ind': 0.12666622048375586, 'TPR': 0.6052481460353679, 'TNR': 0.902608061280321, 'FPR': 0.09739193871967901, 'FNR': 0.3947518539646321, 'GTPR': 1.0, 'GTNR': 1.0, 'GFPR': 0.0, 'GFNR': 0.0, 'PPV': 0.6652037617554859, 'NPV': 0.8773267151214323, 'FDR': 0.3347962382445141, 'FOR': 0.12267328487856763, 'ACC': 0.8305693753454948, 'MCC': 0.5249071063911059, 'f1_score': 0.6338112305854241, 'fitness': 0.4694679461973519, 'solution': {'corr_type': 'spearman', 'l2': 0.01, 'dropout': 0.06385174214667247, 'privileged_demotion': 0.20612818895057283, 'privileged_promotion': 0.1781872257597936, 'protected_demotion': 0.03874864041989297, 'protected_promotion': 0.9453316394050225}, 'corr': [0.0931529311475826, 0.0006331037854109161, 1.0, 0.06791682233491302, 0.04481601124698501, 0.26955744930122183, 0.005131440098826536, 0.0440112472896473, 0.06451372662508054, 0.08458889802497334, 0.10645543476849864, 0.032454532563875524, 0.002621052861836258, 0.0049559113809191325, 0.006331801937945235, 0.003101429167736041, 0.011415758167678959, 0.01193728452567073, 0.02624174122786116, 0.015904158391320557, 0.028006641624529274, 0.013915410034949451, 0.015583283721443063, 0.02902129375936623, 0.010731489934577107, 0.006651910588910397, 0.0018957059919273115, 0.053329621045047244, 0.05320724660668678, 0.23548112422235673, 0.018216002961722273, 0.43547180044759265, 0.03618301242632242, 0.1767364263023397, 0.11057247363896258, 0.17718909693216775, 0.27653367321770206, 0.012283813665969605, 0.2284114352752249, 0.02950020938541191, 0.10193055262580429, 0.09368863011650898, 0.03715249532343919, 0.16839691334400858, 0.09094120716092238, 0.03425226490172145, 0.06284270450426736, 0.02735156424040557, 0.02256573632265817, 0.13412735614402752, 0.5820219733837128, 0.17510183539711605, 0.049922811862520386, 0.09682297312073267, 0.3222361500435902, 0.31957028917155705, 0.016766915359720372, 0.008226621073435867, 0.1145205666371852, 0.006509217860562343, 0.10667701373537437, 0.008509032996410123, 0.000441815385545777, 0.006681099384948941, 0.005870505423006612, 0.0025850976347697387, 0.019397729785570115, 0.0019765093888212877, 0.004768078115877854, 0.007730305678689689, 0.0020921925227009234, 0.02086478838350712, 0.00808575609853864, 9.136322588864401e-05, 0.0018538585343962413, 0.0, 0.011483286391759953, 0.0005924609028293218, 0.0014313297205384662, 0.02434352082676535, 0.01300315866048406, 0.00041177717411156425, 0.009020748090437085, 0.02230755615563406, 0.0006514825347460182, 0.0024257391680393113, 0.035376265801906344, 0.01604335599381836, 0.009098360681868516, 0.0073291221767846, 0.01636069324876212, 0.007508523023482505, 0.008602999625234371, 0.009558513277075036, 0.0003254877919106305, 0.0117335702586859, 0.006679202905810484, 0.007441778602535594, 0.008694452201544599, 6.517642658733811e-05, 0.007627159345763049, 0.004333099216858567]}, {'overall_acc': 0.8289110005527915, 'bal_acc': 0.7582667746878049, 'avg_odds_diff': 0.12431796224464253, 'disp_imp': 0.8253987707881417, 'stat_par_diff': 0.04249066620446765, 'eq_opp_diff': 0.21690389152472067, 'theil_ind': 0.12386942719894747, 'TPR': 0.6212207644038791, 'TNR': 0.8953127849717308, 'FPR': 0.10468721502826919, 'FNR': 0.3787792355961209, 'GTPR': 1.0, 'GTNR': 1.0, 'GFPR': 0.0, 'GFNR': 0.0, 'PPV': 0.6548406494287432, 'NPV': 0.8808541180692625, 'FDR': 0.34515935057125674, 'FOR': 0.11914588193073748, 'ACC': 0.8289110005527915, 'MCC': 0.5260269191188669, 'f1_score': 0.6375878220140515, 'fitness': 0.4835362529143993, 'solution': {'corr_type': 'spearman', 'l2': 0.01, 'dropout': 0.09069307934422552, 'privileged_demotion': 0.2417484198528166, 'privileged_promotion': 0.17677145674302136, 'protected_demotion': 0.02961432648361389, 'protected_promotion': 0.9485218650801643}, 'corr': [0.0931529311475826, 0.0006331037854109161, 1.0, 0.06791682233491302, 0.04481601124698501, 0.26955744930122183, 0.005131440098826536, 0.0440112472896473, 0.06451372662508054, 0.08458889802497334, 0.10645543476849864, 0.032454532563875524, 0.002621052861836258, 0.0049559113809191325, 0.006331801937945235, 0.003101429167736041, 0.011415758167678959, 0.01193728452567073, 0.02624174122786116, 0.015904158391320557, 0.028006641624529274, 0.013915410034949451, 0.015583283721443063, 0.02902129375936623, 0.010731489934577107, 0.006651910588910397, 0.0018957059919273115, 0.053329621045047244, 0.05320724660668678, 0.23548112422235673, 0.018216002961722273, 0.43547180044759265, 0.03618301242632242, 0.1767364263023397, 0.11057247363896258, 0.17718909693216775, 0.27653367321770206, 0.012283813665969605, 0.2284114352752249, 0.02950020938541191, 0.10193055262580429, 0.09368863011650898, 0.03715249532343919, 0.16839691334400858, 0.09094120716092238, 0.03425226490172145, 0.06284270450426736, 0.02735156424040557, 0.02256573632265817, 0.13412735614402752, 0.5820219733837128, 0.17510183539711605, 0.049922811862520386, 0.09682297312073267, 0.3222361500435902, 0.31957028917155705, 0.016766915359720372, 0.008226621073435867, 0.1145205666371852, 0.006509217860562343, 0.10667701373537437, 0.008509032996410123, 0.000441815385545777, 0.006681099384948941, 0.005870505423006612, 0.0025850976347697387, 0.019397729785570115, 0.0019765093888212877, 0.004768078115877854, 0.007730305678689689, 0.0020921925227009234, 0.02086478838350712, 0.00808575609853864, 9.136322588864401e-05, 0.0018538585343962413, 0.0, 0.011483286391759953, 0.0005924609028293218, 0.0014313297205384662, 0.02434352082676535, 0.01300315866048406, 0.00041177717411156425, 0.009020748090437085, 0.02230755615563406, 0.0006514825347460182, 0.0024257391680393113, 0.035376265801906344, 0.01604335599381836, 0.009098360681868516, 0.0073291221767846, 0.01636069324876212, 0.007508523023482505, 0.008602999625234371, 0.009558513277075036, 0.0003254877919106305, 0.0117335702586859, 0.006679202905810484, 0.007441778602535594, 0.008694452201544599, 6.517642658733811e-05, 0.007627159345763049, 0.004333099216858567]}, {'overall_acc': 0.83595909342178, 'bal_acc': 0.7281853603613679, 'avg_odds_diff': 0.29304271972809975, 'disp_imp': 0.09999891359061922, 'stat_par_diff': 0.21865773707532715, 'eq_opp_diff': 0.5132534805942288, 'theil_ind': 0.14223984232241105, 'TPR': 0.5191100969766115, 'TNR': 0.9372606237461244, 'FPR': 0.06273937625387561, 'FNR': 0.48088990302338847, 'GTPR': 1.0, 'GTNR': 1.0, 'GFPR': 0.0, 'GFNR': 0.0, 'PPV': 0.7256778309409888, 'NPV': 0.8590772316950852, 'FDR': 0.2743221690590112, 'FOR': 0.14092276830491474, 'ACC': 0.83595909342178, 'MCC': 0.5165898657363437, 'f1_score': 0.6052544063851014, 'fitness': 0.29793212866101654, 'solution': {'corr_type': 'spearman', 'l2': 0.01, 'dropout': 0.06265904839321128, 'privileged_demotion': 0.24387656345352515, 'privileged_promotion': 0.18711151623543934, 'protected_demotion': 0.1888422969195258, 'protected_promotion': 0.9264664064263187}, 'corr': [0.0931529311475826, 0.0006331037854109161, 1.0, 0.06791682233491302, 0.04481601124698501, 0.26955744930122183, 0.005131440098826536, 0.0440112472896473, 0.06451372662508054, 0.08458889802497334, 0.10645543476849864, 0.032454532563875524, 0.002621052861836258, 0.0049559113809191325, 0.006331801937945235, 0.003101429167736041, 0.011415758167678959, 0.01193728452567073, 0.02624174122786116, 0.015904158391320557, 0.028006641624529274, 0.013915410034949451, 0.015583283721443063, 0.02902129375936623, 0.010731489934577107, 0.006651910588910397, 0.0018957059919273115, 0.053329621045047244, 0.05320724660668678, 0.23548112422235673, 0.018216002961722273, 0.43547180044759265, 0.03618301242632242, 0.1767364263023397, 0.11057247363896258, 0.17718909693216775, 0.27653367321770206, 0.012283813665969605, 0.2284114352752249, 0.02950020938541191, 0.10193055262580429, 0.09368863011650898, 0.03715249532343919, 0.16839691334400858, 0.09094120716092238, 0.03425226490172145, 0.06284270450426736, 0.02735156424040557, 0.02256573632265817, 0.13412735614402752, 0.5820219733837128, 0.17510183539711605, 0.049922811862520386, 0.09682297312073267, 0.3222361500435902, 0.31957028917155705, 0.016766915359720372, 0.008226621073435867, 0.1145205666371852, 0.006509217860562343, 0.10667701373537437, 0.008509032996410123, 0.000441815385545777, 0.006681099384948941, 0.005870505423006612, 0.0025850976347697387, 0.019397729785570115, 0.0019765093888212877, 0.004768078115877854, 0.007730305678689689, 0.0020921925227009234, 0.02086478838350712, 0.00808575609853864, 9.136322588864401e-05, 0.0018538585343962413, 0.0, 0.011483286391759953, 0.0005924609028293218, 0.0014313297205384662, 0.02434352082676535, 0.01300315866048406, 0.00041177717411156425, 0.009020748090437085, 0.02230755615563406, 0.0006514825347460182, 0.0024257391680393113, 0.035376265801906344, 0.01604335599381836, 0.009098360681868516, 0.0073291221767846, 0.01636069324876212, 0.007508523023482505, 0.008602999625234371, 0.009558513277075036, 0.0003254877919106305, 0.0117335702586859, 0.006679202905810484, 0.007441778602535594, 0.008694452201544599, 6.517642658733811e-05, 0.007627159345763049, 0.004333099216858567]}, {'overall_acc': 0.8291873963515755, 'bal_acc': 0.6808354069348197, 'avg_odds_diff': 0.2113094049757341, 'disp_imp': 0.09334963518043779, 'stat_par_diff': 0.15169064104160185, 'eq_opp_diff': 0.38815172020429856, 'theil_ind': 0.16914461758143207, 'TPR': 0.3930405019965773, 'TNR': 0.9686303118730621, 'FPR': 0.03136968812693781, 'FNR': 0.6069594980034227, 'GTPR': 1.0, 'GTNR': 1.0, 'GFPR': 0.0, 'GFNR': 0.0, 'PPV': 0.8002322880371661, 'NPV': 0.8330980392156863, 'FDR': 0.1997677119628339, 'FOR': 0.1669019607843137, 'ACC': 0.8291873963515755, 'MCC': 0.4785990962234093, 'f1_score': 0.5271614384085692, 'fitness': 0.32690845518180744, 'solution': {'corr_type': 'spearman', 'l2': 0.01, 'dropout': 0.08910082291277052, 'privileged_demotion': 0.4118020076264009, 'privileged_promotion': 0.11959148178960145, 'protected_demotion': 0.19455533654955465, 'protected_promotion': 0.9244863779376119}, 'corr': [0.0931529311475826, 0.0006331037854109161, 1.0, 0.06791682233491302, 0.04481601124698501, 0.26955744930122183, 0.005131440098826536, 0.0440112472896473, 0.06451372662508054, 0.08458889802497334, 0.10645543476849864, 0.032454532563875524, 0.002621052861836258, 0.0049559113809191325, 0.006331801937945235, 0.003101429167736041, 0.011415758167678959, 0.01193728452567073, 0.02624174122786116, 0.015904158391320557, 0.028006641624529274, 0.013915410034949451, 0.015583283721443063, 0.02902129375936623, 0.010731489934577107, 0.006651910588910397, 0.0018957059919273115, 0.053329621045047244, 0.05320724660668678, 0.23548112422235673, 0.018216002961722273, 0.43547180044759265, 0.03618301242632242, 0.1767364263023397, 0.11057247363896258, 0.17718909693216775, 0.27653367321770206, 0.012283813665969605, 0.2284114352752249, 0.02950020938541191, 0.10193055262580429, 0.09368863011650898, 0.03715249532343919, 0.16839691334400858, 0.09094120716092238, 0.03425226490172145, 0.06284270450426736, 0.02735156424040557, 0.02256573632265817, 0.13412735614402752, 0.5820219733837128, 0.17510183539711605, 0.049922811862520386, 0.09682297312073267, 0.3222361500435902, 0.31957028917155705, 0.016766915359720372, 0.008226621073435867, 0.1145205666371852, 0.006509217860562343, 0.10667701373537437, 0.008509032996410123, 0.000441815385545777, 0.006681099384948941, 0.005870505423006612, 0.0025850976347697387, 0.019397729785570115, 0.0019765093888212877, 0.004768078115877854, 0.007730305678689689, 0.0020921925227009234, 0.02086478838350712, 0.00808575609853864, 9.136322588864401e-05, 0.0018538585343962413, 0.0, 0.011483286391759953, 0.0005924609028293218, 0.0014313297205384662, 0.02434352082676535, 0.01300315866048406, 0.00041177717411156425, 0.009020748090437085, 0.02230755615563406, 0.0006514825347460182, 0.0024257391680393113, 0.035376265801906344, 0.01604335599381836, 0.009098360681868516, 0.0073291221767846, 0.01636069324876212, 0.007508523023482505, 0.008602999625234371, 0.009558513277075036, 0.0003254877919106305, 0.0117335702586859, 0.006679202905810484, 0.007441778602535594, 0.008694452201544599, 6.517642658733811e-05, 0.007627159345763049, 0.004333099216858567]}, {'overall_acc': 0.58595909342178, 'bal_acc': 0.5758331591532361, 'avg_odds_diff': 0.5131547471561656, 'disp_imp': 3.543487174304576, 'stat_par_diff': 0.6200104610655243, 'eq_opp_diff': 0.19768738171164868, 'theil_ind': 0.1729110281603891, 'TPR': 0.5561893896177981, 'TNR': 0.5954769286886741, 'FPR': 0.4045230713113259, 'FNR': 0.44381061038220193, 'GTPR': 1.0, 'GTNR': 1.0, 'GFPR': 0.0, 'GFNR': 0.0, 'PPV': 0.3053554650798622, 'NPV': 0.8075686371506308, 'FDR': 0.6946445349201378, 'FOR': 0.1924313628493693, 'ACC': 0.58595909342178, 'MCC': 0.13086933496187156, 'f1_score': 0.39425798625151637, 'fitness': -0.4891411261036527, 'solution': {'corr_type': 'spearman', 'l2': 0.01, 'dropout': 0.08932398824968714, 'privileged_demotion': 0.2701446444697043, 'privileged_promotion': 0.18538981733735338, 'protected_demotion': 0.5397516478899891, 'protected_promotion': 0.933481079134894}, 'corr': [0.0931529311475826, 0.0006331037854109161, 1.0, 0.06791682233491302, 0.04481601124698501, 0.26955744930122183, 0.005131440098826536, 0.0440112472896473, 0.06451372662508054, 0.08458889802497334, 0.10645543476849864, 0.032454532563875524, 0.002621052861836258, 0.0049559113809191325, 0.006331801937945235, 0.003101429167736041, 0.011415758167678959, 0.01193728452567073, 0.02624174122786116, 0.015904158391320557, 0.028006641624529274, 0.013915410034949451, 0.015583283721443063, 0.02902129375936623, 0.010731489934577107, 0.006651910588910397, 0.0018957059919273115, 0.053329621045047244, 0.05320724660668678, 0.23548112422235673, 0.018216002961722273, 0.43547180044759265, 0.03618301242632242, 0.1767364263023397, 0.11057247363896258, 0.17718909693216775, 0.27653367321770206, 0.012283813665969605, 0.2284114352752249, 0.02950020938541191, 0.10193055262580429, 0.09368863011650898, 0.03715249532343919, 0.16839691334400858, 0.09094120716092238, 0.03425226490172145, 0.06284270450426736, 0.02735156424040557, 0.02256573632265817, 0.13412735614402752, 0.5820219733837128, 0.17510183539711605, 0.049922811862520386, 0.09682297312073267, 0.3222361500435902, 0.31957028917155705, 0.016766915359720372, 0.008226621073435867, 0.1145205666371852, 0.006509217860562343, 0.10667701373537437, 0.008509032996410123, 0.000441815385545777, 0.006681099384948941, 0.005870505423006612, 0.0025850976347697387, 0.019397729785570115, 0.0019765093888212877, 0.004768078115877854, 0.007730305678689689, 0.0020921925227009234, 0.02086478838350712, 0.00808575609853864, 9.136322588864401e-05, 0.0018538585343962413, 0.0, 0.011483286391759953, 0.0005924609028293218, 0.0014313297205384662, 0.02434352082676535, 0.01300315866048406, 0.00041177717411156425, 0.009020748090437085, 0.02230755615563406, 0.0006514825347460182, 0.0024257391680393113, 0.035376265801906344, 0.01604335599381836, 0.009098360681868516, 0.0073291221767846, 0.01636069324876212, 0.007508523023482505, 0.008602999625234371, 0.009558513277075036, 0.0003254877919106305, 0.0117335702586859, 0.006679202905810484, 0.007441778602535594, 0.008694452201544599, 6.517642658733811e-05, 0.007627159345763049, 0.004333099216858567]}, {'overall_acc': 0.8300165837479271, 'bal_acc': 0.7510408929784422, 'avg_odds_diff': 0.15516247742222125, 'disp_imp': 0.936660625696463, 'stat_par_diff': 0.014052580711431645, 'eq_opp_diff': 0.2534183713152368, 'theil_ind': 0.12833715069759796, 'TPR': 0.5978322875071307, 'TNR': 0.9042494984497538, 'FPR': 0.09575050155024621, 'FNR': 0.40216771249286937, 'GTPR': 1.0, 'GTNR': 1.0, 'GFPR': 0.0, 'GFNR': 0.0, 'PPV': 0.6662428480610298, 'NPV': 0.8755076814409324, 'FDR': 0.3337571519389701, 'FOR': 0.12449231855906763, 'ACC': 0.8300165837479271, 'MCC': 0.5215391388912561, 'f1_score': 0.630186410102225, 'fitness': 0.5074865581798245, 'solution': {'corr_type': 'spearman', 'l2': 0.01, 'dropout': 0.07640826636608225, 'privileged_demotion': 0.4193830968558885, 'privileged_promotion': 0.25261780957654867, 'protected_demotion': 0.0032531869648029024, 'protected_promotion': 0.6542606979019226}, 'corr': [0.0931529311475826, 0.0006331037854109161, 1.0, 0.06791682233491302, 0.04481601124698501, 0.26955744930122183, 0.005131440098826536, 0.0440112472896473, 0.06451372662508054, 0.08458889802497334, 0.10645543476849864, 0.032454532563875524, 0.002621052861836258, 0.0049559113809191325, 0.006331801937945235, 0.003101429167736041, 0.011415758167678959, 0.01193728452567073, 0.02624174122786116, 0.015904158391320557, 0.028006641624529274, 0.013915410034949451, 0.015583283721443063, 0.02902129375936623, 0.010731489934577107, 0.006651910588910397, 0.0018957059919273115, 0.053329621045047244, 0.05320724660668678, 0.23548112422235673, 0.018216002961722273, 0.43547180044759265, 0.03618301242632242, 0.1767364263023397, 0.11057247363896258, 0.17718909693216775, 0.27653367321770206, 0.012283813665969605, 0.2284114352752249, 0.02950020938541191, 0.10193055262580429, 0.09368863011650898, 0.03715249532343919, 0.16839691334400858, 0.09094120716092238, 0.03425226490172145, 0.06284270450426736, 0.02735156424040557, 0.02256573632265817, 0.13412735614402752, 0.5820219733837128, 0.17510183539711605, 0.049922811862520386, 0.09682297312073267, 0.3222361500435902, 0.31957028917155705, 0.016766915359720372, 0.008226621073435867, 0.1145205666371852, 0.006509217860562343, 0.10667701373537437, 0.008509032996410123, 0.000441815385545777, 0.006681099384948941, 0.005870505423006612, 0.0025850976347697387, 0.019397729785570115, 0.0019765093888212877, 0.004768078115877854, 0.007730305678689689, 0.0020921925227009234, 0.02086478838350712, 0.00808575609853864, 9.136322588864401e-05, 0.0018538585343962413, 0.0, 0.011483286391759953, 0.0005924609028293218, 0.0014313297205384662, 0.02434352082676535, 0.01300315866048406, 0.00041177717411156425, 0.009020748090437085, 0.02230755615563406, 0.0006514825347460182, 0.0024257391680393113, 0.035376265801906344, 0.01604335599381836, 0.009098360681868516, 0.0073291221767846, 0.01636069324876212, 0.007508523023482505, 0.008602999625234371, 0.009558513277075036, 0.0003254877919106305, 0.0117335702586859, 0.006679202905810484, 0.007441778602535594, 0.008694452201544599, 6.517642658733811e-05, 0.007627159345763049, 0.004333099216858567]}, {'overall_acc': 0.589690436705362, 'bal_acc': 0.5918777210980077, 'avg_odds_diff': 0.6810338230587987, 'disp_imp': 4.661123811112965, 'stat_par_diff': 0.7721696944955352, 'eq_opp_diff': 0.4508542687511342, 'theil_ind': 0.162196544834381, 'TPR': 0.5961209355390759, 'TNR': 0.5876345066569396, 'FPR': 0.4123654933430604, 'FNR': 0.40387906446092414, 'GTPR': 1.0, 'GTNR': 1.0, 'GFPR': 0.0, 'GFNR': 0.0, 'PPV': 0.3160919540229885, 'NPV': 0.8198473282442749, 'FDR': 0.6839080459770115, 'FOR': 0.1801526717557252, 'ACC': 0.589690436705362, 'MCC': 0.15804930536016265, 'f1_score': 0.413125123542202, 'fitness': -0.6141203891353726, 'solution': {'corr_type': 'spearman', 'l2': 0.01, 'dropout': 0.07587172417137317, 'privileged_demotion': 0.41400225441684624, 'privileged_promotion': 0.26213886218455945, 'protected_demotion': 0.5314854716322399, 'protected_promotion': 0.6583482093600327}, 'corr': [0.0931529311475826, 0.0006331037854109161, 1.0, 0.06791682233491302, 0.04481601124698501, 0.26955744930122183, 0.005131440098826536, 0.0440112472896473, 0.06451372662508054, 0.08458889802497334, 0.10645543476849864, 0.032454532563875524, 0.002621052861836258, 0.0049559113809191325, 0.006331801937945235, 0.003101429167736041, 0.011415758167678959, 0.01193728452567073, 0.02624174122786116, 0.015904158391320557, 0.028006641624529274, 0.013915410034949451, 0.015583283721443063, 0.02902129375936623, 0.010731489934577107, 0.006651910588910397, 0.0018957059919273115, 0.053329621045047244, 0.05320724660668678, 0.23548112422235673, 0.018216002961722273, 0.43547180044759265, 0.03618301242632242, 0.1767364263023397, 0.11057247363896258, 0.17718909693216775, 0.27653367321770206, 0.012283813665969605, 0.2284114352752249, 0.02950020938541191, 0.10193055262580429, 0.09368863011650898, 0.03715249532343919, 0.16839691334400858, 0.09094120716092238, 0.03425226490172145, 0.06284270450426736, 0.02735156424040557, 0.02256573632265817, 0.13412735614402752, 0.5820219733837128, 0.17510183539711605, 0.049922811862520386, 0.09682297312073267, 0.3222361500435902, 0.31957028917155705, 0.016766915359720372, 0.008226621073435867, 0.1145205666371852, 0.006509217860562343, 0.10667701373537437, 0.008509032996410123, 0.000441815385545777, 0.006681099384948941, 0.005870505423006612, 0.0025850976347697387, 0.019397729785570115, 0.0019765093888212877, 0.004768078115877854, 0.007730305678689689, 0.0020921925227009234, 0.02086478838350712, 0.00808575609853864, 9.136322588864401e-05, 0.0018538585343962413, 0.0, 0.011483286391759953, 0.0005924609028293218, 0.0014313297205384662, 0.02434352082676535, 0.01300315866048406, 0.00041177717411156425, 0.009020748090437085, 0.02230755615563406, 0.0006514825347460182, 0.0024257391680393113, 0.035376265801906344, 0.01604335599381836, 0.009098360681868516, 0.0073291221767846, 0.01636069324876212, 0.007508523023482505, 0.008602999625234371, 0.009558513277075036, 0.0003254877919106305, 0.0117335702586859, 0.006679202905810484, 0.007441778602535594, 0.008694452201544599, 6.517642658733811e-05, 0.007627159345763049, 0.004333099216858567]}, {'overall_acc': 0.5825041459369817, 'bal_acc': 0.5727772478101947, 'avg_odds_diff': 0.4881610064321668, 'disp_imp': 4.272532613913244, 'stat_par_diff': 0.7107853233626211, 'eq_opp_diff': 0.0867698529983667, 'theil_ind': 0.17360936997557105, 'TPR': 0.553907586993725, 'TNR': 0.5916469086266642, 'FPR': 0.40835309137333575, 'FNR': 0.44609241300627495, 'GTPR': 1.0, 'GTNR': 1.0, 'GFPR': 0.0, 'GFNR': 0.0, 'PPV': 0.30249221183800623, 'NPV': 0.8057625434674615, 'FDR': 0.6975077881619938, 'FOR': 0.1942374565325385, 'ACC': 0.5825041459369817, 'MCC': 0.12552675534321764, 'f1_score': 0.3912955873463631, 'fitness': -0.5852585680194035, 'solution': {'corr_type': 'spearman', 'l2': 0.01, 'dropout': 0.10097078434679863, 'privileged_demotion': 0.44886795289552806, 'privileged_promotion': 0.25371715663081074, 'protected_demotion': 0.6552712542302788, 'protected_promotion': 0.6492473077617265}, 'corr': [0.0931529311475826, 0.0006331037854109161, 1.0, 0.06791682233491302, 0.04481601124698501, 0.26955744930122183, 0.005131440098826536, 0.0440112472896473, 0.06451372662508054, 0.08458889802497334, 0.10645543476849864, 0.032454532563875524, 0.002621052861836258, 0.0049559113809191325, 0.006331801937945235, 0.003101429167736041, 0.011415758167678959, 0.01193728452567073, 0.02624174122786116, 0.015904158391320557, 0.028006641624529274, 0.013915410034949451, 0.015583283721443063, 0.02902129375936623, 0.010731489934577107, 0.006651910588910397, 0.0018957059919273115, 0.053329621045047244, 0.05320724660668678, 0.23548112422235673, 0.018216002961722273, 0.43547180044759265, 0.03618301242632242, 0.1767364263023397, 0.11057247363896258, 0.17718909693216775, 0.27653367321770206, 0.012283813665969605, 0.2284114352752249, 0.02950020938541191, 0.10193055262580429, 0.09368863011650898, 0.03715249532343919, 0.16839691334400858, 0.09094120716092238, 0.03425226490172145, 0.06284270450426736, 0.02735156424040557, 0.02256573632265817, 0.13412735614402752, 0.5820219733837128, 0.17510183539711605, 0.049922811862520386, 0.09682297312073267, 0.3222361500435902, 0.31957028917155705, 0.016766915359720372, 0.008226621073435867, 0.1145205666371852, 0.006509217860562343, 0.10667701373537437, 0.008509032996410123, 0.000441815385545777, 0.006681099384948941, 0.005870505423006612, 0.0025850976347697387, 0.019397729785570115, 0.0019765093888212877, 0.004768078115877854, 0.007730305678689689, 0.0020921925227009234, 0.02086478838350712, 0.00808575609853864, 9.136322588864401e-05, 0.0018538585343962413, 0.0, 0.011483286391759953, 0.0005924609028293218, 0.0014313297205384662, 0.02434352082676535, 0.01300315866048406, 0.00041177717411156425, 0.009020748090437085, 0.02230755615563406, 0.0006514825347460182, 0.0024257391680393113, 0.035376265801906344, 0.01604335599381836, 0.009098360681868516, 0.0073291221767846, 0.01636069324876212, 0.007508523023482505, 0.008602999625234371, 0.009558513277075036, 0.0003254877919106305, 0.0117335702586859, 0.006679202905810484, 0.007441778602535594, 0.008694452201544599, 6.517642658733811e-05, 0.007627159345763049, 0.004333099216858567]}, {'overall_acc': 0.831951354339414, 'bal_acc': 0.7284513383117802, 'avg_odds_diff': 0.15648997451624186, 'disp_imp': 0.9473876665633716, 'stat_par_diff': 0.009709434886905677, 'eq_opp_diff': 0.2629747737937829, 'theil_ind': 0.1418812460239101, 'TPR': 0.5276668568168853, 'TNR': 0.9292358198066751, 'FPR': 0.07076418019332482, 'FNR': 0.47233314318311465, 'GTPR': 1.0, 'GTNR': 1.0, 'GFPR': 0.0, 'GFNR': 0.0, 'PPV': 0.7044935262757045, 'NPV': 0.8602059767009961, 'FDR': 0.2955064737242955, 'FOR': 0.1397940232990039, 'ACC': 0.831951354339414, 'MCC': 0.5079495195371767, 'f1_score': 0.603392041748206, 'fitness': 0.49824008465027103, 'solution': {'corr_type': 'spearman', 'l2': 0.01, 'dropout': 0.11112743094742024, 'privileged_demotion': 0.45476563536630826, 'privileged_promotion': 0.2583600331222355, 'protected_demotion': 0.00030305921194845927, 'protected_promotion': 0.6600859354449374}, 'corr': [0.0931529311475826, 0.0006331037854109161, 1.0, 0.06791682233491302, 0.04481601124698501, 0.26955744930122183, 0.005131440098826536, 0.0440112472896473, 0.06451372662508054, 0.08458889802497334, 0.10645543476849864, 0.032454532563875524, 0.002621052861836258, 0.0049559113809191325, 0.006331801937945235, 0.003101429167736041, 0.011415758167678959, 0.01193728452567073, 0.02624174122786116, 0.015904158391320557, 0.028006641624529274, 0.013915410034949451, 0.015583283721443063, 0.02902129375936623, 0.010731489934577107, 0.006651910588910397, 0.0018957059919273115, 0.053329621045047244, 0.05320724660668678, 0.23548112422235673, 0.018216002961722273, 0.43547180044759265, 0.03618301242632242, 0.1767364263023397, 0.11057247363896258, 0.17718909693216775, 0.27653367321770206, 0.012283813665969605, 0.2284114352752249, 0.02950020938541191, 0.10193055262580429, 0.09368863011650898, 0.03715249532343919, 0.16839691334400858, 0.09094120716092238, 0.03425226490172145, 0.06284270450426736, 0.02735156424040557, 0.02256573632265817, 0.13412735614402752, 0.5820219733837128, 0.17510183539711605, 0.049922811862520386, 0.09682297312073267, 0.3222361500435902, 0.31957028917155705, 0.016766915359720372, 0.008226621073435867, 0.1145205666371852, 0.006509217860562343, 0.10667701373537437, 0.008509032996410123, 0.000441815385545777, 0.006681099384948941, 0.005870505423006612, 0.0025850976347697387, 0.019397729785570115, 0.0019765093888212877, 0.004768078115877854, 0.007730305678689689, 0.0020921925227009234, 0.02086478838350712, 0.00808575609853864, 9.136322588864401e-05, 0.0018538585343962413, 0.0, 0.011483286391759953, 0.0005924609028293218, 0.0014313297205384662, 0.02434352082676535, 0.01300315866048406, 0.00041177717411156425, 0.009020748090437085, 0.02230755615563406, 0.0006514825347460182, 0.0024257391680393113, 0.035376265801906344, 0.01604335599381836, 0.009098360681868516, 0.0073291221767846, 0.01636069324876212, 0.007508523023482505, 0.008602999625234371, 0.009558513277075036, 0.0003254877919106305, 0.0117335702586859, 0.006679202905810484, 0.007441778602535594, 0.008694452201544599, 6.517642658733811e-05, 0.007627159345763049, 0.004333099216858567]}, {'overall_acc': 0.8279436152570481, 'bal_acc': 0.7958532097186981, 'avg_odds_diff': 0.06665201896278784, 'disp_imp': 0.5514369445645148, 'stat_par_diff': 0.1492784372276681, 'eq_opp_diff': 0.07604158564724794, 'theil_ind': 0.10082780390717898, 'TPR': 0.7335995436394752, 'TNR': 0.8581068757979209, 'FPR': 0.14189312420207914, 'FNR': 0.26640045636052484, 'GTPR': 1.0, 'GTNR': 1.0, 'GFPR': 0.0, 'GFNR': 0.0, 'PPV': 0.623062015503876, 'NPV': 0.9097061098221191, 'FDR': 0.37693798449612403, 'FOR': 0.09029389017788089, 'ACC': 0.8279436152570481, 'MCC': 0.5614644421751197, 'f1_score': 0.6738276133088814, 'fitness': 0.4121860049474516, 'solution': {'corr_type': 'spearman', 'l2': 0.01, 'dropout': 0.09859403681710392, 'privileged_demotion': 0.10456486338867829, 'privileged_promotion': 0.19818329992648864, 'protected_demotion': 0.020881233311512315, 'protected_promotion': 0.6684766148603583}, 'corr': [0.0931529311475826, 0.0006331037854109161, 1.0, 0.06791682233491302, 0.04481601124698501, 0.26955744930122183, 0.005131440098826536, 0.0440112472896473, 0.06451372662508054, 0.08458889802497334, 0.10645543476849864, 0.032454532563875524, 0.002621052861836258, 0.0049559113809191325, 0.006331801937945235, 0.003101429167736041, 0.011415758167678959, 0.01193728452567073, 0.02624174122786116, 0.015904158391320557, 0.028006641624529274, 0.013915410034949451, 0.015583283721443063, 0.02902129375936623, 0.010731489934577107, 0.006651910588910397, 0.0018957059919273115, 0.053329621045047244, 0.05320724660668678, 0.23548112422235673, 0.018216002961722273, 0.43547180044759265, 0.03618301242632242, 0.1767364263023397, 0.11057247363896258, 0.17718909693216775, 0.27653367321770206, 0.012283813665969605, 0.2284114352752249, 0.02950020938541191, 0.10193055262580429, 0.09368863011650898, 0.03715249532343919, 0.16839691334400858, 0.09094120716092238, 0.03425226490172145, 0.06284270450426736, 0.02735156424040557, 0.02256573632265817, 0.13412735614402752, 0.5820219733837128, 0.17510183539711605, 0.049922811862520386, 0.09682297312073267, 0.3222361500435902, 0.31957028917155705, 0.016766915359720372, 0.008226621073435867, 0.1145205666371852, 0.006509217860562343, 0.10667701373537437, 0.008509032996410123, 0.000441815385545777, 0.006681099384948941, 0.005870505423006612, 0.0025850976347697387, 0.019397729785570115, 0.0019765093888212877, 0.004768078115877854, 0.007730305678689689, 0.0020921925227009234, 0.02086478838350712, 0.00808575609853864, 9.136322588864401e-05, 0.0018538585343962413, 0.0, 0.011483286391759953, 0.0005924609028293218, 0.0014313297205384662, 0.02434352082676535, 0.01300315866048406, 0.00041177717411156425, 0.009020748090437085, 0.02230755615563406, 0.0006514825347460182, 0.0024257391680393113, 0.035376265801906344, 0.01604335599381836, 0.009098360681868516, 0.0073291221767846, 0.01636069324876212, 0.007508523023482505, 0.008602999625234371, 0.009558513277075036, 0.0003254877919106305, 0.0117335702586859, 0.006679202905810484, 0.007441778602535594, 0.008694452201544599, 6.517642658733811e-05, 0.007627159345763049, 0.004333099216858567]}, {'overall_acc': 0.8327805417357657, 'bal_acc': 0.7662530838720605, 'avg_odds_diff': 0.08248463876398945, 'disp_imp': 0.7249440525691163, 'stat_par_diff': 0.0704513611042803, 'eq_opp_diff': 0.15272614140157115, 'theil_ind': 0.11952419640773876, 'TPR': 0.6371933827723902, 'TNR': 0.8953127849717308, 'FPR': 0.10468721502826919, 'FNR': 0.3628066172276098, 'GTPR': 1.0, 'GTNR': 1.0, 'GFPR': 0.0, 'GFNR': 0.0, 'PPV': 0.6605558840922531, 'NPV': 0.8853020739404869, 'FDR': 0.33944411590774687, 'FOR': 0.11469792605951308, 'ACC': 0.8327805417357657, 'MCC': 0.5391407324295259, 'f1_score': 0.648664343786295, 'fitness': 0.4686893713252456, 'solution': {'corr_type': 'spearman', 'l2': 0.01, 'dropout': 0.021352051885028926, 'privileged_demotion': 0.36801093421272485, 'privileged_promotion': 0.3938928634186153, 'protected_demotion': 0.06682963578150966, 'protected_promotion': 0.7850418682867261}, 'corr': [0.0931529311475826, 0.0006331037854109161, 1.0, 0.06791682233491302, 0.04481601124698501, 0.26955744930122183, 0.005131440098826536, 0.0440112472896473, 0.06451372662508054, 0.08458889802497334, 0.10645543476849864, 0.032454532563875524, 0.002621052861836258, 0.0049559113809191325, 0.006331801937945235, 0.003101429167736041, 0.011415758167678959, 0.01193728452567073, 0.02624174122786116, 0.015904158391320557, 0.028006641624529274, 0.013915410034949451, 0.015583283721443063, 0.02902129375936623, 0.010731489934577107, 0.006651910588910397, 0.0018957059919273115, 0.053329621045047244, 0.05320724660668678, 0.23548112422235673, 0.018216002961722273, 0.43547180044759265, 0.03618301242632242, 0.1767364263023397, 0.11057247363896258, 0.17718909693216775, 0.27653367321770206, 0.012283813665969605, 0.2284114352752249, 0.02950020938541191, 0.10193055262580429, 0.09368863011650898, 0.03715249532343919, 0.16839691334400858, 0.09094120716092238, 0.03425226490172145, 0.06284270450426736, 0.02735156424040557, 0.02256573632265817, 0.13412735614402752, 0.5820219733837128, 0.17510183539711605, 0.049922811862520386, 0.09682297312073267, 0.3222361500435902, 0.31957028917155705, 0.016766915359720372, 0.008226621073435867, 0.1145205666371852, 0.006509217860562343, 0.10667701373537437, 0.008509032996410123, 0.000441815385545777, 0.006681099384948941, 0.005870505423006612, 0.0025850976347697387, 0.019397729785570115, 0.0019765093888212877, 0.004768078115877854, 0.007730305678689689, 0.0020921925227009234, 0.02086478838350712, 0.00808575609853864, 9.136322588864401e-05, 0.0018538585343962413, 0.0, 0.011483286391759953, 0.0005924609028293218, 0.0014313297205384662, 0.02434352082676535, 0.01300315866048406, 0.00041177717411156425, 0.009020748090437085, 0.02230755615563406, 0.0006514825347460182, 0.0024257391680393113, 0.035376265801906344, 0.01604335599381836, 0.009098360681868516, 0.0073291221767846, 0.01636069324876212, 0.007508523023482505, 0.008602999625234371, 0.009558513277075036, 0.0003254877919106305, 0.0117335702586859, 0.006679202905810484, 0.007441778602535594, 0.008694452201544599, 6.517642658733811e-05, 0.007627159345763049, 0.004333099216858567]}, {'overall_acc': 0.8416252072968491, 'bal_acc': 0.7262971926191197, 'avg_odds_diff': 0.08863060902703948, 'disp_imp': 0.681340445131192, 'stat_par_diff': 0.056610377218632296, 'eq_opp_diff': 0.16969484846127925, 'theil_ind': 0.14348061032849413, 'TPR': 0.5025670279520822, 'TNR': 0.9500273572861572, 'FPR': 0.04997264271384279, 'FNR': 0.49743297204791787, 'GTPR': 1.0, 'GTNR': 1.0, 'GFPR': 0.0, 'GFNR': 0.0, 'PPV': 0.7627705627705628, 'NPV': 0.8566025324782108, 'FDR': 0.23722943722943723, 'FOR': 0.14339746752178917, 'ACC': 0.8416252072968491, 'MCC': 0.529457066509858, 'f1_score': 0.6059147180192573, 'fitness': 0.47284668929122575, 'solution': {'corr_type': 'spearman', 'l2': 0.01, 'dropout': 0.022207590442304727, 'privileged_demotion': 0.453700343073187, 'privileged_promotion': 0.2446821430425585, 'protected_demotion': 0.06971855063690041, 'protected_promotion': 0.5583551243298625}, 'corr': [0.0931529311475826, 0.0006331037854109161, 1.0, 0.06791682233491302, 0.04481601124698501, 0.26955744930122183, 0.005131440098826536, 0.0440112472896473, 0.06451372662508054, 0.08458889802497334, 0.10645543476849864, 0.032454532563875524, 0.002621052861836258, 0.0049559113809191325, 0.006331801937945235, 0.003101429167736041, 0.011415758167678959, 0.01193728452567073, 0.02624174122786116, 0.015904158391320557, 0.028006641624529274, 0.013915410034949451, 0.015583283721443063, 0.02902129375936623, 0.010731489934577107, 0.006651910588910397, 0.0018957059919273115, 0.053329621045047244, 0.05320724660668678, 0.23548112422235673, 0.018216002961722273, 0.43547180044759265, 0.03618301242632242, 0.1767364263023397, 0.11057247363896258, 0.17718909693216775, 0.27653367321770206, 0.012283813665969605, 0.2284114352752249, 0.02950020938541191, 0.10193055262580429, 0.09368863011650898, 0.03715249532343919, 0.16839691334400858, 0.09094120716092238, 0.03425226490172145, 0.06284270450426736, 0.02735156424040557, 0.02256573632265817, 0.13412735614402752, 0.5820219733837128, 0.17510183539711605, 0.049922811862520386, 0.09682297312073267, 0.3222361500435902, 0.31957028917155705, 0.016766915359720372, 0.008226621073435867, 0.1145205666371852, 0.006509217860562343, 0.10667701373537437, 0.008509032996410123, 0.000441815385545777, 0.006681099384948941, 0.005870505423006612, 0.0025850976347697387, 0.019397729785570115, 0.0019765093888212877, 0.004768078115877854, 0.007730305678689689, 0.0020921925227009234, 0.02086478838350712, 0.00808575609853864, 9.136322588864401e-05, 0.0018538585343962413, 0.0, 0.011483286391759953, 0.0005924609028293218, 0.0014313297205384662, 0.02434352082676535, 0.01300315866048406, 0.00041177717411156425, 0.009020748090437085, 0.02230755615563406, 0.0006514825347460182, 0.0024257391680393113, 0.035376265801906344, 0.01604335599381836, 0.009098360681868516, 0.0073291221767846, 0.01636069324876212, 0.007508523023482505, 0.008602999625234371, 0.009558513277075036, 0.0003254877919106305, 0.0117335702586859, 0.006679202905810484, 0.007441778602535594, 0.008694452201544599, 6.517642658733811e-05, 0.007627159345763049, 0.004333099216858567]}, {'overall_acc': 0.839690436705362, 'bal_acc': 0.7378267879591318, 'avg_odds_diff': 0.10154120568295001, 'disp_imp': 0.7299957510566452, 'stat_par_diff': 0.05311379466133728, 'eq_opp_diff': 0.1891758056570999, 'theil_ind': 0.13684073210896, 'TPR': 0.5402167712492869, 'TNR': 0.9354368046689768, 'FPR': 0.06456319533102316, 'FNR': 0.4597832287507131, 'GTPR': 1.0, 'GTNR': 1.0, 'GFPR': 0.0, 'GFNR': 0.0, 'PPV': 0.727901614142967, 'NPV': 0.8641954507160909, 'FDR': 0.27209838585703305, 'FOR': 0.135804549283909, 'ACC': 0.839690436705362, 'MCC': 0.5306911401096865, 'f1_score': 0.6201702685003273, 'fitness': 0.4775773454483493, 'solution': {'corr_type': 'spearman', 'l2': 0.01, 'dropout': 0.046229489674180606, 'privileged_demotion': 0.45778940240087257, 'privileged_promotion': 0.24635282239313105, 'protected_demotion': 0.07315399034070025, 'protected_promotion': 0.663131543645497}, 'corr': [0.0931529311475826, 0.0006331037854109161, 1.0, 0.06791682233491302, 0.04481601124698501, 0.26955744930122183, 0.005131440098826536, 0.0440112472896473, 0.06451372662508054, 0.08458889802497334, 0.10645543476849864, 0.032454532563875524, 0.002621052861836258, 0.0049559113809191325, 0.006331801937945235, 0.003101429167736041, 0.011415758167678959, 0.01193728452567073, 0.02624174122786116, 0.015904158391320557, 0.028006641624529274, 0.013915410034949451, 0.015583283721443063, 0.02902129375936623, 0.010731489934577107, 0.006651910588910397, 0.0018957059919273115, 0.053329621045047244, 0.05320724660668678, 0.23548112422235673, 0.018216002961722273, 0.43547180044759265, 0.03618301242632242, 0.1767364263023397, 0.11057247363896258, 0.17718909693216775, 0.27653367321770206, 0.012283813665969605, 0.2284114352752249, 0.02950020938541191, 0.10193055262580429, 0.09368863011650898, 0.03715249532343919, 0.16839691334400858, 0.09094120716092238, 0.03425226490172145, 0.06284270450426736, 0.02735156424040557, 0.02256573632265817, 0.13412735614402752, 0.5820219733837128, 0.17510183539711605, 0.049922811862520386, 0.09682297312073267, 0.3222361500435902, 0.31957028917155705, 0.016766915359720372, 0.008226621073435867, 0.1145205666371852, 0.006509217860562343, 0.10667701373537437, 0.008509032996410123, 0.000441815385545777, 0.006681099384948941, 0.005870505423006612, 0.0025850976347697387, 0.019397729785570115, 0.0019765093888212877, 0.004768078115877854, 0.007730305678689689, 0.0020921925227009234, 0.02086478838350712, 0.00808575609853864, 9.136322588864401e-05, 0.0018538585343962413, 0.0, 0.011483286391759953, 0.0005924609028293218, 0.0014313297205384662, 0.02434352082676535, 0.01300315866048406, 0.00041177717411156425, 0.009020748090437085, 0.02230755615563406, 0.0006514825347460182, 0.0024257391680393113, 0.035376265801906344, 0.01604335599381836, 0.009098360681868516, 0.0073291221767846, 0.01636069324876212, 0.007508523023482505, 0.008602999625234371, 0.009558513277075036, 0.0003254877919106305, 0.0117335702586859, 0.006679202905810484, 0.007441778602535594, 0.008694452201544599, 6.517642658733811e-05, 0.007627159345763049, 0.004333099216858567]}, {'overall_acc': 0.8372028745163074, 'bal_acc': 0.7371555226604578, 'avg_odds_diff': 0.12405618159840064, 'disp_imp': 0.8038843454008974, 'stat_par_diff': 0.038419736836895785, 'eq_opp_diff': 0.2221902465582951, 'theil_ind': 0.13710520258084502, 'TPR': 0.5430690245293782, 'TNR': 0.9312420207915375, 'FPR': 0.06875797920846252, 'FNR': 0.4569309754706218, 'GTPR': 1.0, 'GTNR': 1.0, 'GFPR': 0.0, 'GFNR': 0.0, 'PPV': 0.7163280662151994, 'NPV': 0.8643981716607415, 'FDR': 0.2836719337848006, 'FOR': 0.13560182833925852, 'ACC': 0.8372028745163074, 'MCC': 0.5248284185638391, 'f1_score': 0.6177806619078521, 'fitness': 0.4864086817269433, 'solution': {'corr_type': 'spearman', 'l2': 0.01, 'dropout': 0.07649136094996509, 'privileged_demotion': 0.5197218353021951, 'privileged_promotion': 0.3040093788814554, 'protected_demotion': 0.002775913719294587, 'protected_promotion': 0.5550120895668402}, 'corr': [0.0931529311475826, 0.0006331037854109161, 1.0, 0.06791682233491302, 0.04481601124698501, 0.26955744930122183, 0.005131440098826536, 0.0440112472896473, 0.06451372662508054, 0.08458889802497334, 0.10645543476849864, 0.032454532563875524, 0.002621052861836258, 0.0049559113809191325, 0.006331801937945235, 0.003101429167736041, 0.011415758167678959, 0.01193728452567073, 0.02624174122786116, 0.015904158391320557, 0.028006641624529274, 0.013915410034949451, 0.015583283721443063, 0.02902129375936623, 0.010731489934577107, 0.006651910588910397, 0.0018957059919273115, 0.053329621045047244, 0.05320724660668678, 0.23548112422235673, 0.018216002961722273, 0.43547180044759265, 0.03618301242632242, 0.1767364263023397, 0.11057247363896258, 0.17718909693216775, 0.27653367321770206, 0.012283813665969605, 0.2284114352752249, 0.02950020938541191, 0.10193055262580429, 0.09368863011650898, 0.03715249532343919, 0.16839691334400858, 0.09094120716092238, 0.03425226490172145, 0.06284270450426736, 0.02735156424040557, 0.02256573632265817, 0.13412735614402752, 0.5820219733837128, 0.17510183539711605, 0.049922811862520386, 0.09682297312073267, 0.3222361500435902, 0.31957028917155705, 0.016766915359720372, 0.008226621073435867, 0.1145205666371852, 0.006509217860562343, 0.10667701373537437, 0.008509032996410123, 0.000441815385545777, 0.006681099384948941, 0.005870505423006612, 0.0025850976347697387, 0.019397729785570115, 0.0019765093888212877, 0.004768078115877854, 0.007730305678689689, 0.0020921925227009234, 0.02086478838350712, 0.00808575609853864, 9.136322588864401e-05, 0.0018538585343962413, 0.0, 0.011483286391759953, 0.0005924609028293218, 0.0014313297205384662, 0.02434352082676535, 0.01300315866048406, 0.00041177717411156425, 0.009020748090437085, 0.02230755615563406, 0.0006514825347460182, 0.0024257391680393113, 0.035376265801906344, 0.01604335599381836, 0.009098360681868516, 0.0073291221767846, 0.01636069324876212, 0.007508523023482505, 0.008602999625234371, 0.009558513277075036, 0.0003254877919106305, 0.0117335702586859, 0.006679202905810484, 0.007441778602535594, 0.008694452201544599, 6.517642658733811e-05, 0.007627159345763049, 0.004333099216858567]}, {'overall_acc': 0.8146766169154229, 'bal_acc': 0.6594242599565384, 'avg_odds_diff': 0.22915744983587127, 'disp_imp': 1.4289935095556145, 'stat_par_diff': 0.04402164182420219, 'eq_opp_diff': 0.3980088667651863, 'theil_ind': 0.18156963862986253, 'TPR': 0.3582430119794638, 'TNR': 0.960605507933613, 'FPR': 0.03939449206638702, 'FNR': 0.6417569880205363, 'GTPR': 1.0, 'GTNR': 1.0, 'GFPR': 0.0, 'GFNR': 0.0, 'PPV': 0.7440758293838863, 'NPV': 0.8239987484355444, 'FDR': 0.2559241706161137, 'FOR': 0.17600125156445556, 'ACC': 0.8146766169154229, 'MCC': 0.425593395552576, 'f1_score': 0.48363496341933004, 'fitness': 0.3815717537283738, 'solution': {'corr_type': 'spearman', 'l2': 0.01, 'dropout': 0.022808393466611912, 'privileged_demotion': 0.5193114669176818, 'privileged_promotion': 0.07451941701380732, 'protected_demotion': 0.06696381733473, 'protected_promotion': 0.7419666306327164}, 'corr': [0.0931529311475826, 0.0006331037854109161, 1.0, 0.06791682233491302, 0.04481601124698501, 0.26955744930122183, 0.005131440098826536, 0.0440112472896473, 0.06451372662508054, 0.08458889802497334, 0.10645543476849864, 0.032454532563875524, 0.002621052861836258, 0.0049559113809191325, 0.006331801937945235, 0.003101429167736041, 0.011415758167678959, 0.01193728452567073, 0.02624174122786116, 0.015904158391320557, 0.028006641624529274, 0.013915410034949451, 0.015583283721443063, 0.02902129375936623, 0.010731489934577107, 0.006651910588910397, 0.0018957059919273115, 0.053329621045047244, 0.05320724660668678, 0.23548112422235673, 0.018216002961722273, 0.43547180044759265, 0.03618301242632242, 0.1767364263023397, 0.11057247363896258, 0.17718909693216775, 0.27653367321770206, 0.012283813665969605, 0.2284114352752249, 0.02950020938541191, 0.10193055262580429, 0.09368863011650898, 0.03715249532343919, 0.16839691334400858, 0.09094120716092238, 0.03425226490172145, 0.06284270450426736, 0.02735156424040557, 0.02256573632265817, 0.13412735614402752, 0.5820219733837128, 0.17510183539711605, 0.049922811862520386, 0.09682297312073267, 0.3222361500435902, 0.31957028917155705, 0.016766915359720372, 0.008226621073435867, 0.1145205666371852, 0.006509217860562343, 0.10667701373537437, 0.008509032996410123, 0.000441815385545777, 0.006681099384948941, 0.005870505423006612, 0.0025850976347697387, 0.019397729785570115, 0.0019765093888212877, 0.004768078115877854, 0.007730305678689689, 0.0020921925227009234, 0.02086478838350712, 0.00808575609853864, 9.136322588864401e-05, 0.0018538585343962413, 0.0, 0.011483286391759953, 0.0005924609028293218, 0.0014313297205384662, 0.02434352082676535, 0.01300315866048406, 0.00041177717411156425, 0.009020748090437085, 0.02230755615563406, 0.0006514825347460182, 0.0024257391680393113, 0.035376265801906344, 0.01604335599381836, 0.009098360681868516, 0.0073291221767846, 0.01636069324876212, 0.007508523023482505, 0.008602999625234371, 0.009558513277075036, 0.0003254877919106305, 0.0117335702586859, 0.006679202905810484, 0.007441778602535594, 0.008694452201544599, 6.517642658733811e-05, 0.007627159345763049, 0.004333099216858567]}, {'overall_acc': 0.8302929795467109, 'bal_acc': 0.7461783811582114, 'avg_odds_diff': 0.1453331463492769, 'disp_imp': 0.9005314432163374, 'stat_par_diff': 0.021563960089583306, 'eq_opp_diff': 0.24354048378315307, 'theil_ind': 0.13127153070131536, 'TPR': 0.583000570450656, 'TNR': 0.9093561918657669, 'FPR': 0.09064380813423309, 'FNR': 0.416999429549344, 'GTPR': 1.0, 'GTNR': 1.0, 'GFPR': 0.0, 'GFNR': 0.0, 'PPV': 0.6728110599078341, 'NPV': 0.8721357355256253, 'FDR': 0.3271889400921659, 'FOR': 0.12786426447437468, 'ACC': 0.8302929795467109, 'MCC': 0.5179847872614871, 'f1_score': 0.6246943765281173, 'fitness': 0.49642082717190383, 'solution': {'corr_type': 'spearman', 'l2': 0.01, 'dropout': 0.11783690935521447, 'privileged_demotion': 0.5011891643175835, 'privileged_promotion': 0.33299013738468874, 'protected_demotion': 0.0005175482204234387, 'protected_promotion': 0.6923036412286745}, 'corr': [0.0931529311475826, 0.0006331037854109161, 1.0, 0.06791682233491302, 0.04481601124698501, 0.26955744930122183, 0.005131440098826536, 0.0440112472896473, 0.06451372662508054, 0.08458889802497334, 0.10645543476849864, 0.032454532563875524, 0.002621052861836258, 0.0049559113809191325, 0.006331801937945235, 0.003101429167736041, 0.011415758167678959, 0.01193728452567073, 0.02624174122786116, 0.015904158391320557, 0.028006641624529274, 0.013915410034949451, 0.015583283721443063, 0.02902129375936623, 0.010731489934577107, 0.006651910588910397, 0.0018957059919273115, 0.053329621045047244, 0.05320724660668678, 0.23548112422235673, 0.018216002961722273, 0.43547180044759265, 0.03618301242632242, 0.1767364263023397, 0.11057247363896258, 0.17718909693216775, 0.27653367321770206, 0.012283813665969605, 0.2284114352752249, 0.02950020938541191, 0.10193055262580429, 0.09368863011650898, 0.03715249532343919, 0.16839691334400858, 0.09094120716092238, 0.03425226490172145, 0.06284270450426736, 0.02735156424040557, 0.02256573632265817, 0.13412735614402752, 0.5820219733837128, 0.17510183539711605, 0.049922811862520386, 0.09682297312073267, 0.3222361500435902, 0.31957028917155705, 0.016766915359720372, 0.008226621073435867, 0.1145205666371852, 0.006509217860562343, 0.10667701373537437, 0.008509032996410123, 0.000441815385545777, 0.006681099384948941, 0.005870505423006612, 0.0025850976347697387, 0.019397729785570115, 0.0019765093888212877, 0.004768078115877854, 0.007730305678689689, 0.0020921925227009234, 0.02086478838350712, 0.00808575609853864, 9.136322588864401e-05, 0.0018538585343962413, 0.0, 0.011483286391759953, 0.0005924609028293218, 0.0014313297205384662, 0.02434352082676535, 0.01300315866048406, 0.00041177717411156425, 0.009020748090437085, 0.02230755615563406, 0.0006514825347460182, 0.0024257391680393113, 0.035376265801906344, 0.01604335599381836, 0.009098360681868516, 0.0073291221767846, 0.01636069324876212, 0.007508523023482505, 0.008602999625234371, 0.009558513277075036, 0.0003254877919106305, 0.0117335702586859, 0.006679202905810484, 0.007441778602535594, 0.008694452201544599, 6.517642658733811e-05, 0.007627159345763049, 0.004333099216858567]}, {'overall_acc': 0.8345771144278606, 'bal_acc': 0.7457067163672104, 'avg_odds_diff': 0.1150770868874185, 'disp_imp': 0.7923941110686313, 'stat_par_diff': 0.0446704214472079, 'eq_opp_diff': 0.20491820279484585, 'theil_ind': 0.1319276002270203, 'TPR': 0.5733029092983457, 'TNR': 0.9181105234360751, 'FPR': 0.08188947656392485, 'FNR': 0.4266970907016543, 'GTPR': 1.0, 'GTNR': 1.0, 'GFPR': 0.0, 'GFNR': 0.0, 'PPV': 0.6911966987620357, 'NPV': 0.8706329989622967, 'FDR': 0.30880330123796423, 'FOR': 0.1293670010377032, 'ACC': 0.8345771144278606, 'MCC': 0.5254432989113633, 'f1_score': 0.626753975678204, 'fitness': 0.4807728774641554, 'solution': {'corr_type': 'spearman', 'l2': 0.01, 'dropout': 0.11438880614036999, 'privileged_demotion': 0.5201273466871176, 'privileged_promotion': 0.3101834626058621, 'protected_demotion': 0.003780385582945214, 'protected_promotion': 0.5563289020827882}, 'corr': [0.0931529311475826, 0.0006331037854109161, 1.0, 0.06791682233491302, 0.04481601124698501, 0.26955744930122183, 0.005131440098826536, 0.0440112472896473, 0.06451372662508054, 0.08458889802497334, 0.10645543476849864, 0.032454532563875524, 0.002621052861836258, 0.0049559113809191325, 0.006331801937945235, 0.003101429167736041, 0.011415758167678959, 0.01193728452567073, 0.02624174122786116, 0.015904158391320557, 0.028006641624529274, 0.013915410034949451, 0.015583283721443063, 0.02902129375936623, 0.010731489934577107, 0.006651910588910397, 0.0018957059919273115, 0.053329621045047244, 0.05320724660668678, 0.23548112422235673, 0.018216002961722273, 0.43547180044759265, 0.03618301242632242, 0.1767364263023397, 0.11057247363896258, 0.17718909693216775, 0.27653367321770206, 0.012283813665969605, 0.2284114352752249, 0.02950020938541191, 0.10193055262580429, 0.09368863011650898, 0.03715249532343919, 0.16839691334400858, 0.09094120716092238, 0.03425226490172145, 0.06284270450426736, 0.02735156424040557, 0.02256573632265817, 0.13412735614402752, 0.5820219733837128, 0.17510183539711605, 0.049922811862520386, 0.09682297312073267, 0.3222361500435902, 0.31957028917155705, 0.016766915359720372, 0.008226621073435867, 0.1145205666371852, 0.006509217860562343, 0.10667701373537437, 0.008509032996410123, 0.000441815385545777, 0.006681099384948941, 0.005870505423006612, 0.0025850976347697387, 0.019397729785570115, 0.0019765093888212877, 0.004768078115877854, 0.007730305678689689, 0.0020921925227009234, 0.02086478838350712, 0.00808575609853864, 9.136322588864401e-05, 0.0018538585343962413, 0.0, 0.011483286391759953, 0.0005924609028293218, 0.0014313297205384662, 0.02434352082676535, 0.01300315866048406, 0.00041177717411156425, 0.009020748090437085, 0.02230755615563406, 0.0006514825347460182, 0.0024257391680393113, 0.035376265801906344, 0.01604335599381836, 0.009098360681868516, 0.0073291221767846, 0.01636069324876212, 0.007508523023482505, 0.008602999625234371, 0.009558513277075036, 0.0003254877919106305, 0.0117335702586859, 0.006679202905810484, 0.007441778602535594, 0.008694452201544599, 6.517642658733811e-05, 0.007627159345763049, 0.004333099216858567]}, {'overall_acc': 0.822277501381979, 'bal_acc': 0.7327398621201101, 'avg_odds_diff': 0.20082401553575277, 'disp_imp': 1.1231674270305483, 'stat_par_diff': 0.024453642478788618, 'eq_opp_diff': 0.31708278240128596, 'theil_ind': 0.13853797944335747, 'TPR': 0.5590416428978894, 'TNR': 0.9064380813423308, 'FPR': 0.09356191865766916, 'FNR': 0.4409583571021107, 'GTPR': 1.0, 'GTNR': 1.0, 'GFPR': 0.0, 'GFNR': 0.0, 'PPV': 0.6563965170797053, 'NPV': 0.8654013581751697, 'FDR': 0.3436034829202947, 'FOR': 0.13459864182483022, 'ACC': 0.822277501381979, 'MCC': 0.4928349937684743, 'f1_score': 0.6038200862600124, 'fitness': 0.46838135128968567, 'solution': {'corr_type': 'spearman', 'l2': 0.01, 'dropout': 0.10827847841187992, 'privileged_demotion': 0.5198002002272096, 'privileged_promotion': 0.3036088918309936, 'protected_demotion': 0.003787624014862479, 'protected_promotion': 0.7458955000047469}, 'corr': [0.0931529311475826, 0.0006331037854109161, 1.0, 0.06791682233491302, 0.04481601124698501, 0.26955744930122183, 0.005131440098826536, 0.0440112472896473, 0.06451372662508054, 0.08458889802497334, 0.10645543476849864, 0.032454532563875524, 0.002621052861836258, 0.0049559113809191325, 0.006331801937945235, 0.003101429167736041, 0.011415758167678959, 0.01193728452567073, 0.02624174122786116, 0.015904158391320557, 0.028006641624529274, 0.013915410034949451, 0.015583283721443063, 0.02902129375936623, 0.010731489934577107, 0.006651910588910397, 0.0018957059919273115, 0.053329621045047244, 0.05320724660668678, 0.23548112422235673, 0.018216002961722273, 0.43547180044759265, 0.03618301242632242, 0.1767364263023397, 0.11057247363896258, 0.17718909693216775, 0.27653367321770206, 0.012283813665969605, 0.2284114352752249, 0.02950020938541191, 0.10193055262580429, 0.09368863011650898, 0.03715249532343919, 0.16839691334400858, 0.09094120716092238, 0.03425226490172145, 0.06284270450426736, 0.02735156424040557, 0.02256573632265817, 0.13412735614402752, 0.5820219733837128, 0.17510183539711605, 0.049922811862520386, 0.09682297312073267, 0.3222361500435902, 0.31957028917155705, 0.016766915359720372, 0.008226621073435867, 0.1145205666371852, 0.006509217860562343, 0.10667701373537437, 0.008509032996410123, 0.000441815385545777, 0.006681099384948941, 0.005870505423006612, 0.0025850976347697387, 0.019397729785570115, 0.0019765093888212877, 0.004768078115877854, 0.007730305678689689, 0.0020921925227009234, 0.02086478838350712, 0.00808575609853864, 9.136322588864401e-05, 0.0018538585343962413, 0.0, 0.011483286391759953, 0.0005924609028293218, 0.0014313297205384662, 0.02434352082676535, 0.01300315866048406, 0.00041177717411156425, 0.009020748090437085, 0.02230755615563406, 0.0006514825347460182, 0.0024257391680393113, 0.035376265801906344, 0.01604335599381836, 0.009098360681868516, 0.0073291221767846, 0.01636069324876212, 0.007508523023482505, 0.008602999625234371, 0.009558513277075036, 0.0003254877919106305, 0.0117335702586859, 0.006679202905810484, 0.007441778602535594, 0.008694452201544599, 6.517642658733811e-05, 0.007627159345763049, 0.004333099216858567]}, {'overall_acc': 0.8249032614704257, 'bal_acc': 0.7255469090324198, 'avg_odds_diff': 0.17468789273726348, 'disp_imp': 1.0193494261823979, 'stat_par_diff': 0.0036728985817733595, 'eq_opp_diff': 0.2887687640973789, 'theil_ind': 0.1431000991480322, 'TPR': 0.5328009127210497, 'TNR': 0.9182929053437899, 'FPR': 0.08170709465621011, 'FNR': 0.4671990872789504, 'GTPR': 1.0, 'GTNR': 1.0, 'GFPR': 0.0, 'GFNR': 0.0, 'PPV': 0.6758321273516642, 'NPV': 0.8600956610864366, 'FDR': 0.32416787264833574, 'FOR': 0.13990433891356338, 'ACC': 0.8249032614704257, 'MCC': 0.49168456584845993, 'f1_score': 0.5958532695374801, 'fitness': 0.48801166726668654, 'solution': {'corr_type': 'spearman', 'l2': 0.01, 'dropout': 0.11651874172287695, 'privileged_demotion': 0.5680562596295011, 'privileged_promotion': 0.3229921593617183, 'protected_demotion': 0.0005887642215599426, 'protected_promotion': 0.5980817797217103}, 'corr': [0.0931529311475826, 0.0006331037854109161, 1.0, 0.06791682233491302, 0.04481601124698501, 0.26955744930122183, 0.005131440098826536, 0.0440112472896473, 0.06451372662508054, 0.08458889802497334, 0.10645543476849864, 0.032454532563875524, 0.002621052861836258, 0.0049559113809191325, 0.006331801937945235, 0.003101429167736041, 0.011415758167678959, 0.01193728452567073, 0.02624174122786116, 0.015904158391320557, 0.028006641624529274, 0.013915410034949451, 0.015583283721443063, 0.02902129375936623, 0.010731489934577107, 0.006651910588910397, 0.0018957059919273115, 0.053329621045047244, 0.05320724660668678, 0.23548112422235673, 0.018216002961722273, 0.43547180044759265, 0.03618301242632242, 0.1767364263023397, 0.11057247363896258, 0.17718909693216775, 0.27653367321770206, 0.012283813665969605, 0.2284114352752249, 0.02950020938541191, 0.10193055262580429, 0.09368863011650898, 0.03715249532343919, 0.16839691334400858, 0.09094120716092238, 0.03425226490172145, 0.06284270450426736, 0.02735156424040557, 0.02256573632265817, 0.13412735614402752, 0.5820219733837128, 0.17510183539711605, 0.049922811862520386, 0.09682297312073267, 0.3222361500435902, 0.31957028917155705, 0.016766915359720372, 0.008226621073435867, 0.1145205666371852, 0.006509217860562343, 0.10667701373537437, 0.008509032996410123, 0.000441815385545777, 0.006681099384948941, 0.005870505423006612, 0.0025850976347697387, 0.019397729785570115, 0.0019765093888212877, 0.004768078115877854, 0.007730305678689689, 0.0020921925227009234, 0.02086478838350712, 0.00808575609853864, 9.136322588864401e-05, 0.0018538585343962413, 0.0, 0.011483286391759953, 0.0005924609028293218, 0.0014313297205384662, 0.02434352082676535, 0.01300315866048406, 0.00041177717411156425, 0.009020748090437085, 0.02230755615563406, 0.0006514825347460182, 0.0024257391680393113, 0.035376265801906344, 0.01604335599381836, 0.009098360681868516, 0.0073291221767846, 0.01636069324876212, 0.007508523023482505, 0.008602999625234371, 0.009558513277075036, 0.0003254877919106305, 0.0117335702586859, 0.006679202905810484, 0.007441778602535594, 0.008694452201544599, 6.517642658733811e-05, 0.007627159345763049, 0.004333099216858567]}, {'overall_acc': 0.8374792703150912, 'bal_acc': 0.7367558014457174, 'avg_odds_diff': 0.12507379539158675, 'disp_imp': 0.8198639424878763, 'stat_par_diff': 0.03488743356805479, 'eq_opp_diff': 0.21965207020818744, 'theil_ind': 0.1373517645950535, 'TPR': 0.5413576725613235, 'TNR': 0.9321539303301113, 'FPR': 0.06784606966988875, 'FNR': 0.45864232743867656, 'GTPR': 1.0, 'GTNR': 1.0, 'GFPR': 0.0, 'GFNR': 0.0, 'PPV': 0.7183951551854656, 'NPV': 0.8640743871513102, 'FDR': 0.28160484481453446, 'FOR': 0.13592561284868976, 'ACC': 0.8374792703150912, 'MCC': 0.5251724351366198, 'f1_score': 0.6174365647364998, 'fitness': 0.490285001568565, 'solution': {'corr_type': 'spearman', 'l2': 0.01, 'dropout': 0.11057199972144817, 'privileged_demotion': 0.5639273007946106, 'privileged_promotion': 0.30259867523480727, 'protected_demotion': 0.005198185854301672, 'protected_promotion': 0.6006290415370363}, 'corr': [0.0931529311475826, 0.0006331037854109161, 1.0, 0.06791682233491302, 0.04481601124698501, 0.26955744930122183, 0.005131440098826536, 0.0440112472896473, 0.06451372662508054, 0.08458889802497334, 0.10645543476849864, 0.032454532563875524, 0.002621052861836258, 0.0049559113809191325, 0.006331801937945235, 0.003101429167736041, 0.011415758167678959, 0.01193728452567073, 0.02624174122786116, 0.015904158391320557, 0.028006641624529274, 0.013915410034949451, 0.015583283721443063, 0.02902129375936623, 0.010731489934577107, 0.006651910588910397, 0.0018957059919273115, 0.053329621045047244, 0.05320724660668678, 0.23548112422235673, 0.018216002961722273, 0.43547180044759265, 0.03618301242632242, 0.1767364263023397, 0.11057247363896258, 0.17718909693216775, 0.27653367321770206, 0.012283813665969605, 0.2284114352752249, 0.02950020938541191, 0.10193055262580429, 0.09368863011650898, 0.03715249532343919, 0.16839691334400858, 0.09094120716092238, 0.03425226490172145, 0.06284270450426736, 0.02735156424040557, 0.02256573632265817, 0.13412735614402752, 0.5820219733837128, 0.17510183539711605, 0.049922811862520386, 0.09682297312073267, 0.3222361500435902, 0.31957028917155705, 0.016766915359720372, 0.008226621073435867, 0.1145205666371852, 0.006509217860562343, 0.10667701373537437, 0.008509032996410123, 0.000441815385545777, 0.006681099384948941, 0.005870505423006612, 0.0025850976347697387, 0.019397729785570115, 0.0019765093888212877, 0.004768078115877854, 0.007730305678689689, 0.0020921925227009234, 0.02086478838350712, 0.00808575609853864, 9.136322588864401e-05, 0.0018538585343962413, 0.0, 0.011483286391759953, 0.0005924609028293218, 0.0014313297205384662, 0.02434352082676535, 0.01300315866048406, 0.00041177717411156425, 0.009020748090437085, 0.02230755615563406, 0.0006514825347460182, 0.0024257391680393113, 0.035376265801906344, 0.01604335599381836, 0.009098360681868516, 0.0073291221767846, 0.01636069324876212, 0.007508523023482505, 0.008602999625234371, 0.009558513277075036, 0.0003254877919106305, 0.0117335702586859, 0.006679202905810484, 0.007441778602535594, 0.008694452201544599, 6.517642658733811e-05, 0.007627159345763049, 0.004333099216858567]}, {'overall_acc': 0.8439745715865119, 'bal_acc': 0.7786844448624536, 'avg_odds_diff': 0.03960711465807282, 'disp_imp': 0.45785529916385276, 'stat_par_diff': 0.15051634464503866, 'eq_opp_diff': 0.021713204220787596, 'theil_ind': 0.11335369504852004, 'TPR': 0.6520250998288648, 'TNR': 0.9053437898960424, 'FPR': 0.0946562101039577, 'FNR': 0.3479749001711352, 'GTPR': 1.0, 'GTNR': 1.0, 'GFPR': 0.0, 'GFNR': 0.0, 'PPV': 0.6877256317689531, 'NPV': 0.8905633297452458, 'FDR': 0.31227436823104693, 'FOR': 0.10943667025475422, 'ACC': 0.8439745715865119, 'MCC': 0.5677325747386164, 'f1_score': 0.6693997071742314, 'fitness': 0.4172162300935777, 'solution': {'corr_type': 'spearman', 'l2': 0.01, 'dropout': 0.1253322690995, 'privileged_demotion': 0.32143629686017317, 'privileged_promotion': 0.33660898520996085, 'protected_demotion': 0.11597991153178838, 'protected_promotion': 0.5994006506322611}, 'corr': [0.0931529311475826, 0.0006331037854109161, 1.0, 0.06791682233491302, 0.04481601124698501, 0.26955744930122183, 0.005131440098826536, 0.0440112472896473, 0.06451372662508054, 0.08458889802497334, 0.10645543476849864, 0.032454532563875524, 0.002621052861836258, 0.0049559113809191325, 0.006331801937945235, 0.003101429167736041, 0.011415758167678959, 0.01193728452567073, 0.02624174122786116, 0.015904158391320557, 0.028006641624529274, 0.013915410034949451, 0.015583283721443063, 0.02902129375936623, 0.010731489934577107, 0.006651910588910397, 0.0018957059919273115, 0.053329621045047244, 0.05320724660668678, 0.23548112422235673, 0.018216002961722273, 0.43547180044759265, 0.03618301242632242, 0.1767364263023397, 0.11057247363896258, 0.17718909693216775, 0.27653367321770206, 0.012283813665969605, 0.2284114352752249, 0.02950020938541191, 0.10193055262580429, 0.09368863011650898, 0.03715249532343919, 0.16839691334400858, 0.09094120716092238, 0.03425226490172145, 0.06284270450426736, 0.02735156424040557, 0.02256573632265817, 0.13412735614402752, 0.5820219733837128, 0.17510183539711605, 0.049922811862520386, 0.09682297312073267, 0.3222361500435902, 0.31957028917155705, 0.016766915359720372, 0.008226621073435867, 0.1145205666371852, 0.006509217860562343, 0.10667701373537437, 0.008509032996410123, 0.000441815385545777, 0.006681099384948941, 0.005870505423006612, 0.0025850976347697387, 0.019397729785570115, 0.0019765093888212877, 0.004768078115877854, 0.007730305678689689, 0.0020921925227009234, 0.02086478838350712, 0.00808575609853864, 9.136322588864401e-05, 0.0018538585343962413, 0.0, 0.011483286391759953, 0.0005924609028293218, 0.0014313297205384662, 0.02434352082676535, 0.01300315866048406, 0.00041177717411156425, 0.009020748090437085, 0.02230755615563406, 0.0006514825347460182, 0.0024257391680393113, 0.035376265801906344, 0.01604335599381836, 0.009098360681868516, 0.0073291221767846, 0.01636069324876212, 0.007508523023482505, 0.008602999625234371, 0.009558513277075036, 0.0003254877919106305, 0.0117335702586859, 0.006679202905810484, 0.007441778602535594, 0.008694452201544599, 6.517642658733811e-05, 0.007627159345763049, 0.004333099216858567]}, {'overall_acc': 0.8329187396351575, 'bal_acc': 0.733746499968424, 'avg_odds_diff': 0.16969199924323852, 'disp_imp': 0.9955442243945497, 'stat_par_diff': 0.0008349496368761089, 'eq_opp_diff': 0.27873531928132544, 'theil_ind': 0.13883876456066566, 'TPR': 0.5413576725613235, 'TNR': 0.9261353273755244, 'FPR': 0.07386467262447566, 'FNR': 0.45864232743867656, 'GTPR': 1.0, 'GTNR': 1.0, 'GFPR': 0.0, 'GFNR': 0.0, 'PPV': 0.7008862629246676, 'NPV': 0.8633117987079225, 'FDR': 0.29911373707533234, 'FOR': 0.13668820129207754, 'ACC': 0.8329187396351575, 'MCC': 0.513574380582963, 'f1_score': 0.6108786610878661, 'fitness': 0.5127394309460869, 'solution': {'corr_type': 'spearman', 'l2': 0.01, 'dropout': 0.1180062133723916, 'privileged_demotion': 0.5644775540585295, 'privileged_promotion': 0.29753609644909246, 'protected_demotion': 0.019056627344982865, 'protected_promotion': 0.702962824229031}, 'corr': [0.0931529311475826, 0.0006331037854109161, 1.0, 0.06791682233491302, 0.04481601124698501, 0.26955744930122183, 0.005131440098826536, 0.0440112472896473, 0.06451372662508054, 0.08458889802497334, 0.10645543476849864, 0.032454532563875524, 0.002621052861836258, 0.0049559113809191325, 0.006331801937945235, 0.003101429167736041, 0.011415758167678959, 0.01193728452567073, 0.02624174122786116, 0.015904158391320557, 0.028006641624529274, 0.013915410034949451, 0.015583283721443063, 0.02902129375936623, 0.010731489934577107, 0.006651910588910397, 0.0018957059919273115, 0.053329621045047244, 0.05320724660668678, 0.23548112422235673, 0.018216002961722273, 0.43547180044759265, 0.03618301242632242, 0.1767364263023397, 0.11057247363896258, 0.17718909693216775, 0.27653367321770206, 0.012283813665969605, 0.2284114352752249, 0.02950020938541191, 0.10193055262580429, 0.09368863011650898, 0.03715249532343919, 0.16839691334400858, 0.09094120716092238, 0.03425226490172145, 0.06284270450426736, 0.02735156424040557, 0.02256573632265817, 0.13412735614402752, 0.5820219733837128, 0.17510183539711605, 0.049922811862520386, 0.09682297312073267, 0.3222361500435902, 0.31957028917155705, 0.016766915359720372, 0.008226621073435867, 0.1145205666371852, 0.006509217860562343, 0.10667701373537437, 0.008509032996410123, 0.000441815385545777, 0.006681099384948941, 0.005870505423006612, 0.0025850976347697387, 0.019397729785570115, 0.0019765093888212877, 0.004768078115877854, 0.007730305678689689, 0.0020921925227009234, 0.02086478838350712, 0.00808575609853864, 9.136322588864401e-05, 0.0018538585343962413, 0.0, 0.011483286391759953, 0.0005924609028293218, 0.0014313297205384662, 0.02434352082676535, 0.01300315866048406, 0.00041177717411156425, 0.009020748090437085, 0.02230755615563406, 0.0006514825347460182, 0.0024257391680393113, 0.035376265801906344, 0.01604335599381836, 0.009098360681868516, 0.0073291221767846, 0.01636069324876212, 0.007508523023482505, 0.008602999625234371, 0.009558513277075036, 0.0003254877919106305, 0.0117335702586859, 0.006679202905810484, 0.007441778602535594, 0.008694452201544599, 6.517642658733811e-05, 0.007627159345763049, 0.004333099216858567]}]",mcc_parity,ftl_mlp_initializer,adult_dataset_reader,"{'loss': [0.6362946317139435, 0.5947215652677446, 0.5851725004420035, 0.5805514916608732, 0.5777858888023941, 0.5761764293594381, 0.5743944213641444, 0.5736986346321553, 0.5725247041537422, 0.5717657049540904, 0.5710606015194634, 0.5704283203300715, 0.569687424469186, 0.5690874021715796, 0.5687326235986319, 0.5684049131792723, 0.567949097073925, 0.5674825509425855, 0.5673287107136872, 0.5666381794696262], 'val_loss': [0.6149001319873656, 0.601737809352548, 0.5963810950171691, 0.5922664584805123, 0.5916197155970377, 0.5894073460430252, 0.5915377370687793, 0.5898181509088587, 0.5898857643552878, 0.5887071245477106, 0.5895668745304485, 0.5889263892780028, 0.5879498490514908, 0.5880295992095277, 0.5867472005325368, 0.5884809994183567, 0.5876670808934453, 0.5876471788399519, 0.5880362206298781, 0.5892945860485269]}"
1,0.8422332780541736,0.7795040470934511,0.04735270390842625,0.4598623339796351,0.15343219554652804,0.03943256638711645,0.11518227569735921,0.6546666666666666,0.9043414275202355,0.09565857247976453,0.3453333333333333,1.0,1.0,0.0,0.0,0.6938294865756006,0.8877492054319561,0.30617051342439944,0.11225079456804392,0.8422332780541736,0.5701817221192341,0.6736793962954494,0.5228290182108078,"{'corr_type': 'spearman', 'l2': 0.001, 'dropout': 0.054052362536057226, 'privileged_demotion': 0.005331678948159668, 'privileged_promotion': 0.09365403619015225, 'protected_demotion': 0.08836109731738846, 'protected_promotion': 0.5323100156518918}","[0.08917825673776957, 2.0374472995466826e-06, 0.9999999999999998, 0.06844131492780219, 0.042005761031721364, 0.2655372907496579, 0.0009543863851235485, 0.04370404853742652, 0.06483239819516336, 0.0849291815137117, 0.106159767814677, 0.028124541100205763, 0.0012562607123305007, 0.00030895000288344717, 0.008805524011442268, 0.00924106636790557, 0.009511687952416267, 0.018182925400018583, 0.020207447650665924, 0.013195551799427956, 0.026137316708609186, 0.01601092981124424, 0.02225863789256489, 0.029840461287354483, 0.015046359219801944, 0.0036708861325948656, 0.0003661750807714116, 0.04634738309441947, 0.05766395409906815, 0.23662841314896263, 0.017717841794647037, 0.43972897585391485, 0.03990438059050858, 0.17900578188222335, 0.1088602116669987, 0.18010846272619524, 0.2822067161404633, 0.010965474340834525, 0.22973221323556148, 0.032601129466974375, 0.10034288827064765, 0.09266040464587723, 0.03290134563602089, 0.1631125281789081, 0.09585238619582984, 0.03501294232798133, 0.06239519144157142, 0.02145768452656442, 0.02675013304127733, 0.13490651197343304, 0.5823204391709109, 0.17254586622227697, 0.04543058944705369, 0.10613258653950376, 0.32482653837465175, 0.31459763135262164, 0.01297860549240222, 0.0025569402672493014, 0.11792264528607409, 0.004103326812607811, 0.10477575417914617, 0.00821183239302167, 3.959112747606274e-05, 0.00728812334362425, 0.004834693767461447, 0.0071329548663163, 0.010920997870743543, 0.0026608005916727287, 0.000576284499089482, 0.001972457791369617, 0.0027054961240325624, 0.012761013892130595, 0.007480600984346333, 0.003879021809061069, 0.008635262674880245, 0.007563473893822719, 0.01342933828288092, 0.00038804678003770345, 0.004791329543202292, 0.027079748077154558, 0.012897018595237201, 0.004231738159114378, 0.009279176721704824, 0.023144837470092914, 0.001135468656314663, 0.0005963546123632295, 0.03455939730960902, 0.012816418910637303, 0.0007320177840259657, 0.006120007196217755, 0.013608160725463022, 0.004000503813681846, 0.007254785729970184, 0.005525854345234045, 0.0005963546123632295, 0.00756912631786401, 0.005885169634147104, 0.0067769939219341395, 0.01156185133745379, 0.008189113156907808, 0.003407435897961789, 0.005833547202524863]","[{'overall_acc': 0.4187396351575456, 'bal_acc': 0.3926753387439532, 'avg_odds_diff': 0.5404718008231975, 'disp_imp': 0.21442495126705652, 'stat_par_diff': 0.5302631578947369, 'eq_opp_diff': 0.31778087740372685, 'theil_ind': 0.23517672093998296, 'TPR': 0.34094707520891365, 'TNR': 0.44440360227899284, 'FPR': 0.5555963977210072, 'FNR': 0.6590529247910863, 'GTPR': 1.0, 'GTNR': 1.0, 'GFPR': 0.0, 'GFNR': 0.0, 'PPV': 0.16836313617606602, 'NPV': 0.6714801444043321, 'FDR': 0.831636863823934, 'FOR': 0.3285198555956679, 'ACC': 0.4187396351575456, 'MCC': -0.18541178851188775, 'f1_score': 0.22541436464088396, 'fitness': -0.7258835893350852, 'solution': {'corr_type': 'spearman', 'l2': 0.0001, 'dropout': 0.18914046637732745, 'privileged_demotion': 0.8547659875283127, 'privileged_promotion': 0.9663198335684361, 'protected_demotion': 0.25087215950602426, 'protected_promotion': 0.6005523980311066}, 'corr': [0.08328567850059193, 0.001111046308196473, 1.0, 0.06519145220885113, 0.041081437424995974, 0.2620093610231739, 6.828531639252222e-05, 0.04488312683771957, 0.06152027583008096, 0.08489035501555554, 0.10412458229121761, 0.029068623716592842, 0.00246714369785769, 0.001203713338372324, 0.0056042125733153985, 0.006803700202040599, 0.009594516472667503, 0.017603489220481796, 0.018228995980900137, 0.01456416451058709, 0.025784272013045197, 0.012605194910038054, 0.02179906334861934, 0.03366558627631018, 0.016469294159551128, 0.00036205556729654916, 0.0016423387434043775, 0.04522361743234896, 0.059316843027272304, 0.23674643550173563, 0.018188293806793987, 0.43791487448505473, 0.04198283706059048, 0.17733114330569874, 0.10636105531769287, 0.17982708601444863, 0.28331344969482086, 0.009138645613559088, 0.2312641651796888, 0.029791710129796874, 0.09934492566960045, 0.09501820651618434, 0.031071837611008422, 0.16623846564218073, 0.09267341774053656, 0.0365861024341522, 0.0605783007602666, 0.017740131317865754, 0.022758889594143194, 0.13541062601606527, 0.5806801786652194, 0.17382098612018787, 0.04191597148740821, 0.10359130989695393, 0.32426774297726974, 0.3143461226011079, 0.012895971923139352, 0.0032352766633995493, 0.11534999903171005, 0.005577532270042713, 0.10306147050864006, 0.00935307845319163, 0.0034177330416999335, 0.008717659856474328, 0.00797399259752172, 0.006265064244531559, 0.008833304198524284, 0.00022739575227900762, 0.0013634465236934874, 0.0036756520863580593, 0.003356156300800902, 0.01534642700293074, 0.009819954069467044, 0.003110840970460055, 0.012240936347802996, 0.0, 0.013320817112057423, 0.0028748225774061866, 0.0034094616893367556, 0.027099388504334885, 0.010929591579259157, 0.00043109662821984817, 0.004778024516666755, 0.021948811463581706, 0.0009521672018926945, 0.0008206156450911711, 0.03442780163875788, 0.010145027248109579, 0.002690529181977779, 0.008273763389502191, 0.017200282887235924, 0.0021886480940613864, 0.006584444724423373, 0.009774207135072412, 0.0026586456183989526, 0.006056336433392003, 0.002663927993936774, 0.008085346407394603, 0.010530299704602885, 0.0019288521165461046, 0.007362058899355336, 0.005515020930131503]}, {'overall_acc': 0.15657822001105584, 'bal_acc': 0.24690923499950596, 'avg_odds_diff': 0.07898374795686208, 'disp_imp': 1.1387516377368831, 'stat_par_diff': 0.10710602855631945, 'eq_opp_diff': 0.1295803591815664, 'theil_ind': 0.17964502158137813, 'TPR': 0.42618384401114207, 'TNR': 0.06763462598786987, 'FPR': 0.9323653740121302, 'FNR': 0.5738161559888579, 'GTPR': 1.0, 'GTNR': 1.0, 'GFPR': 0.0, 'GFNR': 0.0, 'PPV': 0.13103802672147996, 'NPV': 0.2632331902718169, 'FDR': 0.8689619732785201, 'FOR': 0.7367668097281831, 'ACC': 0.15657822001105584, 'MCC': -0.5537226039705888, 'f1_score': 0.200445434298441, 'fitness': -0.632706351927451, 'solution': {'corr_type': 'spearman', 'l2': 0.001, 'dropout': 0.04151252349299013, 'privileged_demotion': 0.9010900142089113, 'privileged_promotion': 0.7868328018467066, 'protected_demotion': 0.7310482225971231, 'protected_promotion': 0.9953581664053398}, 'corr': [0.08328567850059193, 0.001111046308196473, 1.0, 0.06519145220885113, 0.041081437424995974, 0.2620093610231739, 6.828531639252222e-05, 0.04488312683771957, 0.06152027583008096, 0.08489035501555554, 0.10412458229121761, 0.029068623716592842, 0.00246714369785769, 0.001203713338372324, 0.0056042125733153985, 0.006803700202040599, 0.009594516472667503, 0.017603489220481796, 0.018228995980900137, 0.01456416451058709, 0.025784272013045197, 0.012605194910038054, 0.02179906334861934, 0.03366558627631018, 0.016469294159551128, 0.00036205556729654916, 0.0016423387434043775, 0.04522361743234896, 0.059316843027272304, 0.23674643550173563, 0.018188293806793987, 0.43791487448505473, 0.04198283706059048, 0.17733114330569874, 0.10636105531769287, 0.17982708601444863, 0.28331344969482086, 0.009138645613559088, 0.2312641651796888, 0.029791710129796874, 0.09934492566960045, 0.09501820651618434, 0.031071837611008422, 0.16623846564218073, 0.09267341774053656, 0.0365861024341522, 0.0605783007602666, 0.017740131317865754, 0.022758889594143194, 0.13541062601606527, 0.5806801786652194, 0.17382098612018787, 0.04191597148740821, 0.10359130989695393, 0.32426774297726974, 0.3143461226011079, 0.012895971923139352, 0.0032352766633995493, 0.11534999903171005, 0.005577532270042713, 0.10306147050864006, 0.00935307845319163, 0.0034177330416999335, 0.008717659856474328, 0.00797399259752172, 0.006265064244531559, 0.008833304198524284, 0.00022739575227900762, 0.0013634465236934874, 0.0036756520863580593, 0.003356156300800902, 0.01534642700293074, 0.009819954069467044, 0.003110840970460055, 0.012240936347802996, 0.0, 0.013320817112057423, 0.0028748225774061866, 0.0034094616893367556, 0.027099388504334885, 0.010929591579259157, 0.00043109662821984817, 0.004778024516666755, 0.021948811463581706, 0.0009521672018926945, 0.0008206156450911711, 0.03442780163875788, 0.010145027248109579, 0.002690529181977779, 0.008273763389502191, 0.017200282887235924, 0.0021886480940613864, 0.006584444724423373, 0.009774207135072412, 0.0026586456183989526, 0.006056336433392003, 0.002663927993936774, 0.008085346407394603, 0.010530299704602885, 0.0019288521165461046, 0.007362058899355336, 0.005515020930131503]}, {'overall_acc': 0.17274737423991154, 'bal_acc': 0.3261639291892415, 'avg_odds_diff': 0.07982519326909879, 'disp_imp': 1.0511328267180737, 'stat_par_diff': 0.044866959837457254, 'eq_opp_diff': 0.15529539655908425, 'theil_ind': 0.12317947910831317, 'TPR': 0.6306406685236768, 'TNR': 0.021687189854806103, 'FPR': 0.9783128101451939, 'FNR': 0.3693593314763231, 'GTPR': 1.0, 'GTNR': 1.0, 'GFPR': 0.0, 'GFNR': 0.0, 'PPV': 0.17536793183578622, 'NPV': 0.15108834827144688, 'FDR': 0.8246320681642137, 'FOR': 0.8489116517285531, 'ACC': 0.17274737423991154, 'MCC': -0.4839136158146838, 'f1_score': 0.27442424242424246, 'fitness': -0.5637388090837826, 'solution': {'corr_type': 'spearman', 'l2': 0.001, 'dropout': 0.11704806565697237, 'privileged_demotion': 0.760518152989315, 'privileged_promotion': 0.28384711001748797, 'protected_demotion': 0.7795425879101011, 'protected_promotion': 0.6058656638141413}, 'corr': [0.08328567850059193, 0.001111046308196473, 1.0, 0.06519145220885113, 0.041081437424995974, 0.2620093610231739, 6.828531639252222e-05, 0.04488312683771957, 0.06152027583008096, 0.08489035501555554, 0.10412458229121761, 0.029068623716592842, 0.00246714369785769, 0.001203713338372324, 0.0056042125733153985, 0.006803700202040599, 0.009594516472667503, 0.017603489220481796, 0.018228995980900137, 0.01456416451058709, 0.025784272013045197, 0.012605194910038054, 0.02179906334861934, 0.03366558627631018, 0.016469294159551128, 0.00036205556729654916, 0.0016423387434043775, 0.04522361743234896, 0.059316843027272304, 0.23674643550173563, 0.018188293806793987, 0.43791487448505473, 0.04198283706059048, 0.17733114330569874, 0.10636105531769287, 0.17982708601444863, 0.28331344969482086, 0.009138645613559088, 0.2312641651796888, 0.029791710129796874, 0.09934492566960045, 0.09501820651618434, 0.031071837611008422, 0.16623846564218073, 0.09267341774053656, 0.0365861024341522, 0.0605783007602666, 0.017740131317865754, 0.022758889594143194, 0.13541062601606527, 0.5806801786652194, 0.17382098612018787, 0.04191597148740821, 0.10359130989695393, 0.32426774297726974, 0.3143461226011079, 0.012895971923139352, 0.0032352766633995493, 0.11534999903171005, 0.005577532270042713, 0.10306147050864006, 0.00935307845319163, 0.0034177330416999335, 0.008717659856474328, 0.00797399259752172, 0.006265064244531559, 0.008833304198524284, 0.00022739575227900762, 0.0013634465236934874, 0.0036756520863580593, 0.003356156300800902, 0.01534642700293074, 0.009819954069467044, 0.003110840970460055, 0.012240936347802996, 0.0, 0.013320817112057423, 0.0028748225774061866, 0.0034094616893367556, 0.027099388504334885, 0.010929591579259157, 0.00043109662821984817, 0.004778024516666755, 0.021948811463581706, 0.0009521672018926945, 0.0008206156450911711, 0.03442780163875788, 0.010145027248109579, 0.002690529181977779, 0.008273763389502191, 0.017200282887235924, 0.0021886480940613864, 0.006584444724423373, 0.009774207135072412, 0.0026586456183989526, 0.006056336433392003, 0.002663927993936774, 0.008085346407394603, 0.010530299704602885, 0.0019288521165461046, 0.007362058899355336, 0.005515020930131503]}, {'overall_acc': 0.16887783305693754, 'bal_acc': 0.2157033234202913, 'avg_odds_diff': 0.33684543888066765, 'disp_imp': 1.5427948907167488, 'stat_par_diff': 0.33958049208160535, 'eq_opp_diff': 0.48038052596571, 'theil_ind': 0.21697558452900856, 'TPR': 0.3086350974930362, 'TNR': 0.1227715493475464, 'FPR': 0.8772284506524536, 'FNR': 0.6913649025069638, 'GTPR': 1.0, 'GTNR': 1.0, 'GFPR': 0.0, 'GFNR': 0.0, 'PPV': 0.10399849821663225, 'NPV': 0.3499214248297538, 'FDR': 0.8960015017833678, 'FOR': 0.6500785751702463, 'ACC': 0.16887783305693754, 'MCC': -0.5572230272059905, 'f1_score': 0.15557427688851444, 'fitness': -0.8940684660866581, 'solution': {'corr_type': 'spearman', 'l2': 0.01, 'dropout': 0.03215873697995586, 'privileged_demotion': 0.41490811948383766, 'privileged_promotion': 0.7167557117267105, 'protected_demotion': 0.9665011128618863, 'protected_promotion': 0.41634386627181874}, 'corr': [0.08328567850059193, 0.001111046308196473, 1.0, 0.06519145220885113, 0.041081437424995974, 0.2620093610231739, 6.828531639252222e-05, 0.04488312683771957, 0.06152027583008096, 0.08489035501555554, 0.10412458229121761, 0.029068623716592842, 0.00246714369785769, 0.001203713338372324, 0.0056042125733153985, 0.006803700202040599, 0.009594516472667503, 0.017603489220481796, 0.018228995980900137, 0.01456416451058709, 0.025784272013045197, 0.012605194910038054, 0.02179906334861934, 0.03366558627631018, 0.016469294159551128, 0.00036205556729654916, 0.0016423387434043775, 0.04522361743234896, 0.059316843027272304, 0.23674643550173563, 0.018188293806793987, 0.43791487448505473, 0.04198283706059048, 0.17733114330569874, 0.10636105531769287, 0.17982708601444863, 0.28331344969482086, 0.009138645613559088, 0.2312641651796888, 0.029791710129796874, 0.09934492566960045, 0.09501820651618434, 0.031071837611008422, 0.16623846564218073, 0.09267341774053656, 0.0365861024341522, 0.0605783007602666, 0.017740131317865754, 0.022758889594143194, 0.13541062601606527, 0.5806801786652194, 0.17382098612018787, 0.04191597148740821, 0.10359130989695393, 0.32426774297726974, 0.3143461226011079, 0.012895971923139352, 0.0032352766633995493, 0.11534999903171005, 0.005577532270042713, 0.10306147050864006, 0.00935307845319163, 0.0034177330416999335, 0.008717659856474328, 0.00797399259752172, 0.006265064244531559, 0.008833304198524284, 0.00022739575227900762, 0.0013634465236934874, 0.0036756520863580593, 0.003356156300800902, 0.01534642700293074, 0.009819954069467044, 0.003110840970460055, 0.012240936347802996, 0.0, 0.013320817112057423, 0.0028748225774061866, 0.0034094616893367556, 0.027099388504334885, 0.010929591579259157, 0.00043109662821984817, 0.004778024516666755, 0.021948811463581706, 0.0009521672018926945, 0.0008206156450911711, 0.03442780163875788, 0.010145027248109579, 0.002690529181977779, 0.008273763389502191, 0.017200282887235924, 0.0021886480940613864, 0.006584444724423373, 0.009774207135072412, 0.0026586456183989526, 0.006056336433392003, 0.002663927993936774, 0.008085346407394603, 0.010530299704602885, 0.0019288521165461046, 0.007362058899355336, 0.005515020930131503]}, {'overall_acc': 0.7841348811498066, 'bal_acc': 0.8161423710105723, 'avg_odds_diff': 0.2502182052179245, 'disp_imp': 0.24554694575827712, 'stat_par_diff': 0.4042817083692839, 'eq_opp_diff': 0.19313454913679273, 'theil_ind': 0.07793264312257742, 'TPR': 0.8796657381615599, 'TNR': 0.7526190038595847, 'FPR': 0.24738099614041537, 'FNR': 0.1203342618384401, 'GTPR': 1.0, 'GTNR': 1.0, 'GFPR': 0.0, 'GFNR': 0.0, 'PPV': 0.5398290598290598, 'NPV': 0.9498956158663883, 'FDR': 0.4601709401709402, 'FOR': 0.05010438413361169, 'ACC': 0.7841348811498066, 'MCC': 0.556457941118181, 'f1_score': 0.6690677966101696, 'fitness': 0.30623973590025655, 'solution': {'corr_type': 'spearman', 'l2': 0.01, 'dropout': 0.0592522976354791, 'privileged_demotion': 0.048013256953391203, 'privileged_promotion': 0.5926965923724207, 'protected_demotion': 0.0708115788467516, 'protected_promotion': 0.3192932958206559}, 'corr': [0.08328567850059193, 0.001111046308196473, 1.0, 0.06519145220885113, 0.041081437424995974, 0.2620093610231739, 6.828531639252222e-05, 0.04488312683771957, 0.06152027583008096, 0.08489035501555554, 0.10412458229121761, 0.029068623716592842, 0.00246714369785769, 0.001203713338372324, 0.0056042125733153985, 0.006803700202040599, 0.009594516472667503, 0.017603489220481796, 0.018228995980900137, 0.01456416451058709, 0.025784272013045197, 0.012605194910038054, 0.02179906334861934, 0.03366558627631018, 0.016469294159551128, 0.00036205556729654916, 0.0016423387434043775, 0.04522361743234896, 0.059316843027272304, 0.23674643550173563, 0.018188293806793987, 0.43791487448505473, 0.04198283706059048, 0.17733114330569874, 0.10636105531769287, 0.17982708601444863, 0.28331344969482086, 0.009138645613559088, 0.2312641651796888, 0.029791710129796874, 0.09934492566960045, 0.09501820651618434, 0.031071837611008422, 0.16623846564218073, 0.09267341774053656, 0.0365861024341522, 0.0605783007602666, 0.017740131317865754, 0.022758889594143194, 0.13541062601606527, 0.5806801786652194, 0.17382098612018787, 0.04191597148740821, 0.10359130989695393, 0.32426774297726974, 0.3143461226011079, 0.012895971923139352, 0.0032352766633995493, 0.11534999903171005, 0.005577532270042713, 0.10306147050864006, 0.00935307845319163, 0.0034177330416999335, 0.008717659856474328, 0.00797399259752172, 0.006265064244531559, 0.008833304198524284, 0.00022739575227900762, 0.0013634465236934874, 0.0036756520863580593, 0.003356156300800902, 0.01534642700293074, 0.009819954069467044, 0.003110840970460055, 0.012240936347802996, 0.0, 0.013320817112057423, 0.0028748225774061866, 0.0034094616893367556, 0.027099388504334885, 0.010929591579259157, 0.00043109662821984817, 0.004778024516666755, 0.021948811463581706, 0.0009521672018926945, 0.0008206156450911711, 0.03442780163875788, 0.010145027248109579, 0.002690529181977779, 0.008273763389502191, 0.017200282887235924, 0.0021886480940613864, 0.006584444724423373, 0.009774207135072412, 0.0026586456183989526, 0.006056336433392003, 0.002663927993936774, 0.008085346407394603, 0.010530299704602885, 0.0019288521165461046, 0.007362058899355336, 0.005515020930131503]}, {'overall_acc': 0.1710889994472084, 'bal_acc': 0.236959247311883, 'avg_odds_diff': 0.43186014026636205, 'disp_imp': 1.52725520993831, 'stat_par_diff': 0.3434721951626819, 'eq_opp_diff': 0.6918563670839579, 'theil_ind': 0.19933185955274532, 'TPR': 0.36768802228412256, 'TNR': 0.10623047233964344, 'FPR': 0.8937695276603566, 'FNR': 0.6323119777158774, 'GTPR': 1.0, 'GTNR': 1.0, 'GFPR': 0.0, 'GFNR': 0.0, 'PPV': 0.11950027159152635, 'NPV': 0.3374197314652656, 'FDR': 0.8804997284084737, 'FOR': 0.6625802685347344, 'ACC': 0.1710889994472084, 'MCC': -0.5345131825611071, 'f1_score': 0.18037715222738454, 'fitness': -0.9663733228274691, 'solution': {'corr_type': 'spearman', 'l2': 0.0001, 'dropout': 0.15107216862988102, 'privileged_demotion': 0.6178558018375061, 'privileged_promotion': 0.8313108728929955, 'protected_demotion': 0.0636264527368734, 'protected_promotion': 0.8904632202538901}, 'corr': [0.08328567850059193, 0.001111046308196473, 1.0, 0.06519145220885113, 0.041081437424995974, 0.2620093610231739, 6.828531639252222e-05, 0.04488312683771957, 0.06152027583008096, 0.08489035501555554, 0.10412458229121761, 0.029068623716592842, 0.00246714369785769, 0.001203713338372324, 0.0056042125733153985, 0.006803700202040599, 0.009594516472667503, 0.017603489220481796, 0.018228995980900137, 0.01456416451058709, 0.025784272013045197, 0.012605194910038054, 0.02179906334861934, 0.03366558627631018, 0.016469294159551128, 0.00036205556729654916, 0.0016423387434043775, 0.04522361743234896, 0.059316843027272304, 0.23674643550173563, 0.018188293806793987, 0.43791487448505473, 0.04198283706059048, 0.17733114330569874, 0.10636105531769287, 0.17982708601444863, 0.28331344969482086, 0.009138645613559088, 0.2312641651796888, 0.029791710129796874, 0.09934492566960045, 0.09501820651618434, 0.031071837611008422, 0.16623846564218073, 0.09267341774053656, 0.0365861024341522, 0.0605783007602666, 0.017740131317865754, 0.022758889594143194, 0.13541062601606527, 0.5806801786652194, 0.17382098612018787, 0.04191597148740821, 0.10359130989695393, 0.32426774297726974, 0.3143461226011079, 0.012895971923139352, 0.0032352766633995493, 0.11534999903171005, 0.005577532270042713, 0.10306147050864006, 0.00935307845319163, 0.0034177330416999335, 0.008717659856474328, 0.00797399259752172, 0.006265064244531559, 0.008833304198524284, 0.00022739575227900762, 0.0013634465236934874, 0.0036756520863580593, 0.003356156300800902, 0.01534642700293074, 0.009819954069467044, 0.003110840970460055, 0.012240936347802996, 0.0, 0.013320817112057423, 0.0028748225774061866, 0.0034094616893367556, 0.027099388504334885, 0.010929591579259157, 0.00043109662821984817, 0.004778024516666755, 0.021948811463581706, 0.0009521672018926945, 0.0008206156450911711, 0.03442780163875788, 0.010145027248109579, 0.002690529181977779, 0.008273763389502191, 0.017200282887235924, 0.0021886480940613864, 0.006584444724423373, 0.009774207135072412, 0.0026586456183989526, 0.006056336433392003, 0.002663927993936774, 0.008085346407394603, 0.010530299704602885, 0.0019288521165461046, 0.007362058899355336, 0.005515020930131503]}, {'overall_acc': 0.5226644555002764, 'bal_acc': 0.6512367923518892, 'avg_odds_diff': 0.7277776550932955, 'disp_imp': 0.07198098243134808, 'stat_par_diff': 0.9029168638147458, 'eq_opp_diff': 0.505132583466529, 'theil_ind': 0.08165733252252591, 'TPR': 0.9064066852367688, 'TNR': 0.39606689946700974, 'FPR': 0.6039331005329902, 'FNR': 0.0935933147632312, 'GTPR': 1.0, 'GTNR': 1.0, 'GFPR': 0.0, 'GFNR': 0.0, 'PPV': 0.33116222267453693, 'NPV': 0.9276797244941886, 'FDR': 0.668837777325463, 'FOR': 0.07232027550581145, 'ACC': 0.5226644555002764, 'MCC': 0.27980859820925885, 'f1_score': 0.48509242695289206, 'fitness': -0.44796905688403665, 'solution': {'corr_type': 'spearman', 'l2': 0.01, 'dropout': 0.06689688135085207, 'privileged_demotion': 0.8367216274831336, 'privileged_promotion': 0.17907224961403623, 'protected_demotion': 0.24016453568561136, 'protected_promotion': 0.016714715162320593}, 'corr': [0.08328567850059193, 0.001111046308196473, 1.0, 0.06519145220885113, 0.041081437424995974, 0.2620093610231739, 6.828531639252222e-05, 0.04488312683771957, 0.06152027583008096, 0.08489035501555554, 0.10412458229121761, 0.029068623716592842, 0.00246714369785769, 0.001203713338372324, 0.0056042125733153985, 0.006803700202040599, 0.009594516472667503, 0.017603489220481796, 0.018228995980900137, 0.01456416451058709, 0.025784272013045197, 0.012605194910038054, 0.02179906334861934, 0.03366558627631018, 0.016469294159551128, 0.00036205556729654916, 0.0016423387434043775, 0.04522361743234896, 0.059316843027272304, 0.23674643550173563, 0.018188293806793987, 0.43791487448505473, 0.04198283706059048, 0.17733114330569874, 0.10636105531769287, 0.17982708601444863, 0.28331344969482086, 0.009138645613559088, 0.2312641651796888, 0.029791710129796874, 0.09934492566960045, 0.09501820651618434, 0.031071837611008422, 0.16623846564218073, 0.09267341774053656, 0.0365861024341522, 0.0605783007602666, 0.017740131317865754, 0.022758889594143194, 0.13541062601606527, 0.5806801786652194, 0.17382098612018787, 0.04191597148740821, 0.10359130989695393, 0.32426774297726974, 0.3143461226011079, 0.012895971923139352, 0.0032352766633995493, 0.11534999903171005, 0.005577532270042713, 0.10306147050864006, 0.00935307845319163, 0.0034177330416999335, 0.008717659856474328, 0.00797399259752172, 0.006265064244531559, 0.008833304198524284, 0.00022739575227900762, 0.0013634465236934874, 0.0036756520863580593, 0.003356156300800902, 0.01534642700293074, 0.009819954069467044, 0.003110840970460055, 0.012240936347802996, 0.0, 0.013320817112057423, 0.0028748225774061866, 0.0034094616893367556, 0.027099388504334885, 0.010929591579259157, 0.00043109662821984817, 0.004778024516666755, 0.021948811463581706, 0.0009521672018926945, 0.0008206156450911711, 0.03442780163875788, 0.010145027248109579, 0.002690529181977779, 0.008273763389502191, 0.017200282887235924, 0.0021886480940613864, 0.006584444724423373, 0.009774207135072412, 0.0026586456183989526, 0.006056336433392003, 0.002663927993936774, 0.008085346407394603, 0.010530299704602885, 0.0019288521165461046, 0.007362058899355336, 0.005515020930131503]}, {'overall_acc': 0.8291873963515755, 'bal_acc': 0.6747492857029498, 'avg_odds_diff': 0.03850085614050155, 'disp_imp': 0.46139697879935576, 'stat_par_diff': 0.06887055025188565, 'eq_opp_diff': 0.06750042192417277, 'theil_ind': 0.17666639585418964, 'TPR': 0.36824512534818943, 'TNR': 0.98125344605771, 'FPR': 0.01874655394229002, 'FNR': 0.6317548746518106, 'GTPR': 1.0, 'GTNR': 1.0, 'GFPR': 0.0, 'GFNR': 0.0, 'PPV': 0.8663171690694627, 'NPV': 0.82481075235594, 'FDR': 0.13368283093053734, 'FOR': 0.17518924764405994, 'ACC': 0.8291873963515755, 'MCC': 0.4914755550349447, 'f1_score': 0.5168100078186083, 'fitness': 0.4529746988944432, 'solution': {'corr_type': 'spearman', 'l2': 0.001, 'dropout': 0.1302624660667608, 'privileged_demotion': 0.6749065968746409, 'privileged_promotion': 0.18120613357235427, 'protected_demotion': 0.4989937649166526, 'protected_promotion': 0.3544144841586496}, 'corr': [0.08328567850059193, 0.001111046308196473, 1.0, 0.06519145220885113, 0.041081437424995974, 0.2620093610231739, 6.828531639252222e-05, 0.04488312683771957, 0.06152027583008096, 0.08489035501555554, 0.10412458229121761, 0.029068623716592842, 0.00246714369785769, 0.001203713338372324, 0.0056042125733153985, 0.006803700202040599, 0.009594516472667503, 0.017603489220481796, 0.018228995980900137, 0.01456416451058709, 0.025784272013045197, 0.012605194910038054, 0.02179906334861934, 0.03366558627631018, 0.016469294159551128, 0.00036205556729654916, 0.0016423387434043775, 0.04522361743234896, 0.059316843027272304, 0.23674643550173563, 0.018188293806793987, 0.43791487448505473, 0.04198283706059048, 0.17733114330569874, 0.10636105531769287, 0.17982708601444863, 0.28331344969482086, 0.009138645613559088, 0.2312641651796888, 0.029791710129796874, 0.09934492566960045, 0.09501820651618434, 0.031071837611008422, 0.16623846564218073, 0.09267341774053656, 0.0365861024341522, 0.0605783007602666, 0.017740131317865754, 0.022758889594143194, 0.13541062601606527, 0.5806801786652194, 0.17382098612018787, 0.04191597148740821, 0.10359130989695393, 0.32426774297726974, 0.3143461226011079, 0.012895971923139352, 0.0032352766633995493, 0.11534999903171005, 0.005577532270042713, 0.10306147050864006, 0.00935307845319163, 0.0034177330416999335, 0.008717659856474328, 0.00797399259752172, 0.006265064244531559, 0.008833304198524284, 0.00022739575227900762, 0.0013634465236934874, 0.0036756520863580593, 0.003356156300800902, 0.01534642700293074, 0.009819954069467044, 0.003110840970460055, 0.012240936347802996, 0.0, 0.013320817112057423, 0.0028748225774061866, 0.0034094616893367556, 0.027099388504334885, 0.010929591579259157, 0.00043109662821984817, 0.004778024516666755, 0.021948811463581706, 0.0009521672018926945, 0.0008206156450911711, 0.03442780163875788, 0.010145027248109579, 0.002690529181977779, 0.008273763389502191, 0.017200282887235924, 0.0021886480940613864, 0.006584444724423373, 0.009774207135072412, 0.0026586456183989526, 0.006056336433392003, 0.002663927993936774, 0.008085346407394603, 0.010530299704602885, 0.0019288521165461046, 0.007362058899355336, 0.005515020930131503]}, {'overall_acc': 0.5257048092868989, 'bal_acc': 0.6248866672571147, 'avg_odds_diff': 0.5063343607907071, 'disp_imp': 1.7752864595863433, 'stat_par_diff': 0.39240933507751397, 'eq_opp_diff': 0.3970058275173981, 'theil_ind': 0.1038976038111042, 'TPR': 0.8217270194986073, 'TNR': 0.4280463150156221, 'FPR': 0.5719536849843778, 'FNR': 0.17827298050139276, 'GTPR': 1.0, 'GTNR': 1.0, 'GFPR': 0.0, 'GFNR': 0.0, 'PPV': 0.32156093307172445, 'NPV': 0.879199697999245, 'FDR': 0.6784390669282756, 'FOR': 0.120800302000755, 'ACC': 0.5257048092868989, 'MCC': 0.22393001643767418, 'f1_score': 0.4622375430899405, 'fitness': -0.28240434435303297, 'solution': {'corr_type': 'spearman', 'l2': 0.01, 'dropout': 0.04116862698419002, 'privileged_demotion': 0.07862014943412687, 'privileged_promotion': 0.6360151825884631, 'protected_demotion': 0.45877535732050256, 'protected_promotion': 0.7339082760750683}, 'corr': [0.08328567850059193, 0.001111046308196473, 1.0, 0.06519145220885113, 0.041081437424995974, 0.2620093610231739, 6.828531639252222e-05, 0.04488312683771957, 0.06152027583008096, 0.08489035501555554, 0.10412458229121761, 0.029068623716592842, 0.00246714369785769, 0.001203713338372324, 0.0056042125733153985, 0.006803700202040599, 0.009594516472667503, 0.017603489220481796, 0.018228995980900137, 0.01456416451058709, 0.025784272013045197, 0.012605194910038054, 0.02179906334861934, 0.03366558627631018, 0.016469294159551128, 0.00036205556729654916, 0.0016423387434043775, 0.04522361743234896, 0.059316843027272304, 0.23674643550173563, 0.018188293806793987, 0.43791487448505473, 0.04198283706059048, 0.17733114330569874, 0.10636105531769287, 0.17982708601444863, 0.28331344969482086, 0.009138645613559088, 0.2312641651796888, 0.029791710129796874, 0.09934492566960045, 0.09501820651618434, 0.031071837611008422, 0.16623846564218073, 0.09267341774053656, 0.0365861024341522, 0.0605783007602666, 0.017740131317865754, 0.022758889594143194, 0.13541062601606527, 0.5806801786652194, 0.17382098612018787, 0.04191597148740821, 0.10359130989695393, 0.32426774297726974, 0.3143461226011079, 0.012895971923139352, 0.0032352766633995493, 0.11534999903171005, 0.005577532270042713, 0.10306147050864006, 0.00935307845319163, 0.0034177330416999335, 0.008717659856474328, 0.00797399259752172, 0.006265064244531559, 0.008833304198524284, 0.00022739575227900762, 0.0013634465236934874, 0.0036756520863580593, 0.003356156300800902, 0.01534642700293074, 0.009819954069467044, 0.003110840970460055, 0.012240936347802996, 0.0, 0.013320817112057423, 0.0028748225774061866, 0.0034094616893367556, 0.027099388504334885, 0.010929591579259157, 0.00043109662821984817, 0.004778024516666755, 0.021948811463581706, 0.0009521672018926945, 0.0008206156450911711, 0.03442780163875788, 0.010145027248109579, 0.002690529181977779, 0.008273763389502191, 0.017200282887235924, 0.0021886480940613864, 0.006584444724423373, 0.009774207135072412, 0.0026586456183989526, 0.006056336433392003, 0.002663927993936774, 0.008085346407394603, 0.010530299704602885, 0.0019288521165461046, 0.007362058899355336, 0.005515020930131503]}, {'overall_acc': 0.49847982310668876, 'bal_acc': 0.6088366006781278, 'avg_odds_diff': 0.5637593633559408, 'disp_imp': 1.3436851132978245, 'stat_par_diff': 0.20529551337359797, 'eq_opp_diff': 0.6982174944653476, 'theil_ind': 0.10123917265916227, 'TPR': 0.8278551532033426, 'TNR': 0.38981804815291304, 'FPR': 0.6101819518470869, 'FNR': 0.17214484679665737, 'GTPR': 1.0, 'GTNR': 1.0, 'GFPR': 0.0, 'GFNR': 0.0, 'PPV': 0.3091968372867249, 'NPV': 0.8728395061728395, 'FDR': 0.690803162713275, 'FOR': 0.1271604938271605, 'ACC': 0.49847982310668876, 'MCC': 0.19905886979491838, 'f1_score': 0.45023481290713524, 'fitness': -0.3647004935610224, 'solution': {'corr_type': 'spearman', 'l2': 0.001, 'dropout': 0.03737322747849192, 'privileged_demotion': 0.08898007036518596, 'privileged_promotion': 0.8006853899007829, 'protected_demotion': 0.30268748727467343, 'protected_promotion': 0.9677563887971737}, 'corr': [0.08328567850059193, 0.001111046308196473, 1.0, 0.06519145220885113, 0.041081437424995974, 0.2620093610231739, 6.828531639252222e-05, 0.04488312683771957, 0.06152027583008096, 0.08489035501555554, 0.10412458229121761, 0.029068623716592842, 0.00246714369785769, 0.001203713338372324, 0.0056042125733153985, 0.006803700202040599, 0.009594516472667503, 0.017603489220481796, 0.018228995980900137, 0.01456416451058709, 0.025784272013045197, 0.012605194910038054, 0.02179906334861934, 0.03366558627631018, 0.016469294159551128, 0.00036205556729654916, 0.0016423387434043775, 0.04522361743234896, 0.059316843027272304, 0.23674643550173563, 0.018188293806793987, 0.43791487448505473, 0.04198283706059048, 0.17733114330569874, 0.10636105531769287, 0.17982708601444863, 0.28331344969482086, 0.009138645613559088, 0.2312641651796888, 0.029791710129796874, 0.09934492566960045, 0.09501820651618434, 0.031071837611008422, 0.16623846564218073, 0.09267341774053656, 0.0365861024341522, 0.0605783007602666, 0.017740131317865754, 0.022758889594143194, 0.13541062601606527, 0.5806801786652194, 0.17382098612018787, 0.04191597148740821, 0.10359130989695393, 0.32426774297726974, 0.3143461226011079, 0.012895971923139352, 0.0032352766633995493, 0.11534999903171005, 0.005577532270042713, 0.10306147050864006, 0.00935307845319163, 0.0034177330416999335, 0.008717659856474328, 0.00797399259752172, 0.006265064244531559, 0.008833304198524284, 0.00022739575227900762, 0.0013634465236934874, 0.0036756520863580593, 0.003356156300800902, 0.01534642700293074, 0.009819954069467044, 0.003110840970460055, 0.012240936347802996, 0.0, 0.013320817112057423, 0.0028748225774061866, 0.0034094616893367556, 0.027099388504334885, 0.010929591579259157, 0.00043109662821984817, 0.004778024516666755, 0.021948811463581706, 0.0009521672018926945, 0.0008206156450911711, 0.03442780163875788, 0.010145027248109579, 0.002690529181977779, 0.008273763389502191, 0.017200282887235924, 0.0021886480940613864, 0.006584444724423373, 0.009774207135072412, 0.0026586456183989526, 0.006056336433392003, 0.002663927993936774, 0.008085346407394603, 0.010530299704602885, 0.0019288521165461046, 0.007362058899355336, 0.005515020930131503]}, {'overall_acc': 0.5201768933112216, 'bal_acc': 0.6521958778878412, 'avg_odds_diff': 0.36353560561007275, 'disp_imp': 1.867194579561907, 'stat_par_diff': 0.46345152940521583, 'eq_opp_diff': 0.09606717032830658, 'theil_ind': 0.07954398159685615, 'TPR': 0.9142061281337047, 'TNR': 0.39018562764197756, 'FPR': 0.6098143723580224, 'FNR': 0.08579387186629527, 'GTPR': 1.0, 'GTNR': 1.0, 'GFPR': 0.0, 'GFNR': 0.0, 'PPV': 0.3309134906231095, 'NPV': 0.9323671497584541, 'FDR': 0.6690865093768905, 'FOR': 0.06763285024154589, 'ACC': 0.5201768933112216, 'MCC': 0.2830908977475082, 'f1_score': 0.48593426117856087, 'fitness': -0.08044470786256458, 'solution': {'corr_type': 'spearman', 'l2': 0.0001, 'dropout': 0.11764288130312002, 'privileged_demotion': 0.11746489993642506, 'privileged_promotion': 0.7238828361773333, 'protected_demotion': 0.7070222688841571, 'protected_promotion': 0.5460550143691869}, 'corr': [0.08328567850059193, 0.001111046308196473, 1.0, 0.06519145220885113, 0.041081437424995974, 0.2620093610231739, 6.828531639252222e-05, 0.04488312683771957, 0.06152027583008096, 0.08489035501555554, 0.10412458229121761, 0.029068623716592842, 0.00246714369785769, 0.001203713338372324, 0.0056042125733153985, 0.006803700202040599, 0.009594516472667503, 0.017603489220481796, 0.018228995980900137, 0.01456416451058709, 0.025784272013045197, 0.012605194910038054, 0.02179906334861934, 0.03366558627631018, 0.016469294159551128, 0.00036205556729654916, 0.0016423387434043775, 0.04522361743234896, 0.059316843027272304, 0.23674643550173563, 0.018188293806793987, 0.43791487448505473, 0.04198283706059048, 0.17733114330569874, 0.10636105531769287, 0.17982708601444863, 0.28331344969482086, 0.009138645613559088, 0.2312641651796888, 0.029791710129796874, 0.09934492566960045, 0.09501820651618434, 0.031071837611008422, 0.16623846564218073, 0.09267341774053656, 0.0365861024341522, 0.0605783007602666, 0.017740131317865754, 0.022758889594143194, 0.13541062601606527, 0.5806801786652194, 0.17382098612018787, 0.04191597148740821, 0.10359130989695393, 0.32426774297726974, 0.3143461226011079, 0.012895971923139352, 0.0032352766633995493, 0.11534999903171005, 0.005577532270042713, 0.10306147050864006, 0.00935307845319163, 0.0034177330416999335, 0.008717659856474328, 0.00797399259752172, 0.006265064244531559, 0.008833304198524284, 0.00022739575227900762, 0.0013634465236934874, 0.0036756520863580593, 0.003356156300800902, 0.01534642700293074, 0.009819954069467044, 0.003110840970460055, 0.012240936347802996, 0.0, 0.013320817112057423, 0.0028748225774061866, 0.0034094616893367556, 0.027099388504334885, 0.010929591579259157, 0.00043109662821984817, 0.004778024516666755, 0.021948811463581706, 0.0009521672018926945, 0.0008206156450911711, 0.03442780163875788, 0.010145027248109579, 0.002690529181977779, 0.008273763389502191, 0.017200282887235924, 0.0021886480940613864, 0.006584444724423373, 0.009774207135072412, 0.0026586456183989526, 0.006056336433392003, 0.002663927993936774, 0.008085346407394603, 0.010530299704602885, 0.0019288521165461046, 0.007362058899355336, 0.005515020930131503]}, {'overall_acc': 0.15574903261470427, 'bal_acc': 0.22862548308801584, 'avg_odds_diff': 0.23802730264731845, 'disp_imp': 1.3741682738006933, 'stat_par_diff': 0.2606143366083108, 'eq_opp_diff': 0.3512022357017343, 'theil_ind': 0.19531318156954003, 'TPR': 0.3732590529247911, 'TNR': 0.08399191325124059, 'FPR': 0.9160080867487594, 'FNR': 0.6267409470752089, 'GTPR': 1.0, 'GTNR': 1.0, 'GFPR': 0.0, 'GFNR': 0.0, 'PPV': 0.11850017686593563, 'NPV': 0.2888748419721871, 'FDR': 0.8814998231340644, 'FOR': 0.7111251580278128, 'ACC': 0.15574903261470427, 'MCC': -0.5671389917344392, 'f1_score': 0.17988991810981342, 'fitness': -0.8051662943817576, 'solution': {'corr_type': 'spearman', 'l2': 0.01, 'dropout': 0.04321339025066606, 'privileged_demotion': 0.6427460190696012, 'privileged_promotion': 0.6854230385237371, 'protected_demotion': 0.9239642942809667, 'protected_promotion': 0.46356526121451325}, 'corr': [0.08328567850059193, 0.001111046308196473, 1.0, 0.06519145220885113, 0.041081437424995974, 0.2620093610231739, 6.828531639252222e-05, 0.04488312683771957, 0.06152027583008096, 0.08489035501555554, 0.10412458229121761, 0.029068623716592842, 0.00246714369785769, 0.001203713338372324, 0.0056042125733153985, 0.006803700202040599, 0.009594516472667503, 0.017603489220481796, 0.018228995980900137, 0.01456416451058709, 0.025784272013045197, 0.012605194910038054, 0.02179906334861934, 0.03366558627631018, 0.016469294159551128, 0.00036205556729654916, 0.0016423387434043775, 0.04522361743234896, 0.059316843027272304, 0.23674643550173563, 0.018188293806793987, 0.43791487448505473, 0.04198283706059048, 0.17733114330569874, 0.10636105531769287, 0.17982708601444863, 0.28331344969482086, 0.009138645613559088, 0.2312641651796888, 0.029791710129796874, 0.09934492566960045, 0.09501820651618434, 0.031071837611008422, 0.16623846564218073, 0.09267341774053656, 0.0365861024341522, 0.0605783007602666, 0.017740131317865754, 0.022758889594143194, 0.13541062601606527, 0.5806801786652194, 0.17382098612018787, 0.04191597148740821, 0.10359130989695393, 0.32426774297726974, 0.3143461226011079, 0.012895971923139352, 0.0032352766633995493, 0.11534999903171005, 0.005577532270042713, 0.10306147050864006, 0.00935307845319163, 0.0034177330416999335, 0.008717659856474328, 0.00797399259752172, 0.006265064244531559, 0.008833304198524284, 0.00022739575227900762, 0.0013634465236934874, 0.0036756520863580593, 0.003356156300800902, 0.01534642700293074, 0.009819954069467044, 0.003110840970460055, 0.012240936347802996, 0.0, 0.013320817112057423, 0.0028748225774061866, 0.0034094616893367556, 0.027099388504334885, 0.010929591579259157, 0.00043109662821984817, 0.004778024516666755, 0.021948811463581706, 0.0009521672018926945, 0.0008206156450911711, 0.03442780163875788, 0.010145027248109579, 0.002690529181977779, 0.008273763389502191, 0.017200282887235924, 0.0021886480940613864, 0.006584444724423373, 0.009774207135072412, 0.0026586456183989526, 0.006056336433392003, 0.002663927993936774, 0.008085346407394603, 0.010530299704602885, 0.0019288521165461046, 0.007362058899355336, 0.005515020930131503]}, {'overall_acc': 0.8430071862907684, 'bal_acc': 0.7446021873539346, 'avg_odds_diff': 0.14128556248178115, 'disp_imp': 0.2026278880933048, 'stat_par_diff': 0.19542152578696875, 'eq_opp_diff': 0.1981008448411083, 'theil_ind': 0.13605213181281808, 'TPR': 0.5493036211699165, 'TNR': 0.9399007535379525, 'FPR': 0.060099246462047416, 'FNR': 0.45069637883008357, 'GTPR': 1.0, 'GTNR': 1.0, 'GFPR': 0.0, 'GFNR': 0.0, 'PPV': 0.7509520182787509, 'NPV': 0.8634138105689684, 'FDR': 0.24904798172124903, 'FOR': 0.13658618943103157, 'ACC': 0.8430071862907684, 'MCC': 0.5482248180658462, 'f1_score': 0.6344916344916346, 'fitness': 0.4069392555840651, 'solution': {'corr_type': 'spearman', 'l2': 0.001, 'dropout': 0.10934464477295336, 'privileged_demotion': 0.42800645497056605, 'privileged_promotion': 0.3609480492591498, 'protected_demotion': 0.587121754986296, 'protected_promotion': 0.18498685180180874}, 'corr': [0.08328567850059193, 0.001111046308196473, 1.0, 0.06519145220885113, 0.041081437424995974, 0.2620093610231739, 6.828531639252222e-05, 0.04488312683771957, 0.06152027583008096, 0.08489035501555554, 0.10412458229121761, 0.029068623716592842, 0.00246714369785769, 0.001203713338372324, 0.0056042125733153985, 0.006803700202040599, 0.009594516472667503, 0.017603489220481796, 0.018228995980900137, 0.01456416451058709, 0.025784272013045197, 0.012605194910038054, 0.02179906334861934, 0.03366558627631018, 0.016469294159551128, 0.00036205556729654916, 0.0016423387434043775, 0.04522361743234896, 0.059316843027272304, 0.23674643550173563, 0.018188293806793987, 0.43791487448505473, 0.04198283706059048, 0.17733114330569874, 0.10636105531769287, 0.17982708601444863, 0.28331344969482086, 0.009138645613559088, 0.2312641651796888, 0.029791710129796874, 0.09934492566960045, 0.09501820651618434, 0.031071837611008422, 0.16623846564218073, 0.09267341774053656, 0.0365861024341522, 0.0605783007602666, 0.017740131317865754, 0.022758889594143194, 0.13541062601606527, 0.5806801786652194, 0.17382098612018787, 0.04191597148740821, 0.10359130989695393, 0.32426774297726974, 0.3143461226011079, 0.012895971923139352, 0.0032352766633995493, 0.11534999903171005, 0.005577532270042713, 0.10306147050864006, 0.00935307845319163, 0.0034177330416999335, 0.008717659856474328, 0.00797399259752172, 0.006265064244531559, 0.008833304198524284, 0.00022739575227900762, 0.0013634465236934874, 0.0036756520863580593, 0.003356156300800902, 0.01534642700293074, 0.009819954069467044, 0.003110840970460055, 0.012240936347802996, 0.0, 0.013320817112057423, 0.0028748225774061866, 0.0034094616893367556, 0.027099388504334885, 0.010929591579259157, 0.00043109662821984817, 0.004778024516666755, 0.021948811463581706, 0.0009521672018926945, 0.0008206156450911711, 0.03442780163875788, 0.010145027248109579, 0.002690529181977779, 0.008273763389502191, 0.017200282887235924, 0.0021886480940613864, 0.006584444724423373, 0.009774207135072412, 0.0026586456183989526, 0.006056336433392003, 0.002663927993936774, 0.008085346407394603, 0.010530299704602885, 0.0019288521165461046, 0.007362058899355336, 0.005515020930131503]}, {'overall_acc': 0.42965726920950803, 'bal_acc': 0.42700024931923564, 'avg_odds_diff': 0.7015984248539914, 'disp_imp': 0.004317472226178922, 'stat_par_diff': 0.7830798240975256, 'eq_opp_diff': 0.48521528060439395, 'theil_ind': 0.21155596464327378, 'TPR': 0.42172701949860725, 'TNR': 0.43227347913986397, 'FPR': 0.567726520860136, 'FNR': 0.5782729805013928, 'GTPR': 1.0, 'GTNR': 1.0, 'GFPR': 0.0, 'GFNR': 0.0, 'PPV': 0.19682787311492458, 'NPV': 0.6938053097345133, 'FDR': 0.8031721268850754, 'FOR': 0.30619469026548674, 'ACC': 0.42965726920950803, 'MCC': -0.1263625766177612, 'f1_score': 0.2683921290551321, 'fitness': -0.8279610014717526, 'solution': {'corr_type': 'spearman', 'l2': 0.01, 'dropout': 0.10523330462127772, 'privileged_demotion': 0.632954819031192, 'privileged_promotion': 0.4588186873870802, 'protected_demotion': 0.5935525493240864, 'protected_promotion': 0.23976526173594426}, 'corr': [0.08328567850059193, 0.001111046308196473, 1.0, 0.06519145220885113, 0.041081437424995974, 0.2620093610231739, 6.828531639252222e-05, 0.04488312683771957, 0.06152027583008096, 0.08489035501555554, 0.10412458229121761, 0.029068623716592842, 0.00246714369785769, 0.001203713338372324, 0.0056042125733153985, 0.006803700202040599, 0.009594516472667503, 0.017603489220481796, 0.018228995980900137, 0.01456416451058709, 0.025784272013045197, 0.012605194910038054, 0.02179906334861934, 0.03366558627631018, 0.016469294159551128, 0.00036205556729654916, 0.0016423387434043775, 0.04522361743234896, 0.059316843027272304, 0.23674643550173563, 0.018188293806793987, 0.43791487448505473, 0.04198283706059048, 0.17733114330569874, 0.10636105531769287, 0.17982708601444863, 0.28331344969482086, 0.009138645613559088, 0.2312641651796888, 0.029791710129796874, 0.09934492566960045, 0.09501820651618434, 0.031071837611008422, 0.16623846564218073, 0.09267341774053656, 0.0365861024341522, 0.0605783007602666, 0.017740131317865754, 0.022758889594143194, 0.13541062601606527, 0.5806801786652194, 0.17382098612018787, 0.04191597148740821, 0.10359130989695393, 0.32426774297726974, 0.3143461226011079, 0.012895971923139352, 0.0032352766633995493, 0.11534999903171005, 0.005577532270042713, 0.10306147050864006, 0.00935307845319163, 0.0034177330416999335, 0.008717659856474328, 0.00797399259752172, 0.006265064244531559, 0.008833304198524284, 0.00022739575227900762, 0.0013634465236934874, 0.0036756520863580593, 0.003356156300800902, 0.01534642700293074, 0.009819954069467044, 0.003110840970460055, 0.012240936347802996, 0.0, 0.013320817112057423, 0.0028748225774061866, 0.0034094616893367556, 0.027099388504334885, 0.010929591579259157, 0.00043109662821984817, 0.004778024516666755, 0.021948811463581706, 0.0009521672018926945, 0.0008206156450911711, 0.03442780163875788, 0.010145027248109579, 0.002690529181977779, 0.008273763389502191, 0.017200282887235924, 0.0021886480940613864, 0.006584444724423373, 0.009774207135072412, 0.0026586456183989526, 0.006056336433392003, 0.002663927993936774, 0.008085346407394603, 0.010530299704602885, 0.0019288521165461046, 0.007362058899355336, 0.005515020930131503]}, {'overall_acc': 0.837893864013267, 'bal_acc': 0.7195499045470812, 'avg_odds_diff': 0.10983679220513556, 'disp_imp': 0.2214863252029787, 'stat_par_diff': 0.16112680564446547, 'eq_opp_diff': 0.15802301224076487, 'theil_ind': 0.15064709483080133, 'TPR': 0.48467966573816157, 'TNR': 0.9544201433560008, 'FPR': 0.045579856643999266, 'FNR': 0.5153203342618384, 'GTPR': 1.0, 'GTNR': 1.0, 'GFPR': 0.0, 'GFNR': 0.0, 'PPV': 0.778175313059034, 'NPV': 0.848806799607715, 'FDR': 0.22182468694096602, 'FOR': 0.15119320039228507, 'ACC': 0.837893864013267, 'MCC': 0.5246977472578132, 'f1_score': 0.5973223480947476, 'fitness': 0.4148609550526776, 'solution': {'corr_type': 'spearman', 'l2': 0.0001, 'dropout': 0.1697612263817542, 'privileged_demotion': 0.5474091363083826, 'privileged_promotion': 0.4444007676709403, 'protected_demotion': 0.5655832992611355, 'protected_promotion': 0.13505459331797576}, 'corr': [0.08328567850059193, 0.001111046308196473, 1.0, 0.06519145220885113, 0.041081437424995974, 0.2620093610231739, 6.828531639252222e-05, 0.04488312683771957, 0.06152027583008096, 0.08489035501555554, 0.10412458229121761, 0.029068623716592842, 0.00246714369785769, 0.001203713338372324, 0.0056042125733153985, 0.006803700202040599, 0.009594516472667503, 0.017603489220481796, 0.018228995980900137, 0.01456416451058709, 0.025784272013045197, 0.012605194910038054, 0.02179906334861934, 0.03366558627631018, 0.016469294159551128, 0.00036205556729654916, 0.0016423387434043775, 0.04522361743234896, 0.059316843027272304, 0.23674643550173563, 0.018188293806793987, 0.43791487448505473, 0.04198283706059048, 0.17733114330569874, 0.10636105531769287, 0.17982708601444863, 0.28331344969482086, 0.009138645613559088, 0.2312641651796888, 0.029791710129796874, 0.09934492566960045, 0.09501820651618434, 0.031071837611008422, 0.16623846564218073, 0.09267341774053656, 0.0365861024341522, 0.0605783007602666, 0.017740131317865754, 0.022758889594143194, 0.13541062601606527, 0.5806801786652194, 0.17382098612018787, 0.04191597148740821, 0.10359130989695393, 0.32426774297726974, 0.3143461226011079, 0.012895971923139352, 0.0032352766633995493, 0.11534999903171005, 0.005577532270042713, 0.10306147050864006, 0.00935307845319163, 0.0034177330416999335, 0.008717659856474328, 0.00797399259752172, 0.006265064244531559, 0.008833304198524284, 0.00022739575227900762, 0.0013634465236934874, 0.0036756520863580593, 0.003356156300800902, 0.01534642700293074, 0.009819954069467044, 0.003110840970460055, 0.012240936347802996, 0.0, 0.013320817112057423, 0.0028748225774061866, 0.0034094616893367556, 0.027099388504334885, 0.010929591579259157, 0.00043109662821984817, 0.004778024516666755, 0.021948811463581706, 0.0009521672018926945, 0.0008206156450911711, 0.03442780163875788, 0.010145027248109579, 0.002690529181977779, 0.008273763389502191, 0.017200282887235924, 0.0021886480940613864, 0.006584444724423373, 0.009774207135072412, 0.0026586456183989526, 0.006056336433392003, 0.002663927993936774, 0.008085346407394603, 0.010530299704602885, 0.0019288521165461046, 0.007362058899355336, 0.005515020930131503]}, {'overall_acc': 0.8383084577114428, 'bal_acc': 0.706386309660634, 'avg_odds_diff': 0.06612543991040726, 'disp_imp': 0.2837739510065486, 'stat_par_diff': 0.12533955857385398, 'eq_opp_diff': 0.09766055455727746, 'theil_ind': 0.1583004713499563, 'TPR': 0.4445682451253482, 'TNR': 0.9682043741959199, 'FPR': 0.03179562580408013, 'FNR': 0.5554317548746518, 'GTPR': 1.0, 'GTNR': 1.0, 'GFPR': 0.0, 'GFNR': 0.0, 'PPV': 0.8218331616889805, 'NPV': 0.8408619313647246, 'FDR': 0.17816683831101957, 'FOR': 0.15913806863527533, 'ACC': 0.8383084577114428, 'MCC': 0.5230128003893685, 'f1_score': 0.577006507592191, 'fitness': 0.4568873604789612, 'solution': {'corr_type': 'spearman', 'l2': 0.001, 'dropout': 0.15028783017805125, 'privileged_demotion': 0.38420621545223355, 'privileged_promotion': 0.030397439442001906, 'protected_demotion': 0.4510145230772387, 'protected_promotion': 0.13117465004054885}, 'corr': [0.08328567850059193, 0.001111046308196473, 1.0, 0.06519145220885113, 0.041081437424995974, 0.2620093610231739, 6.828531639252222e-05, 0.04488312683771957, 0.06152027583008096, 0.08489035501555554, 0.10412458229121761, 0.029068623716592842, 0.00246714369785769, 0.001203713338372324, 0.0056042125733153985, 0.006803700202040599, 0.009594516472667503, 0.017603489220481796, 0.018228995980900137, 0.01456416451058709, 0.025784272013045197, 0.012605194910038054, 0.02179906334861934, 0.03366558627631018, 0.016469294159551128, 0.00036205556729654916, 0.0016423387434043775, 0.04522361743234896, 0.059316843027272304, 0.23674643550173563, 0.018188293806793987, 0.43791487448505473, 0.04198283706059048, 0.17733114330569874, 0.10636105531769287, 0.17982708601444863, 0.28331344969482086, 0.009138645613559088, 0.2312641651796888, 0.029791710129796874, 0.09934492566960045, 0.09501820651618434, 0.031071837611008422, 0.16623846564218073, 0.09267341774053656, 0.0365861024341522, 0.0605783007602666, 0.017740131317865754, 0.022758889594143194, 0.13541062601606527, 0.5806801786652194, 0.17382098612018787, 0.04191597148740821, 0.10359130989695393, 0.32426774297726974, 0.3143461226011079, 0.012895971923139352, 0.0032352766633995493, 0.11534999903171005, 0.005577532270042713, 0.10306147050864006, 0.00935307845319163, 0.0034177330416999335, 0.008717659856474328, 0.00797399259752172, 0.006265064244531559, 0.008833304198524284, 0.00022739575227900762, 0.0013634465236934874, 0.0036756520863580593, 0.003356156300800902, 0.01534642700293074, 0.009819954069467044, 0.003110840970460055, 0.012240936347802996, 0.0, 0.013320817112057423, 0.0028748225774061866, 0.0034094616893367556, 0.027099388504334885, 0.010929591579259157, 0.00043109662821984817, 0.004778024516666755, 0.021948811463581706, 0.0009521672018926945, 0.0008206156450911711, 0.03442780163875788, 0.010145027248109579, 0.002690529181977779, 0.008273763389502191, 0.017200282887235924, 0.0021886480940613864, 0.006584444724423373, 0.009774207135072412, 0.0026586456183989526, 0.006056336433392003, 0.002663927993936774, 0.008085346407394603, 0.010530299704602885, 0.0019288521165461046, 0.007362058899355336, 0.005515020930131503]}, {'overall_acc': 0.8384466556108348, 'bal_acc': 0.7118912476661519, 'avg_odds_diff': 0.10069775983329468, 'disp_imp': 0.22567641569734967, 'stat_par_diff': 0.1470897464443764, 'eq_opp_diff': 0.1522302415391794, 'theil_ind': 0.15512094708661212, 'TPR': 0.46072423398328693, 'TNR': 0.9630582613490167, 'FPR': 0.036941738650983276, 'FNR': 0.5392757660167131, 'GTPR': 1.0, 'GTNR': 1.0, 'GFPR': 0.0, 'GFNR': 0.0, 'PPV': 0.8044747081712063, 'NPV': 0.8440721649484536, 'FDR': 0.19552529182879377, 'FOR': 0.1559278350515464, 'ACC': 0.8384466556108348, 'MCC': 0.5242545300048559, 'f1_score': 0.5859015232022672, 'fitness': 0.42355677017156124, 'solution': {'corr_type': 'spearman', 'l2': 0.0001, 'dropout': 0.16408719543917175, 'privileged_demotion': 0.2885222229923805, 'privileged_promotion': 0.03399741212660995, 'protected_demotion': 0.4121703974552775, 'protected_promotion': 0.05551157230080139}, 'corr': [0.08328567850059193, 0.001111046308196473, 1.0, 0.06519145220885113, 0.041081437424995974, 0.2620093610231739, 6.828531639252222e-05, 0.04488312683771957, 0.06152027583008096, 0.08489035501555554, 0.10412458229121761, 0.029068623716592842, 0.00246714369785769, 0.001203713338372324, 0.0056042125733153985, 0.006803700202040599, 0.009594516472667503, 0.017603489220481796, 0.018228995980900137, 0.01456416451058709, 0.025784272013045197, 0.012605194910038054, 0.02179906334861934, 0.03366558627631018, 0.016469294159551128, 0.00036205556729654916, 0.0016423387434043775, 0.04522361743234896, 0.059316843027272304, 0.23674643550173563, 0.018188293806793987, 0.43791487448505473, 0.04198283706059048, 0.17733114330569874, 0.10636105531769287, 0.17982708601444863, 0.28331344969482086, 0.009138645613559088, 0.2312641651796888, 0.029791710129796874, 0.09934492566960045, 0.09501820651618434, 0.031071837611008422, 0.16623846564218073, 0.09267341774053656, 0.0365861024341522, 0.0605783007602666, 0.017740131317865754, 0.022758889594143194, 0.13541062601606527, 0.5806801786652194, 0.17382098612018787, 0.04191597148740821, 0.10359130989695393, 0.32426774297726974, 0.3143461226011079, 0.012895971923139352, 0.0032352766633995493, 0.11534999903171005, 0.005577532270042713, 0.10306147050864006, 0.00935307845319163, 0.0034177330416999335, 0.008717659856474328, 0.00797399259752172, 0.006265064244531559, 0.008833304198524284, 0.00022739575227900762, 0.0013634465236934874, 0.0036756520863580593, 0.003356156300800902, 0.01534642700293074, 0.009819954069467044, 0.003110840970460055, 0.012240936347802996, 0.0, 0.013320817112057423, 0.0028748225774061866, 0.0034094616893367556, 0.027099388504334885, 0.010929591579259157, 0.00043109662821984817, 0.004778024516666755, 0.021948811463581706, 0.0009521672018926945, 0.0008206156450911711, 0.03442780163875788, 0.010145027248109579, 0.002690529181977779, 0.008273763389502191, 0.017200282887235924, 0.0021886480940613864, 0.006584444724423373, 0.009774207135072412, 0.0026586456183989526, 0.006056336433392003, 0.002663927993936774, 0.008085346407394603, 0.010530299704602885, 0.0019288521165461046, 0.007362058899355336, 0.005515020930131503]}, {'overall_acc': 0.8420398009950248, 'bal_acc': 0.7549716661743422, 'avg_odds_diff': 0.18047281704969964, 'disp_imp': 0.1715691288072494, 'stat_par_diff': 0.22544184363606, 'eq_opp_diff': 0.25443268572109323, 'theil_ind': 0.1297948220047432, 'TPR': 0.5821727019498607, 'TNR': 0.9277706303988238, 'FPR': 0.07222936960117625, 'FNR': 0.4178272980501393, 'GTPR': 1.0, 'GTNR': 1.0, 'GFPR': 0.0, 'GFNR': 0.0, 'PPV': 0.7267037552155772, 'NPV': 0.8706450500172473, 'FDR': 0.2732962447844228, 'FOR': 0.12935494998275268, 'ACC': 0.8420398009950248, 'MCC': 0.5519185087627809, 'f1_score': 0.6464583977729663, 'fitness': 0.3714456917130813, 'solution': {'corr_type': 'spearman', 'l2': 0.001, 'dropout': 0.09506948906872935, 'privileged_demotion': 0.3772900111313022, 'privileged_promotion': 0.36779931002806826, 'protected_demotion': 0.5294259107553535, 'protected_promotion': 0.17075102333797915}, 'corr': [0.08328567850059193, 0.001111046308196473, 1.0, 0.06519145220885113, 0.041081437424995974, 0.2620093610231739, 6.828531639252222e-05, 0.04488312683771957, 0.06152027583008096, 0.08489035501555554, 0.10412458229121761, 0.029068623716592842, 0.00246714369785769, 0.001203713338372324, 0.0056042125733153985, 0.006803700202040599, 0.009594516472667503, 0.017603489220481796, 0.018228995980900137, 0.01456416451058709, 0.025784272013045197, 0.012605194910038054, 0.02179906334861934, 0.03366558627631018, 0.016469294159551128, 0.00036205556729654916, 0.0016423387434043775, 0.04522361743234896, 0.059316843027272304, 0.23674643550173563, 0.018188293806793987, 0.43791487448505473, 0.04198283706059048, 0.17733114330569874, 0.10636105531769287, 0.17982708601444863, 0.28331344969482086, 0.009138645613559088, 0.2312641651796888, 0.029791710129796874, 0.09934492566960045, 0.09501820651618434, 0.031071837611008422, 0.16623846564218073, 0.09267341774053656, 0.0365861024341522, 0.0605783007602666, 0.017740131317865754, 0.022758889594143194, 0.13541062601606527, 0.5806801786652194, 0.17382098612018787, 0.04191597148740821, 0.10359130989695393, 0.32426774297726974, 0.3143461226011079, 0.012895971923139352, 0.0032352766633995493, 0.11534999903171005, 0.005577532270042713, 0.10306147050864006, 0.00935307845319163, 0.0034177330416999335, 0.008717659856474328, 0.00797399259752172, 0.006265064244531559, 0.008833304198524284, 0.00022739575227900762, 0.0013634465236934874, 0.0036756520863580593, 0.003356156300800902, 0.01534642700293074, 0.009819954069467044, 0.003110840970460055, 0.012240936347802996, 0.0, 0.013320817112057423, 0.0028748225774061866, 0.0034094616893367556, 0.027099388504334885, 0.010929591579259157, 0.00043109662821984817, 0.004778024516666755, 0.021948811463581706, 0.0009521672018926945, 0.0008206156450911711, 0.03442780163875788, 0.010145027248109579, 0.002690529181977779, 0.008273763389502191, 0.017200282887235924, 0.0021886480940613864, 0.006584444724423373, 0.009774207135072412, 0.0026586456183989526, 0.006056336433392003, 0.002663927993936774, 0.008085346407394603, 0.010530299704602885, 0.0019288521165461046, 0.007362058899355336, 0.005515020930131503]}, {'overall_acc': 0.8412106135986733, 'bal_acc': 0.7740192462163118, 'avg_odds_diff': 0.05189441824625891, 'disp_imp': 0.4330364677965428, 'stat_par_diff': 0.1589356786996577, 'eq_opp_diff': 0.037886308808783964, 'theil_ind': 0.11815498109361855, 'TPR': 0.6406685236768802, 'TNR': 0.9073699687557434, 'FPR': 0.09263003124425657, 'FNR': 0.3593314763231198, 'GTPR': 1.0, 'GTNR': 1.0, 'GFPR': 0.0, 'GFNR': 0.0, 'PPV': 0.6952841596130592, 'NPV': 0.8844500179147259, 'FDR': 0.3047158403869408, 'FOR': 0.11554998208527409, 'ACC': 0.8412106135986733, 'MCC': 0.5636635917495421, 'f1_score': 0.6668599594085242, 'fitness': 0.5117691735032831, 'solution': {'corr_type': 'spearman', 'l2': 0.001, 'dropout': 0.08364176634723375, 'privileged_demotion': 0.42290065468262283, 'privileged_promotion': 0.4294196959856549, 'protected_demotion': 0.0006574091178109392, 'protected_promotion': 0.24898882585686}, 'corr': [0.08328567850059193, 0.001111046308196473, 1.0, 0.06519145220885113, 0.041081437424995974, 0.2620093610231739, 6.828531639252222e-05, 0.04488312683771957, 0.06152027583008096, 0.08489035501555554, 0.10412458229121761, 0.029068623716592842, 0.00246714369785769, 0.001203713338372324, 0.0056042125733153985, 0.006803700202040599, 0.009594516472667503, 0.017603489220481796, 0.018228995980900137, 0.01456416451058709, 0.025784272013045197, 0.012605194910038054, 0.02179906334861934, 0.03366558627631018, 0.016469294159551128, 0.00036205556729654916, 0.0016423387434043775, 0.04522361743234896, 0.059316843027272304, 0.23674643550173563, 0.018188293806793987, 0.43791487448505473, 0.04198283706059048, 0.17733114330569874, 0.10636105531769287, 0.17982708601444863, 0.28331344969482086, 0.009138645613559088, 0.2312641651796888, 0.029791710129796874, 0.09934492566960045, 0.09501820651618434, 0.031071837611008422, 0.16623846564218073, 0.09267341774053656, 0.0365861024341522, 0.0605783007602666, 0.017740131317865754, 0.022758889594143194, 0.13541062601606527, 0.5806801786652194, 0.17382098612018787, 0.04191597148740821, 0.10359130989695393, 0.32426774297726974, 0.3143461226011079, 0.012895971923139352, 0.0032352766633995493, 0.11534999903171005, 0.005577532270042713, 0.10306147050864006, 0.00935307845319163, 0.0034177330416999335, 0.008717659856474328, 0.00797399259752172, 0.006265064244531559, 0.008833304198524284, 0.00022739575227900762, 0.0013634465236934874, 0.0036756520863580593, 0.003356156300800902, 0.01534642700293074, 0.009819954069467044, 0.003110840970460055, 0.012240936347802996, 0.0, 0.013320817112057423, 0.0028748225774061866, 0.0034094616893367556, 0.027099388504334885, 0.010929591579259157, 0.00043109662821984817, 0.004778024516666755, 0.021948811463581706, 0.0009521672018926945, 0.0008206156450911711, 0.03442780163875788, 0.010145027248109579, 0.002690529181977779, 0.008273763389502191, 0.017200282887235924, 0.0021886480940613864, 0.006584444724423373, 0.009774207135072412, 0.0026586456183989526, 0.006056336433392003, 0.002663927993936774, 0.008085346407394603, 0.010530299704602885, 0.0019288521165461046, 0.007362058899355336, 0.005515020930131503]}, {'overall_acc': 0.8434217799889442, 'bal_acc': 0.7848223971609348, 'avg_odds_diff': 0.053428187463705305, 'disp_imp': 0.3776260928819746, 'stat_par_diff': 0.18747738595563468, 'eq_opp_diff': 0.021480904208321383, 'theil_ind': 0.11179847777858304, 'TPR': 0.6685236768802229, 'TNR': 0.9011211174416468, 'FPR': 0.09887888255835324, 'FNR': 0.33147632311977715, 'GTPR': 1.0, 'GTNR': 1.0, 'GFPR': 0.0, 'GFNR': 0.0, 'PPV': 0.6904487917146145, 'NPV': 0.891778828664969, 'FDR': 0.3095512082853855, 'FOR': 0.10822117133503092, 'ACC': 0.8434217799889442, 'MCC': 0.5759018432507743, 'f1_score': 0.6793093688083782, 'fitness': 0.5224736557870691, 'solution': {'corr_type': 'spearman', 'l2': 0.001, 'dropout': 0.08492853868565442, 'privileged_demotion': 0.3933369376411956, 'privileged_promotion': 0.4151771135520414, 'protected_demotion': 0.09362843006766561, 'protected_promotion': 0.27346705568245533}, 'corr': [0.08328567850059193, 0.001111046308196473, 1.0, 0.06519145220885113, 0.041081437424995974, 0.2620093610231739, 6.828531639252222e-05, 0.04488312683771957, 0.06152027583008096, 0.08489035501555554, 0.10412458229121761, 0.029068623716592842, 0.00246714369785769, 0.001203713338372324, 0.0056042125733153985, 0.006803700202040599, 0.009594516472667503, 0.017603489220481796, 0.018228995980900137, 0.01456416451058709, 0.025784272013045197, 0.012605194910038054, 0.02179906334861934, 0.03366558627631018, 0.016469294159551128, 0.00036205556729654916, 0.0016423387434043775, 0.04522361743234896, 0.059316843027272304, 0.23674643550173563, 0.018188293806793987, 0.43791487448505473, 0.04198283706059048, 0.17733114330569874, 0.10636105531769287, 0.17982708601444863, 0.28331344969482086, 0.009138645613559088, 0.2312641651796888, 0.029791710129796874, 0.09934492566960045, 0.09501820651618434, 0.031071837611008422, 0.16623846564218073, 0.09267341774053656, 0.0365861024341522, 0.0605783007602666, 0.017740131317865754, 0.022758889594143194, 0.13541062601606527, 0.5806801786652194, 0.17382098612018787, 0.04191597148740821, 0.10359130989695393, 0.32426774297726974, 0.3143461226011079, 0.012895971923139352, 0.0032352766633995493, 0.11534999903171005, 0.005577532270042713, 0.10306147050864006, 0.00935307845319163, 0.0034177330416999335, 0.008717659856474328, 0.00797399259752172, 0.006265064244531559, 0.008833304198524284, 0.00022739575227900762, 0.0013634465236934874, 0.0036756520863580593, 0.003356156300800902, 0.01534642700293074, 0.009819954069467044, 0.003110840970460055, 0.012240936347802996, 0.0, 0.013320817112057423, 0.0028748225774061866, 0.0034094616893367556, 0.027099388504334885, 0.010929591579259157, 0.00043109662821984817, 0.004778024516666755, 0.021948811463581706, 0.0009521672018926945, 0.0008206156450911711, 0.03442780163875788, 0.010145027248109579, 0.002690529181977779, 0.008273763389502191, 0.017200282887235924, 0.0021886480940613864, 0.006584444724423373, 0.009774207135072412, 0.0026586456183989526, 0.006056336433392003, 0.002663927993936774, 0.008085346407394603, 0.010530299704602885, 0.0019288521165461046, 0.007362058899355336, 0.005515020930131503]}, {'overall_acc': 0.8434217799889442, 'bal_acc': 0.7366649789409718, 'avg_odds_diff': 0.03853167184740364, 'disp_imp': 0.34620704640795996, 'stat_par_diff': 0.14027074229730857, 'eq_opp_diff': 0.02681948594744321, 'theil_ind': 0.14075513814198815, 'TPR': 0.5247910863509749, 'TNR': 0.9485388715309686, 'FPR': 0.05146112846903143, 'FNR': 0.47520891364902507, 'GTPR': 1.0, 'GTNR': 1.0, 'GFPR': 0.0, 'GFNR': 0.0, 'PPV': 0.7708674304418985, 'NPV': 0.858164283338876, 'FDR': 0.22913256955810146, 'FOR': 0.14183571666112404, 'ACC': 0.8434217799889442, 'MCC': 0.5456551608756768, 'f1_score': 0.6244613854822673, 'fitness': 0.5071234890282732, 'solution': {'corr_type': 'spearman', 'l2': 0.001, 'dropout': 0.13598805938377917, 'privileged_demotion': 0.2608205184698524, 'privileged_promotion': 0.02100974025977148, 'protected_demotion': 0.3820953200191074, 'protected_promotion': 0.32002615292346476}, 'corr': [0.08328567850059193, 0.001111046308196473, 1.0, 0.06519145220885113, 0.041081437424995974, 0.2620093610231739, 6.828531639252222e-05, 0.04488312683771957, 0.06152027583008096, 0.08489035501555554, 0.10412458229121761, 0.029068623716592842, 0.00246714369785769, 0.001203713338372324, 0.0056042125733153985, 0.006803700202040599, 0.009594516472667503, 0.017603489220481796, 0.018228995980900137, 0.01456416451058709, 0.025784272013045197, 0.012605194910038054, 0.02179906334861934, 0.03366558627631018, 0.016469294159551128, 0.00036205556729654916, 0.0016423387434043775, 0.04522361743234896, 0.059316843027272304, 0.23674643550173563, 0.018188293806793987, 0.43791487448505473, 0.04198283706059048, 0.17733114330569874, 0.10636105531769287, 0.17982708601444863, 0.28331344969482086, 0.009138645613559088, 0.2312641651796888, 0.029791710129796874, 0.09934492566960045, 0.09501820651618434, 0.031071837611008422, 0.16623846564218073, 0.09267341774053656, 0.0365861024341522, 0.0605783007602666, 0.017740131317865754, 0.022758889594143194, 0.13541062601606527, 0.5806801786652194, 0.17382098612018787, 0.04191597148740821, 0.10359130989695393, 0.32426774297726974, 0.3143461226011079, 0.012895971923139352, 0.0032352766633995493, 0.11534999903171005, 0.005577532270042713, 0.10306147050864006, 0.00935307845319163, 0.0034177330416999335, 0.008717659856474328, 0.00797399259752172, 0.006265064244531559, 0.008833304198524284, 0.00022739575227900762, 0.0013634465236934874, 0.0036756520863580593, 0.003356156300800902, 0.01534642700293074, 0.009819954069467044, 0.003110840970460055, 0.012240936347802996, 0.0, 0.013320817112057423, 0.0028748225774061866, 0.0034094616893367556, 0.027099388504334885, 0.010929591579259157, 0.00043109662821984817, 0.004778024516666755, 0.021948811463581706, 0.0009521672018926945, 0.0008206156450911711, 0.03442780163875788, 0.010145027248109579, 0.002690529181977779, 0.008273763389502191, 0.017200282887235924, 0.0021886480940613864, 0.006584444724423373, 0.009774207135072412, 0.0026586456183989526, 0.006056336433392003, 0.002663927993936774, 0.008085346407394603, 0.010530299704602885, 0.0019288521165461046, 0.007362058899355336, 0.005515020930131503]}, {'overall_acc': 0.841901603095633, 'bal_acc': 0.7274412423162833, 'avg_odds_diff': 0.031933538065315334, 'disp_imp': 0.3512124738350869, 'stat_par_diff': 0.13015635002365777, 'eq_opp_diff': 0.020373973731497408, 'theil_ind': 0.1461136843982829, 'TPR': 0.5002785515320334, 'TNR': 0.954603933100533, 'FPR': 0.04539606689946701, 'FNR': 0.49972144846796657, 'GTPR': 1.0, 'GTNR': 1.0, 'GFPR': 0.0, 'GFNR': 0.0, 'PPV': 0.7842794759825328, 'NPV': 0.8527335412904286, 'FDR': 0.21572052401746725, 'FOR': 0.1472664587095715, 'ACC': 0.841901603095633, 'MCC': 0.5382992328068215, 'f1_score': 0.6108843537414965, 'fitness': 0.5063656947415062, 'solution': {'corr_type': 'spearman', 'l2': 0.001, 'dropout': 0.005446422502267748, 'privileged_demotion': 0.23004007818616162, 'privileged_promotion': 0.013356780315235905, 'protected_demotion': 0.3453127190966951, 'protected_promotion': 0.3311345424135064}, 'corr': [0.08328567850059193, 0.001111046308196473, 1.0, 0.06519145220885113, 0.041081437424995974, 0.2620093610231739, 6.828531639252222e-05, 0.04488312683771957, 0.06152027583008096, 0.08489035501555554, 0.10412458229121761, 0.029068623716592842, 0.00246714369785769, 0.001203713338372324, 0.0056042125733153985, 0.006803700202040599, 0.009594516472667503, 0.017603489220481796, 0.018228995980900137, 0.01456416451058709, 0.025784272013045197, 0.012605194910038054, 0.02179906334861934, 0.03366558627631018, 0.016469294159551128, 0.00036205556729654916, 0.0016423387434043775, 0.04522361743234896, 0.059316843027272304, 0.23674643550173563, 0.018188293806793987, 0.43791487448505473, 0.04198283706059048, 0.17733114330569874, 0.10636105531769287, 0.17982708601444863, 0.28331344969482086, 0.009138645613559088, 0.2312641651796888, 0.029791710129796874, 0.09934492566960045, 0.09501820651618434, 0.031071837611008422, 0.16623846564218073, 0.09267341774053656, 0.0365861024341522, 0.0605783007602666, 0.017740131317865754, 0.022758889594143194, 0.13541062601606527, 0.5806801786652194, 0.17382098612018787, 0.04191597148740821, 0.10359130989695393, 0.32426774297726974, 0.3143461226011079, 0.012895971923139352, 0.0032352766633995493, 0.11534999903171005, 0.005577532270042713, 0.10306147050864006, 0.00935307845319163, 0.0034177330416999335, 0.008717659856474328, 0.00797399259752172, 0.006265064244531559, 0.008833304198524284, 0.00022739575227900762, 0.0013634465236934874, 0.0036756520863580593, 0.003356156300800902, 0.01534642700293074, 0.009819954069467044, 0.003110840970460055, 0.012240936347802996, 0.0, 0.013320817112057423, 0.0028748225774061866, 0.0034094616893367556, 0.027099388504334885, 0.010929591579259157, 0.00043109662821984817, 0.004778024516666755, 0.021948811463581706, 0.0009521672018926945, 0.0008206156450911711, 0.03442780163875788, 0.010145027248109579, 0.002690529181977779, 0.008273763389502191, 0.017200282887235924, 0.0021886480940613864, 0.006584444724423373, 0.009774207135072412, 0.0026586456183989526, 0.006056336433392003, 0.002663927993936774, 0.008085346407394603, 0.010530299704602885, 0.0019288521165461046, 0.007362058899355336, 0.005515020930131503]}, {'overall_acc': 0.8395522388059702, 'bal_acc': 0.7172928231384633, 'avg_odds_diff': 0.13444744119947447, 'disp_imp': 0.1879167683438645, 'stat_par_diff': 0.16324869882267806, 'eq_opp_diff': 0.21309900823000322, 'theil_ind': 0.1519911438610508, 'TPR': 0.4746518105849582, 'TNR': 0.9599338356919684, 'FPR': 0.04006616430803161, 'FNR': 0.5253481894150418, 'GTPR': 1.0, 'GTNR': 1.0, 'GFPR': 0.0, 'GFNR': 0.0, 'PPV': 0.7962616822429907, 'NPV': 0.8470645475186507, 'FDR': 0.20373831775700935, 'FOR': 0.15293545248134935, 'ACC': 0.8395522388059702, 'MCC': 0.5287535771300858, 'f1_score': 0.5947643979057592, 'fitness': 0.39430613593061126, 'solution': {'corr_type': 'spearman', 'l2': 0.001, 'dropout': 0.14681535520431757, 'privileged_demotion': 0.23225453295696108, 'privileged_promotion': 0.022786153658177703, 'protected_demotion': 0.41188003808903906, 'protected_promotion': 0.00011488458159131243}, 'corr': [0.08328567850059193, 0.001111046308196473, 1.0, 0.06519145220885113, 0.041081437424995974, 0.2620093610231739, 6.828531639252222e-05, 0.04488312683771957, 0.06152027583008096, 0.08489035501555554, 0.10412458229121761, 0.029068623716592842, 0.00246714369785769, 0.001203713338372324, 0.0056042125733153985, 0.006803700202040599, 0.009594516472667503, 0.017603489220481796, 0.018228995980900137, 0.01456416451058709, 0.025784272013045197, 0.012605194910038054, 0.02179906334861934, 0.03366558627631018, 0.016469294159551128, 0.00036205556729654916, 0.0016423387434043775, 0.04522361743234896, 0.059316843027272304, 0.23674643550173563, 0.018188293806793987, 0.43791487448505473, 0.04198283706059048, 0.17733114330569874, 0.10636105531769287, 0.17982708601444863, 0.28331344969482086, 0.009138645613559088, 0.2312641651796888, 0.029791710129796874, 0.09934492566960045, 0.09501820651618434, 0.031071837611008422, 0.16623846564218073, 0.09267341774053656, 0.0365861024341522, 0.0605783007602666, 0.017740131317865754, 0.022758889594143194, 0.13541062601606527, 0.5806801786652194, 0.17382098612018787, 0.04191597148740821, 0.10359130989695393, 0.32426774297726974, 0.3143461226011079, 0.012895971923139352, 0.0032352766633995493, 0.11534999903171005, 0.005577532270042713, 0.10306147050864006, 0.00935307845319163, 0.0034177330416999335, 0.008717659856474328, 0.00797399259752172, 0.006265064244531559, 0.008833304198524284, 0.00022739575227900762, 0.0013634465236934874, 0.0036756520863580593, 0.003356156300800902, 0.01534642700293074, 0.009819954069467044, 0.003110840970460055, 0.012240936347802996, 0.0, 0.013320817112057423, 0.0028748225774061866, 0.0034094616893367556, 0.027099388504334885, 0.010929591579259157, 0.00043109662821984817, 0.004778024516666755, 0.021948811463581706, 0.0009521672018926945, 0.0008206156450911711, 0.03442780163875788, 0.010145027248109579, 0.002690529181977779, 0.008273763389502191, 0.017200282887235924, 0.0021886480940613864, 0.006584444724423373, 0.009774207135072412, 0.0026586456183989526, 0.006056336433392003, 0.002663927993936774, 0.008085346407394603, 0.010530299704602885, 0.0019288521165461046, 0.007362058899355336, 0.005515020930131503]}, {'overall_acc': 0.8304311774461028, 'bal_acc': 0.8071692846892904, 'avg_odds_diff': 0.19178092881638528, 'disp_imp': 0.24273967847992756, 'stat_par_diff': 0.3005764841771271, 'eq_opp_diff': 0.20111636172303904, 'theil_ind': 0.09572784894522089, 'TPR': 0.7610027855153203, 'TNR': 0.8533357838632605, 'FPR': 0.14666421613673958, 'FNR': 0.23899721448467967, 'GTPR': 1.0, 'GTNR': 1.0, 'GFPR': 0.0, 'GFNR': 0.0, 'PPV': 0.6312384473197782, 'NPV': 0.9154179810725552, 'FDR': 0.3687615526802218, 'FOR': 0.0845820189274448, 'ACC': 0.8304311774461028, 'MCC': 0.5795102485376343, 'f1_score': 0.6900732508209143, 'fitness': 0.387729319721249, 'solution': {'corr_type': 'spearman', 'l2': 0.001, 'dropout': 0.008074333708739348, 'privileged_demotion': 0.21562297145224485, 'privileged_promotion': 0.5420310035729173, 'protected_demotion': 0.15653416141701926, 'protected_promotion': 0.27926666791027877}, 'corr': [0.08328567850059193, 0.001111046308196473, 1.0, 0.06519145220885113, 0.041081437424995974, 0.2620093610231739, 6.828531639252222e-05, 0.04488312683771957, 0.06152027583008096, 0.08489035501555554, 0.10412458229121761, 0.029068623716592842, 0.00246714369785769, 0.001203713338372324, 0.0056042125733153985, 0.006803700202040599, 0.009594516472667503, 0.017603489220481796, 0.018228995980900137, 0.01456416451058709, 0.025784272013045197, 0.012605194910038054, 0.02179906334861934, 0.03366558627631018, 0.016469294159551128, 0.00036205556729654916, 0.0016423387434043775, 0.04522361743234896, 0.059316843027272304, 0.23674643550173563, 0.018188293806793987, 0.43791487448505473, 0.04198283706059048, 0.17733114330569874, 0.10636105531769287, 0.17982708601444863, 0.28331344969482086, 0.009138645613559088, 0.2312641651796888, 0.029791710129796874, 0.09934492566960045, 0.09501820651618434, 0.031071837611008422, 0.16623846564218073, 0.09267341774053656, 0.0365861024341522, 0.0605783007602666, 0.017740131317865754, 0.022758889594143194, 0.13541062601606527, 0.5806801786652194, 0.17382098612018787, 0.04191597148740821, 0.10359130989695393, 0.32426774297726974, 0.3143461226011079, 0.012895971923139352, 0.0032352766633995493, 0.11534999903171005, 0.005577532270042713, 0.10306147050864006, 0.00935307845319163, 0.0034177330416999335, 0.008717659856474328, 0.00797399259752172, 0.006265064244531559, 0.008833304198524284, 0.00022739575227900762, 0.0013634465236934874, 0.0036756520863580593, 0.003356156300800902, 0.01534642700293074, 0.009819954069467044, 0.003110840970460055, 0.012240936347802996, 0.0, 0.013320817112057423, 0.0028748225774061866, 0.0034094616893367556, 0.027099388504334885, 0.010929591579259157, 0.00043109662821984817, 0.004778024516666755, 0.021948811463581706, 0.0009521672018926945, 0.0008206156450911711, 0.03442780163875788, 0.010145027248109579, 0.002690529181977779, 0.008273763389502191, 0.017200282887235924, 0.0021886480940613864, 0.006584444724423373, 0.009774207135072412, 0.0026586456183989526, 0.006056336433392003, 0.002663927993936774, 0.008085346407394603, 0.010530299704602885, 0.0019288521165461046, 0.007362058899355336, 0.005515020930131503]}, {'overall_acc': 0.8414870093974571, 'bal_acc': 0.7426580604601707, 'avg_odds_diff': 0.05915577844722443, 'disp_imp': 0.501185887457836, 'stat_par_diff': 0.10814453505524785, 'eq_opp_diff': 0.09028432725431601, 'theil_ind': 0.13712549578823263, 'TPR': 0.5465181058495822, 'TNR': 0.9387980150707591, 'FPR': 0.06120198492924095, 'FNR': 0.45348189415041784, 'GTPR': 1.0, 'GTNR': 1.0, 'GFPR': 0.0, 'GFNR': 0.0, 'PPV': 0.7465753424657534, 'NPV': 0.8625464370145222, 'FDR': 0.2534246575342466, 'FOR': 0.13745356298547787, 'ACC': 0.8414870093974571, 'MCC': 0.543706372213406, 'f1_score': 0.631071083949823, 'fitness': 0.4845505937661816, 'solution': {'corr_type': 'spearman', 'l2': 0.001, 'dropout': 0.0030147385948390837, 'privileged_demotion': 0.24492610010852728, 'privileged_promotion': 0.004273299307390288, 'protected_demotion': 0.12096302730630881, 'protected_promotion': 0.29532264426320537}, 'corr': [0.08328567850059193, 0.001111046308196473, 1.0, 0.06519145220885113, 0.041081437424995974, 0.2620093610231739, 6.828531639252222e-05, 0.04488312683771957, 0.06152027583008096, 0.08489035501555554, 0.10412458229121761, 0.029068623716592842, 0.00246714369785769, 0.001203713338372324, 0.0056042125733153985, 0.006803700202040599, 0.009594516472667503, 0.017603489220481796, 0.018228995980900137, 0.01456416451058709, 0.025784272013045197, 0.012605194910038054, 0.02179906334861934, 0.03366558627631018, 0.016469294159551128, 0.00036205556729654916, 0.0016423387434043775, 0.04522361743234896, 0.059316843027272304, 0.23674643550173563, 0.018188293806793987, 0.43791487448505473, 0.04198283706059048, 0.17733114330569874, 0.10636105531769287, 0.17982708601444863, 0.28331344969482086, 0.009138645613559088, 0.2312641651796888, 0.029791710129796874, 0.09934492566960045, 0.09501820651618434, 0.031071837611008422, 0.16623846564218073, 0.09267341774053656, 0.0365861024341522, 0.0605783007602666, 0.017740131317865754, 0.022758889594143194, 0.13541062601606527, 0.5806801786652194, 0.17382098612018787, 0.04191597148740821, 0.10359130989695393, 0.32426774297726974, 0.3143461226011079, 0.012895971923139352, 0.0032352766633995493, 0.11534999903171005, 0.005577532270042713, 0.10306147050864006, 0.00935307845319163, 0.0034177330416999335, 0.008717659856474328, 0.00797399259752172, 0.006265064244531559, 0.008833304198524284, 0.00022739575227900762, 0.0013634465236934874, 0.0036756520863580593, 0.003356156300800902, 0.01534642700293074, 0.009819954069467044, 0.003110840970460055, 0.012240936347802996, 0.0, 0.013320817112057423, 0.0028748225774061866, 0.0034094616893367556, 0.027099388504334885, 0.010929591579259157, 0.00043109662821984817, 0.004778024516666755, 0.021948811463581706, 0.0009521672018926945, 0.0008206156450911711, 0.03442780163875788, 0.010145027248109579, 0.002690529181977779, 0.008273763389502191, 0.017200282887235924, 0.0021886480940613864, 0.006584444724423373, 0.009774207135072412, 0.0026586456183989526, 0.006056336433392003, 0.002663927993936774, 0.008085346407394603, 0.010530299704602885, 0.0019288521165461046, 0.007362058899355336, 0.005515020930131503]}, {'overall_acc': 0.8475677169707021, 'bal_acc': 0.7860859900507802, 'avg_odds_diff': 0.04862513692201716, 'disp_imp': 0.442790226364263, 'stat_par_diff': 0.15917016894430683, 'eq_opp_diff': 0.03720130250474041, 'theil_ind': 0.11151137061033493, 'TPR': 0.664066852367688, 'TNR': 0.9081051277338724, 'FPR': 0.09189487226612755, 'FNR': 0.33593314763231197, 'GTPR': 1.0, 'GTNR': 1.0, 'GFPR': 0.0, 'GFNR': 0.0, 'PPV': 0.7044917257683215, 'NPV': 0.8912337662337663, 'FDR': 0.29550827423167847, 'FOR': 0.10876623376623376, 'ACC': 0.8475677169707021, 'MCC': 0.583829970415883, 'f1_score': 0.6836822483510182, 'fitness': 0.5352048334938658, 'solution': {'corr_type': 'spearman', 'l2': 0.001, 'dropout': 0.08442953723632166, 'privileged_demotion': 0.22177444662462464, 'privileged_promotion': 0.18155898522347025, 'protected_demotion': 0.020748267270257525, 'protected_promotion': 0.30051735972491755}, 'corr': [0.08328567850059193, 0.001111046308196473, 1.0, 0.06519145220885113, 0.041081437424995974, 0.2620093610231739, 6.828531639252222e-05, 0.04488312683771957, 0.06152027583008096, 0.08489035501555554, 0.10412458229121761, 0.029068623716592842, 0.00246714369785769, 0.001203713338372324, 0.0056042125733153985, 0.006803700202040599, 0.009594516472667503, 0.017603489220481796, 0.018228995980900137, 0.01456416451058709, 0.025784272013045197, 0.012605194910038054, 0.02179906334861934, 0.03366558627631018, 0.016469294159551128, 0.00036205556729654916, 0.0016423387434043775, 0.04522361743234896, 0.059316843027272304, 0.23674643550173563, 0.018188293806793987, 0.43791487448505473, 0.04198283706059048, 0.17733114330569874, 0.10636105531769287, 0.17982708601444863, 0.28331344969482086, 0.009138645613559088, 0.2312641651796888, 0.029791710129796874, 0.09934492566960045, 0.09501820651618434, 0.031071837611008422, 0.16623846564218073, 0.09267341774053656, 0.0365861024341522, 0.0605783007602666, 0.017740131317865754, 0.022758889594143194, 0.13541062601606527, 0.5806801786652194, 0.17382098612018787, 0.04191597148740821, 0.10359130989695393, 0.32426774297726974, 0.3143461226011079, 0.012895971923139352, 0.0032352766633995493, 0.11534999903171005, 0.005577532270042713, 0.10306147050864006, 0.00935307845319163, 0.0034177330416999335, 0.008717659856474328, 0.00797399259752172, 0.006265064244531559, 0.008833304198524284, 0.00022739575227900762, 0.0013634465236934874, 0.0036756520863580593, 0.003356156300800902, 0.01534642700293074, 0.009819954069467044, 0.003110840970460055, 0.012240936347802996, 0.0, 0.013320817112057423, 0.0028748225774061866, 0.0034094616893367556, 0.027099388504334885, 0.010929591579259157, 0.00043109662821984817, 0.004778024516666755, 0.021948811463581706, 0.0009521672018926945, 0.0008206156450911711, 0.03442780163875788, 0.010145027248109579, 0.002690529181977779, 0.008273763389502191, 0.017200282887235924, 0.0021886480940613864, 0.006584444724423373, 0.009774207135072412, 0.0026586456183989526, 0.006056336433392003, 0.002663927993936774, 0.008085346407394603, 0.010530299704602885, 0.0019288521165461046, 0.007362058899355336, 0.005515020930131503]}, {'overall_acc': 0.8381702598120508, 'bal_acc': 0.7352261970522992, 'avg_odds_diff': 0.1196423633530529, 'disp_imp': 0.7209281981793805, 'stat_par_diff': 0.05438468924823958, 'eq_opp_diff': 0.22884670750230818, 'theil_ind': 0.1413744595940361, 'TPR': 0.5309192200557104, 'TNR': 0.939533174048888, 'FPR': 0.06046682595111193, 'FNR': 0.4690807799442897, 'GTPR': 1.0, 'GTNR': 1.0, 'GFPR': 0.0, 'GFNR': 0.0, 'PPV': 0.7433697347893916, 'NPV': 0.8585824655693651, 'FDR': 0.25663026521060844, 'FOR': 0.14141753443063487, 'ACC': 0.8381702598120508, 'MCC': 0.5321558547975471, 'f1_score': 0.6194345141371467, 'fitness': 0.41251349144449423, 'solution': {'corr_type': 'spearman', 'l2': 0.001, 'dropout': 0.08376515808189837, 'privileged_demotion': 0.4741979375756617, 'privileged_promotion': 0.1811616839009773, 'protected_demotion': 0.003232004500973774, 'protected_promotion': 0.3699665605465959}, 'corr': [0.08328567850059193, 0.001111046308196473, 1.0, 0.06519145220885113, 0.041081437424995974, 0.2620093610231739, 6.828531639252222e-05, 0.04488312683771957, 0.06152027583008096, 0.08489035501555554, 0.10412458229121761, 0.029068623716592842, 0.00246714369785769, 0.001203713338372324, 0.0056042125733153985, 0.006803700202040599, 0.009594516472667503, 0.017603489220481796, 0.018228995980900137, 0.01456416451058709, 0.025784272013045197, 0.012605194910038054, 0.02179906334861934, 0.03366558627631018, 0.016469294159551128, 0.00036205556729654916, 0.0016423387434043775, 0.04522361743234896, 0.059316843027272304, 0.23674643550173563, 0.018188293806793987, 0.43791487448505473, 0.04198283706059048, 0.17733114330569874, 0.10636105531769287, 0.17982708601444863, 0.28331344969482086, 0.009138645613559088, 0.2312641651796888, 0.029791710129796874, 0.09934492566960045, 0.09501820651618434, 0.031071837611008422, 0.16623846564218073, 0.09267341774053656, 0.0365861024341522, 0.0605783007602666, 0.017740131317865754, 0.022758889594143194, 0.13541062601606527, 0.5806801786652194, 0.17382098612018787, 0.04191597148740821, 0.10359130989695393, 0.32426774297726974, 0.3143461226011079, 0.012895971923139352, 0.0032352766633995493, 0.11534999903171005, 0.005577532270042713, 0.10306147050864006, 0.00935307845319163, 0.0034177330416999335, 0.008717659856474328, 0.00797399259752172, 0.006265064244531559, 0.008833304198524284, 0.00022739575227900762, 0.0013634465236934874, 0.0036756520863580593, 0.003356156300800902, 0.01534642700293074, 0.009819954069467044, 0.003110840970460055, 0.012240936347802996, 0.0, 0.013320817112057423, 0.0028748225774061866, 0.0034094616893367556, 0.027099388504334885, 0.010929591579259157, 0.00043109662821984817, 0.004778024516666755, 0.021948811463581706, 0.0009521672018926945, 0.0008206156450911711, 0.03442780163875788, 0.010145027248109579, 0.002690529181977779, 0.008273763389502191, 0.017200282887235924, 0.0021886480940613864, 0.006584444724423373, 0.009774207135072412, 0.0026586456183989526, 0.006056336433392003, 0.002663927993936774, 0.008085346407394603, 0.010530299704602885, 0.0019288521165461046, 0.007362058899355336, 0.005515020930131503]}, {'overall_acc': 0.849502487562189, 'bal_acc': 0.7718800155018202, 'avg_odds_diff': 0.04779937795399711, 'disp_imp': 0.40052903601009293, 'stat_par_diff': 0.1556413342981992, 'eq_opp_diff': 0.033463550715285506, 'theil_ind': 0.1202457890353706, 'TPR': 0.6178272980501393, 'TNR': 0.9259327329535012, 'FPR': 0.07406726704649881, 'FNR': 0.38217270194986075, 'GTPR': 1.0, 'GTNR': 1.0, 'GFPR': 0.0, 'GFNR': 0.0, 'PPV': 0.7334656084656085, 'NPV': 0.8801537386443047, 'FDR': 0.2665343915343915, 'FOR': 0.11984626135569532, 'ACC': 0.849502487562189, 'MCC': 0.5776345516058747, 'f1_score': 0.6706985182945268, 'fitness': 0.5298351736518776, 'solution': {'corr_type': 'spearman', 'l2': 0.001, 'dropout': 0.0778730236722338, 'privileged_demotion': 0.24064396109193686, 'privileged_promotion': 0.17724322157485245, 'protected_demotion': 0.15423724969759264, 'protected_promotion': 0.2656094164830733}, 'corr': [0.08328567850059193, 0.001111046308196473, 1.0, 0.06519145220885113, 0.041081437424995974, 0.2620093610231739, 6.828531639252222e-05, 0.04488312683771957, 0.06152027583008096, 0.08489035501555554, 0.10412458229121761, 0.029068623716592842, 0.00246714369785769, 0.001203713338372324, 0.0056042125733153985, 0.006803700202040599, 0.009594516472667503, 0.017603489220481796, 0.018228995980900137, 0.01456416451058709, 0.025784272013045197, 0.012605194910038054, 0.02179906334861934, 0.03366558627631018, 0.016469294159551128, 0.00036205556729654916, 0.0016423387434043775, 0.04522361743234896, 0.059316843027272304, 0.23674643550173563, 0.018188293806793987, 0.43791487448505473, 0.04198283706059048, 0.17733114330569874, 0.10636105531769287, 0.17982708601444863, 0.28331344969482086, 0.009138645613559088, 0.2312641651796888, 0.029791710129796874, 0.09934492566960045, 0.09501820651618434, 0.031071837611008422, 0.16623846564218073, 0.09267341774053656, 0.0365861024341522, 0.0605783007602666, 0.017740131317865754, 0.022758889594143194, 0.13541062601606527, 0.5806801786652194, 0.17382098612018787, 0.04191597148740821, 0.10359130989695393, 0.32426774297726974, 0.3143461226011079, 0.012895971923139352, 0.0032352766633995493, 0.11534999903171005, 0.005577532270042713, 0.10306147050864006, 0.00935307845319163, 0.0034177330416999335, 0.008717659856474328, 0.00797399259752172, 0.006265064244531559, 0.008833304198524284, 0.00022739575227900762, 0.0013634465236934874, 0.0036756520863580593, 0.003356156300800902, 0.01534642700293074, 0.009819954069467044, 0.003110840970460055, 0.012240936347802996, 0.0, 0.013320817112057423, 0.0028748225774061866, 0.0034094616893367556, 0.027099388504334885, 0.010929591579259157, 0.00043109662821984817, 0.004778024516666755, 0.021948811463581706, 0.0009521672018926945, 0.0008206156450911711, 0.03442780163875788, 0.010145027248109579, 0.002690529181977779, 0.008273763389502191, 0.017200282887235924, 0.0021886480940613864, 0.006584444724423373, 0.009774207135072412, 0.0026586456183989526, 0.006056336433392003, 0.002663927993936774, 0.008085346407394603, 0.010530299704602885, 0.0019288521165461046, 0.007362058899355336, 0.005515020930131503]}, {'overall_acc': 0.4451354339414041, 'bal_acc': 0.45035844119675283, 'avg_odds_diff': 0.5135494324513806, 'disp_imp': 0.16510420511306317, 'stat_par_diff': 0.6138537114865429, 'eq_opp_diff': 0.20862661199853072, 'theil_ind': 0.20090889931764047, 'TPR': 0.46072423398328693, 'TNR': 0.43999264841021873, 'FPR': 0.5600073515897813, 'FNR': 0.5392757660167131, 'GTPR': 1.0, 'GTNR': 1.0, 'GFPR': 0.0, 'GFNR': 0.0, 'PPV': 0.21347444501806917, 'NPV': 0.7120761451516954, 'FDR': 0.7865255549819308, 'FOR': 0.2879238548483046, 'ACC': 0.4451354339414041, 'MCC': -0.08597423748954888, 'f1_score': 0.2917622155582995, 'fitness': -0.5995236699409295, 'solution': {'corr_type': 'spearman', 'l2': 0.001, 'dropout': 0.08416900812123985, 'privileged_demotion': 0.505213741161188, 'privileged_promotion': 0.5531197977775995, 'protected_demotion': 0.012020504442202512, 'protected_promotion': 0.2654852619934992}, 'corr': [0.08328567850059193, 0.001111046308196473, 1.0, 0.06519145220885113, 0.041081437424995974, 0.2620093610231739, 6.828531639252222e-05, 0.04488312683771957, 0.06152027583008096, 0.08489035501555554, 0.10412458229121761, 0.029068623716592842, 0.00246714369785769, 0.001203713338372324, 0.0056042125733153985, 0.006803700202040599, 0.009594516472667503, 0.017603489220481796, 0.018228995980900137, 0.01456416451058709, 0.025784272013045197, 0.012605194910038054, 0.02179906334861934, 0.03366558627631018, 0.016469294159551128, 0.00036205556729654916, 0.0016423387434043775, 0.04522361743234896, 0.059316843027272304, 0.23674643550173563, 0.018188293806793987, 0.43791487448505473, 0.04198283706059048, 0.17733114330569874, 0.10636105531769287, 0.17982708601444863, 0.28331344969482086, 0.009138645613559088, 0.2312641651796888, 0.029791710129796874, 0.09934492566960045, 0.09501820651618434, 0.031071837611008422, 0.16623846564218073, 0.09267341774053656, 0.0365861024341522, 0.0605783007602666, 0.017740131317865754, 0.022758889594143194, 0.13541062601606527, 0.5806801786652194, 0.17382098612018787, 0.04191597148740821, 0.10359130989695393, 0.32426774297726974, 0.3143461226011079, 0.012895971923139352, 0.0032352766633995493, 0.11534999903171005, 0.005577532270042713, 0.10306147050864006, 0.00935307845319163, 0.0034177330416999335, 0.008717659856474328, 0.00797399259752172, 0.006265064244531559, 0.008833304198524284, 0.00022739575227900762, 0.0013634465236934874, 0.0036756520863580593, 0.003356156300800902, 0.01534642700293074, 0.009819954069467044, 0.003110840970460055, 0.012240936347802996, 0.0, 0.013320817112057423, 0.0028748225774061866, 0.0034094616893367556, 0.027099388504334885, 0.010929591579259157, 0.00043109662821984817, 0.004778024516666755, 0.021948811463581706, 0.0009521672018926945, 0.0008206156450911711, 0.03442780163875788, 0.010145027248109579, 0.002690529181977779, 0.008273763389502191, 0.017200282887235924, 0.0021886480940613864, 0.006584444724423373, 0.009774207135072412, 0.0026586456183989526, 0.006056336433392003, 0.002663927993936774, 0.008085346407394603, 0.010530299704602885, 0.0019288521165461046, 0.007362058899355336, 0.005515020930131503]}, {'overall_acc': 0.8395522388059702, 'bal_acc': 0.7279322527451993, 'avg_odds_diff': 0.09733050782399558, 'disp_imp': 0.6118741478528679, 'stat_par_diff': 0.07269406329149156, 'eq_opp_diff': 0.18628696800325628, 'theil_ind': 0.14576248989592816, 'TPR': 0.5064066852367688, 'TNR': 0.9494578202536299, 'FPR': 0.05054217974637015, 'FNR': 0.4935933147632312, 'GTPR': 1.0, 'GTNR': 1.0, 'GFPR': 0.0, 'GFNR': 0.0, 'PPV': 0.7677364864864865, 'NPV': 0.8536021150033047, 'FDR': 0.23226351351351351, 'FOR': 0.14639788499669532, 'ACC': 0.8395522388059702, 'MCC': 0.5322088070581317, 'f1_score': 0.6102719033232629, 'fitness': 0.4348782992341361, 'solution': {'corr_type': 'spearman', 'l2': 0.001, 'dropout': 0.08676631452934588, 'privileged_demotion': 0.525570084469677, 'privileged_promotion': 0.1815963745549808, 'protected_demotion': 0.1754199025213657, 'protected_promotion': 0.4183388170139474}, 'corr': [0.08328567850059193, 0.001111046308196473, 1.0, 0.06519145220885113, 0.041081437424995974, 0.2620093610231739, 6.828531639252222e-05, 0.04488312683771957, 0.06152027583008096, 0.08489035501555554, 0.10412458229121761, 0.029068623716592842, 0.00246714369785769, 0.001203713338372324, 0.0056042125733153985, 0.006803700202040599, 0.009594516472667503, 0.017603489220481796, 0.018228995980900137, 0.01456416451058709, 0.025784272013045197, 0.012605194910038054, 0.02179906334861934, 0.03366558627631018, 0.016469294159551128, 0.00036205556729654916, 0.0016423387434043775, 0.04522361743234896, 0.059316843027272304, 0.23674643550173563, 0.018188293806793987, 0.43791487448505473, 0.04198283706059048, 0.17733114330569874, 0.10636105531769287, 0.17982708601444863, 0.28331344969482086, 0.009138645613559088, 0.2312641651796888, 0.029791710129796874, 0.09934492566960045, 0.09501820651618434, 0.031071837611008422, 0.16623846564218073, 0.09267341774053656, 0.0365861024341522, 0.0605783007602666, 0.017740131317865754, 0.022758889594143194, 0.13541062601606527, 0.5806801786652194, 0.17382098612018787, 0.04191597148740821, 0.10359130989695393, 0.32426774297726974, 0.3143461226011079, 0.012895971923139352, 0.0032352766633995493, 0.11534999903171005, 0.005577532270042713, 0.10306147050864006, 0.00935307845319163, 0.0034177330416999335, 0.008717659856474328, 0.00797399259752172, 0.006265064244531559, 0.008833304198524284, 0.00022739575227900762, 0.0013634465236934874, 0.0036756520863580593, 0.003356156300800902, 0.01534642700293074, 0.009819954069467044, 0.003110840970460055, 0.012240936347802996, 0.0, 0.013320817112057423, 0.0028748225774061866, 0.0034094616893367556, 0.027099388504334885, 0.010929591579259157, 0.00043109662821984817, 0.004778024516666755, 0.021948811463581706, 0.0009521672018926945, 0.0008206156450911711, 0.03442780163875788, 0.010145027248109579, 0.002690529181977779, 0.008273763389502191, 0.017200282887235924, 0.0021886480940613864, 0.006584444724423373, 0.009774207135072412, 0.0026586456183989526, 0.006056336433392003, 0.002663927993936774, 0.008085346407394603, 0.010530299704602885, 0.0019288521165461046, 0.007362058899355336, 0.005515020930131503]}, {'overall_acc': 0.8373410724156993, 'bal_acc': 0.7385946176738156, 'avg_odds_diff': 0.12310164723736514, 'disp_imp': 0.7368871028315586, 'stat_par_diff': 0.05289216232013136, 'eq_opp_diff': 0.23295922723346807, 'theil_ind': 0.1393072116245308, 'TPR': 0.5426183844011142, 'TNR': 0.9345708509465172, 'FPR': 0.06542914905348282, 'FNR': 0.4573816155988858, 'GTPR': 1.0, 'GTNR': 1.0, 'GFPR': 0.0, 'GFNR': 0.0, 'PPV': 0.7323308270676692, 'NPV': 0.8609888249238064, 'FDR': 0.26766917293233083, 'FOR': 0.1390111750761937, 'ACC': 0.8373410724156993, 'MCC': 0.5320956220929984, 'f1_score': 0.62336, 'fitness': 0.40899397485563327, 'solution': {'corr_type': 'spearman', 'l2': 0.001, 'dropout': 0.08676698805981613, 'privileged_demotion': 0.4963007111000494, 'privileged_promotion': 0.22783646441538946, 'protected_demotion': 0.013558660893145058, 'protected_promotion': 0.39006558673735314}, 'corr': [0.08328567850059193, 0.001111046308196473, 1.0, 0.06519145220885113, 0.041081437424995974, 0.2620093610231739, 6.828531639252222e-05, 0.04488312683771957, 0.06152027583008096, 0.08489035501555554, 0.10412458229121761, 0.029068623716592842, 0.00246714369785769, 0.001203713338372324, 0.0056042125733153985, 0.006803700202040599, 0.009594516472667503, 0.017603489220481796, 0.018228995980900137, 0.01456416451058709, 0.025784272013045197, 0.012605194910038054, 0.02179906334861934, 0.03366558627631018, 0.016469294159551128, 0.00036205556729654916, 0.0016423387434043775, 0.04522361743234896, 0.059316843027272304, 0.23674643550173563, 0.018188293806793987, 0.43791487448505473, 0.04198283706059048, 0.17733114330569874, 0.10636105531769287, 0.17982708601444863, 0.28331344969482086, 0.009138645613559088, 0.2312641651796888, 0.029791710129796874, 0.09934492566960045, 0.09501820651618434, 0.031071837611008422, 0.16623846564218073, 0.09267341774053656, 0.0365861024341522, 0.0605783007602666, 0.017740131317865754, 0.022758889594143194, 0.13541062601606527, 0.5806801786652194, 0.17382098612018787, 0.04191597148740821, 0.10359130989695393, 0.32426774297726974, 0.3143461226011079, 0.012895971923139352, 0.0032352766633995493, 0.11534999903171005, 0.005577532270042713, 0.10306147050864006, 0.00935307845319163, 0.0034177330416999335, 0.008717659856474328, 0.00797399259752172, 0.006265064244531559, 0.008833304198524284, 0.00022739575227900762, 0.0013634465236934874, 0.0036756520863580593, 0.003356156300800902, 0.01534642700293074, 0.009819954069467044, 0.003110840970460055, 0.012240936347802996, 0.0, 0.013320817112057423, 0.0028748225774061866, 0.0034094616893367556, 0.027099388504334885, 0.010929591579259157, 0.00043109662821984817, 0.004778024516666755, 0.021948811463581706, 0.0009521672018926945, 0.0008206156450911711, 0.03442780163875788, 0.010145027248109579, 0.002690529181977779, 0.008273763389502191, 0.017200282887235924, 0.0021886480940613864, 0.006584444724423373, 0.009774207135072412, 0.0026586456183989526, 0.006056336433392003, 0.002663927993936774, 0.008085346407394603, 0.010530299704602885, 0.0019288521165461046, 0.007362058899355336, 0.005515020930131503]}, {'overall_acc': 0.8454947484798231, 'bal_acc': 0.7959069665528262, 'avg_odds_diff': 0.06605419507548822, 'disp_imp': 0.35140616814018855, 'stat_par_diff': 0.20760318962398064, 'eq_opp_diff': 0.02869332565596805, 'theil_ind': 0.10526260379658367, 'TPR': 0.6974930362116991, 'TNR': 0.8943208968939533, 'FPR': 0.10567910310604668, 'FNR': 0.30250696378830083, 'GTPR': 1.0, 'GTNR': 1.0, 'GFPR': 0.0, 'GFNR': 0.0, 'PPV': 0.6852764094143404, 'NPV': 0.8996117581808097, 'FDR': 0.3147235905856596, 'FOR': 0.10038824181919023, 'ACC': 0.8454947484798231, 'MCC': 0.5883408594441183, 'f1_score': 0.691330756488128, 'fitness': 0.52228666436863, 'solution': {'corr_type': 'spearman', 'l2': 0.001, 'dropout': 0.06112627795528072, 'privileged_demotion': 0.15957039697244257, 'privileged_promotion': 0.27457236285001657, 'protected_demotion': 0.20107729381153963, 'protected_promotion': 0.4450523382468376}, 'corr': [0.08328567850059193, 0.001111046308196473, 1.0, 0.06519145220885113, 0.041081437424995974, 0.2620093610231739, 6.828531639252222e-05, 0.04488312683771957, 0.06152027583008096, 0.08489035501555554, 0.10412458229121761, 0.029068623716592842, 0.00246714369785769, 0.001203713338372324, 0.0056042125733153985, 0.006803700202040599, 0.009594516472667503, 0.017603489220481796, 0.018228995980900137, 0.01456416451058709, 0.025784272013045197, 0.012605194910038054, 0.02179906334861934, 0.03366558627631018, 0.016469294159551128, 0.00036205556729654916, 0.0016423387434043775, 0.04522361743234896, 0.059316843027272304, 0.23674643550173563, 0.018188293806793987, 0.43791487448505473, 0.04198283706059048, 0.17733114330569874, 0.10636105531769287, 0.17982708601444863, 0.28331344969482086, 0.009138645613559088, 0.2312641651796888, 0.029791710129796874, 0.09934492566960045, 0.09501820651618434, 0.031071837611008422, 0.16623846564218073, 0.09267341774053656, 0.0365861024341522, 0.0605783007602666, 0.017740131317865754, 0.022758889594143194, 0.13541062601606527, 0.5806801786652194, 0.17382098612018787, 0.04191597148740821, 0.10359130989695393, 0.32426774297726974, 0.3143461226011079, 0.012895971923139352, 0.0032352766633995493, 0.11534999903171005, 0.005577532270042713, 0.10306147050864006, 0.00935307845319163, 0.0034177330416999335, 0.008717659856474328, 0.00797399259752172, 0.006265064244531559, 0.008833304198524284, 0.00022739575227900762, 0.0013634465236934874, 0.0036756520863580593, 0.003356156300800902, 0.01534642700293074, 0.009819954069467044, 0.003110840970460055, 0.012240936347802996, 0.0, 0.013320817112057423, 0.0028748225774061866, 0.0034094616893367556, 0.027099388504334885, 0.010929591579259157, 0.00043109662821984817, 0.004778024516666755, 0.021948811463581706, 0.0009521672018926945, 0.0008206156450911711, 0.03442780163875788, 0.010145027248109579, 0.002690529181977779, 0.008273763389502191, 0.017200282887235924, 0.0021886480940613864, 0.006584444724423373, 0.009774207135072412, 0.0026586456183989526, 0.006056336433392003, 0.002663927993936774, 0.008085346407394603, 0.010530299704602885, 0.0019288521165461046, 0.007362058899355336, 0.005515020930131503]}, {'overall_acc': 0.8460475400773908, 'bal_acc': 0.7916081295477083, 'avg_odds_diff': 0.06654081651393846, 'disp_imp': 0.3559417700809173, 'stat_par_diff': 0.19968444710401068, 'eq_opp_diff': 0.03910492509604979, 'theil_ind': 0.1079682898994227, 'TPR': 0.6835654596100279, 'TNR': 0.8996507994853887, 'FPR': 0.10034920051461128, 'FNR': 0.31643454038997215, 'GTPR': 1.0, 'GTNR': 1.0, 'GFPR': 0.0, 'GFNR': 0.0, 'PPV': 0.6920473773265652, 'NPV': 0.8960278235401794, 'FDR': 0.3079526226734349, 'FOR': 0.10397217645982061, 'ACC': 0.8460475400773908, 'MCC': 0.5856406907962326, 'f1_score': 0.687780269058296, 'fitness': 0.5190998742822941, 'solution': {'corr_type': 'spearman', 'l2': 0.001, 'dropout': 0.07405938351034817, 'privileged_demotion': 0.16364103890878962, 'privileged_promotion': 0.2630472495428564, 'protected_demotion': 0.17179374524869692, 'protected_promotion': 0.44266338799364147}, 'corr': [0.08328567850059193, 0.001111046308196473, 1.0, 0.06519145220885113, 0.041081437424995974, 0.2620093610231739, 6.828531639252222e-05, 0.04488312683771957, 0.06152027583008096, 0.08489035501555554, 0.10412458229121761, 0.029068623716592842, 0.00246714369785769, 0.001203713338372324, 0.0056042125733153985, 0.006803700202040599, 0.009594516472667503, 0.017603489220481796, 0.018228995980900137, 0.01456416451058709, 0.025784272013045197, 0.012605194910038054, 0.02179906334861934, 0.03366558627631018, 0.016469294159551128, 0.00036205556729654916, 0.0016423387434043775, 0.04522361743234896, 0.059316843027272304, 0.23674643550173563, 0.018188293806793987, 0.43791487448505473, 0.04198283706059048, 0.17733114330569874, 0.10636105531769287, 0.17982708601444863, 0.28331344969482086, 0.009138645613559088, 0.2312641651796888, 0.029791710129796874, 0.09934492566960045, 0.09501820651618434, 0.031071837611008422, 0.16623846564218073, 0.09267341774053656, 0.0365861024341522, 0.0605783007602666, 0.017740131317865754, 0.022758889594143194, 0.13541062601606527, 0.5806801786652194, 0.17382098612018787, 0.04191597148740821, 0.10359130989695393, 0.32426774297726974, 0.3143461226011079, 0.012895971923139352, 0.0032352766633995493, 0.11534999903171005, 0.005577532270042713, 0.10306147050864006, 0.00935307845319163, 0.0034177330416999335, 0.008717659856474328, 0.00797399259752172, 0.006265064244531559, 0.008833304198524284, 0.00022739575227900762, 0.0013634465236934874, 0.0036756520863580593, 0.003356156300800902, 0.01534642700293074, 0.009819954069467044, 0.003110840970460055, 0.012240936347802996, 0.0, 0.013320817112057423, 0.0028748225774061866, 0.0034094616893367556, 0.027099388504334885, 0.010929591579259157, 0.00043109662821984817, 0.004778024516666755, 0.021948811463581706, 0.0009521672018926945, 0.0008206156450911711, 0.03442780163875788, 0.010145027248109579, 0.002690529181977779, 0.008273763389502191, 0.017200282887235924, 0.0021886480940613864, 0.006584444724423373, 0.009774207135072412, 0.0026586456183989526, 0.006056336433392003, 0.002663927993936774, 0.008085346407394603, 0.010530299704602885, 0.0019288521165461046, 0.007362058899355336, 0.005515020930131503]}, {'overall_acc': 0.8472913211719182, 'bal_acc': 0.7636900577939394, 'avg_odds_diff': 0.04609888388248104, 'disp_imp': 0.41905060992963483, 'stat_par_diff': 0.14416592446213367, 'eq_opp_diff': 0.039142153699530335, 'theil_ind': 0.12496488654321267, 'TPR': 0.5977715877437326, 'TNR': 0.9296085278441463, 'FPR': 0.0703914721558537, 'FNR': 0.40222841225626743, 'GTPR': 1.0, 'GTNR': 1.0, 'GFPR': 0.0, 'GFNR': 0.0, 'PPV': 0.7369505494505495, 'NPV': 0.8750865051903114, 'FDR': 0.26304945054945056, 'FOR': 0.12491349480968858, 'ACC': 0.8472913211719182, 'MCC': 0.5681339389796759, 'f1_score': 0.6601045832051676, 'fitness': 0.5220350550971948, 'solution': {'corr_type': 'spearman', 'l2': 0.001, 'dropout': 0.07922753062886712, 'privileged_demotion': 0.3322634882788289, 'privileged_promotion': 0.2747439769205833, 'protected_demotion': 0.15290001787418975, 'protected_promotion': 0.23134227989898573}, 'corr': [0.08328567850059193, 0.001111046308196473, 1.0, 0.06519145220885113, 0.041081437424995974, 0.2620093610231739, 6.828531639252222e-05, 0.04488312683771957, 0.06152027583008096, 0.08489035501555554, 0.10412458229121761, 0.029068623716592842, 0.00246714369785769, 0.001203713338372324, 0.0056042125733153985, 0.006803700202040599, 0.009594516472667503, 0.017603489220481796, 0.018228995980900137, 0.01456416451058709, 0.025784272013045197, 0.012605194910038054, 0.02179906334861934, 0.03366558627631018, 0.016469294159551128, 0.00036205556729654916, 0.0016423387434043775, 0.04522361743234896, 0.059316843027272304, 0.23674643550173563, 0.018188293806793987, 0.43791487448505473, 0.04198283706059048, 0.17733114330569874, 0.10636105531769287, 0.17982708601444863, 0.28331344969482086, 0.009138645613559088, 0.2312641651796888, 0.029791710129796874, 0.09934492566960045, 0.09501820651618434, 0.031071837611008422, 0.16623846564218073, 0.09267341774053656, 0.0365861024341522, 0.0605783007602666, 0.017740131317865754, 0.022758889594143194, 0.13541062601606527, 0.5806801786652194, 0.17382098612018787, 0.04191597148740821, 0.10359130989695393, 0.32426774297726974, 0.3143461226011079, 0.012895971923139352, 0.0032352766633995493, 0.11534999903171005, 0.005577532270042713, 0.10306147050864006, 0.00935307845319163, 0.0034177330416999335, 0.008717659856474328, 0.00797399259752172, 0.006265064244531559, 0.008833304198524284, 0.00022739575227900762, 0.0013634465236934874, 0.0036756520863580593, 0.003356156300800902, 0.01534642700293074, 0.009819954069467044, 0.003110840970460055, 0.012240936347802996, 0.0, 0.013320817112057423, 0.0028748225774061866, 0.0034094616893367556, 0.027099388504334885, 0.010929591579259157, 0.00043109662821984817, 0.004778024516666755, 0.021948811463581706, 0.0009521672018926945, 0.0008206156450911711, 0.03442780163875788, 0.010145027248109579, 0.002690529181977779, 0.008273763389502191, 0.017200282887235924, 0.0021886480940613864, 0.006584444724423373, 0.009774207135072412, 0.0026586456183989526, 0.006056336433392003, 0.002663927993936774, 0.008085346407394603, 0.010530299704602885, 0.0019288521165461046, 0.007362058899355336, 0.005515020930131503]}, {'overall_acc': 0.8459093421779988, 'bal_acc': 0.7928228312938133, 'avg_odds_diff': 0.0757417762966771, 'disp_imp': 0.33668844286562705, 'stat_par_diff': 0.2090518800968577, 'eq_opp_diff': 0.04812913857975365, 'theil_ind': 0.10720759290628704, 'TPR': 0.6874651810584959, 'TNR': 0.8981804815291307, 'FPR': 0.10181951847086933, 'FNR': 0.3125348189415042, 'GTPR': 1.0, 'GTNR': 1.0, 'GFPR': 0.0, 'GFNR': 0.0, 'PPV': 0.6901565995525727, 'NPV': 0.8970264317180616, 'FDR': 0.3098434004474273, 'FOR': 0.10297356828193832, 'ACC': 0.8459093421779988, 'MCC': 0.5864138431250593, 'f1_score': 0.6888082612336031, 'fitness': 0.5106720668283822, 'solution': {'corr_type': 'spearman', 'l2': 0.001, 'dropout': 0.06195156702054304, 'privileged_demotion': 0.14461681994005599, 'privileged_promotion': 0.2595557622222174, 'protected_demotion': 0.20526799104356078, 'protected_promotion': 0.46817570690004595}, 'corr': [0.08328567850059193, 0.001111046308196473, 1.0, 0.06519145220885113, 0.041081437424995974, 0.2620093610231739, 6.828531639252222e-05, 0.04488312683771957, 0.06152027583008096, 0.08489035501555554, 0.10412458229121761, 0.029068623716592842, 0.00246714369785769, 0.001203713338372324, 0.0056042125733153985, 0.006803700202040599, 0.009594516472667503, 0.017603489220481796, 0.018228995980900137, 0.01456416451058709, 0.025784272013045197, 0.012605194910038054, 0.02179906334861934, 0.03366558627631018, 0.016469294159551128, 0.00036205556729654916, 0.0016423387434043775, 0.04522361743234896, 0.059316843027272304, 0.23674643550173563, 0.018188293806793987, 0.43791487448505473, 0.04198283706059048, 0.17733114330569874, 0.10636105531769287, 0.17982708601444863, 0.28331344969482086, 0.009138645613559088, 0.2312641651796888, 0.029791710129796874, 0.09934492566960045, 0.09501820651618434, 0.031071837611008422, 0.16623846564218073, 0.09267341774053656, 0.0365861024341522, 0.0605783007602666, 0.017740131317865754, 0.022758889594143194, 0.13541062601606527, 0.5806801786652194, 0.17382098612018787, 0.04191597148740821, 0.10359130989695393, 0.32426774297726974, 0.3143461226011079, 0.012895971923139352, 0.0032352766633995493, 0.11534999903171005, 0.005577532270042713, 0.10306147050864006, 0.00935307845319163, 0.0034177330416999335, 0.008717659856474328, 0.00797399259752172, 0.006265064244531559, 0.008833304198524284, 0.00022739575227900762, 0.0013634465236934874, 0.0036756520863580593, 0.003356156300800902, 0.01534642700293074, 0.009819954069467044, 0.003110840970460055, 0.012240936347802996, 0.0, 0.013320817112057423, 0.0028748225774061866, 0.0034094616893367556, 0.027099388504334885, 0.010929591579259157, 0.00043109662821984817, 0.004778024516666755, 0.021948811463581706, 0.0009521672018926945, 0.0008206156450911711, 0.03442780163875788, 0.010145027248109579, 0.002690529181977779, 0.008273763389502191, 0.017200282887235924, 0.0021886480940613864, 0.006584444724423373, 0.009774207135072412, 0.0026586456183989526, 0.006056336433392003, 0.002663927993936774, 0.008085346407394603, 0.010530299704602885, 0.0019288521165461046, 0.007362058899355336, 0.005515020930131503]}, {'overall_acc': 0.8460475400773908, 'bal_acc': 0.7973944860004946, 'avg_odds_diff': 0.08457825919578131, 'disp_imp': 0.3434632817235942, 'stat_par_diff': 0.21175999888669317, 'eq_opp_diff': 0.0682499578075827, 'theil_ind': 0.10442296470649896, 'TPR': 0.7008356545961003, 'TNR': 0.8939533174048888, 'FPR': 0.1060466825951112, 'FNR': 0.29916434540389975, 'GTPR': 1.0, 'GTNR': 1.0, 'GFPR': 0.0, 'GFNR': 0.0, 'PPV': 0.685558583106267, 'NPV': 0.9005739677837438, 'FDR': 0.31444141689373295, 'FOR': 0.09942603221625625, 'ACC': 0.8460475400773908, 'MCC': 0.5904448978526168, 'f1_score': 0.6931129476584023, 'fitness': 0.5058666386568355, 'solution': {'corr_type': 'spearman', 'l2': 0.001, 'dropout': 0.05863863516582017, 'privileged_demotion': 0.00238789350377816, 'privileged_promotion': 0.10979377779953306, 'protected_demotion': 0.20712679674023537, 'protected_promotion': 0.47745651762411606}, 'corr': [0.08328567850059193, 0.001111046308196473, 1.0, 0.06519145220885113, 0.041081437424995974, 0.2620093610231739, 6.828531639252222e-05, 0.04488312683771957, 0.06152027583008096, 0.08489035501555554, 0.10412458229121761, 0.029068623716592842, 0.00246714369785769, 0.001203713338372324, 0.0056042125733153985, 0.006803700202040599, 0.009594516472667503, 0.017603489220481796, 0.018228995980900137, 0.01456416451058709, 0.025784272013045197, 0.012605194910038054, 0.02179906334861934, 0.03366558627631018, 0.016469294159551128, 0.00036205556729654916, 0.0016423387434043775, 0.04522361743234896, 0.059316843027272304, 0.23674643550173563, 0.018188293806793987, 0.43791487448505473, 0.04198283706059048, 0.17733114330569874, 0.10636105531769287, 0.17982708601444863, 0.28331344969482086, 0.009138645613559088, 0.2312641651796888, 0.029791710129796874, 0.09934492566960045, 0.09501820651618434, 0.031071837611008422, 0.16623846564218073, 0.09267341774053656, 0.0365861024341522, 0.0605783007602666, 0.017740131317865754, 0.022758889594143194, 0.13541062601606527, 0.5806801786652194, 0.17382098612018787, 0.04191597148740821, 0.10359130989695393, 0.32426774297726974, 0.3143461226011079, 0.012895971923139352, 0.0032352766633995493, 0.11534999903171005, 0.005577532270042713, 0.10306147050864006, 0.00935307845319163, 0.0034177330416999335, 0.008717659856474328, 0.00797399259752172, 0.006265064244531559, 0.008833304198524284, 0.00022739575227900762, 0.0013634465236934874, 0.0036756520863580593, 0.003356156300800902, 0.01534642700293074, 0.009819954069467044, 0.003110840970460055, 0.012240936347802996, 0.0, 0.013320817112057423, 0.0028748225774061866, 0.0034094616893367556, 0.027099388504334885, 0.010929591579259157, 0.00043109662821984817, 0.004778024516666755, 0.021948811463581706, 0.0009521672018926945, 0.0008206156450911711, 0.03442780163875788, 0.010145027248109579, 0.002690529181977779, 0.008273763389502191, 0.017200282887235924, 0.0021886480940613864, 0.006584444724423373, 0.009774207135072412, 0.0026586456183989526, 0.006056336433392003, 0.002663927993936774, 0.008085346407394603, 0.010530299704602885, 0.0019288521165461046, 0.007362058899355336, 0.005515020930131503]}, {'overall_acc': 0.8501934770591487, 'bal_acc': 0.7889519325824405, 'avg_odds_diff': 0.05611207159861541, 'disp_imp': 0.36765342720431293, 'stat_par_diff': 0.18542785771939102, 'eq_opp_diff': 0.03354048982914548, 'theil_ind': 0.11005963897772125, 'TPR': 0.6674094707520891, 'TNR': 0.9104943944127918, 'FPR': 0.08950560558720823, 'FNR': 0.3325905292479109, 'GTPR': 1.0, 'GTNR': 1.0, 'GFPR': 0.0, 'GFNR': 0.0, 'PPV': 0.7109792284866469, 'NPV': 0.8924518104845973, 'FDR': 0.2890207715133531, 'FOR': 0.10754818951540263, 'ACC': 0.8501934770591487, 'MCC': 0.59052953336979, 'f1_score': 0.6885057471264368, 'fitness': 0.5344174617711746, 'solution': {'corr_type': 'spearman', 'l2': 0.001, 'dropout': 0.06528822411651289, 'privileged_demotion': 0.32573168407700603, 'privileged_promotion': 0.3189841778013854, 'protected_demotion': 0.09030063578608306, 'protected_promotion': 0.2180018921209828}, 'corr': [0.08328567850059193, 0.001111046308196473, 1.0, 0.06519145220885113, 0.041081437424995974, 0.2620093610231739, 6.828531639252222e-05, 0.04488312683771957, 0.06152027583008096, 0.08489035501555554, 0.10412458229121761, 0.029068623716592842, 0.00246714369785769, 0.001203713338372324, 0.0056042125733153985, 0.006803700202040599, 0.009594516472667503, 0.017603489220481796, 0.018228995980900137, 0.01456416451058709, 0.025784272013045197, 0.012605194910038054, 0.02179906334861934, 0.03366558627631018, 0.016469294159551128, 0.00036205556729654916, 0.0016423387434043775, 0.04522361743234896, 0.059316843027272304, 0.23674643550173563, 0.018188293806793987, 0.43791487448505473, 0.04198283706059048, 0.17733114330569874, 0.10636105531769287, 0.17982708601444863, 0.28331344969482086, 0.009138645613559088, 0.2312641651796888, 0.029791710129796874, 0.09934492566960045, 0.09501820651618434, 0.031071837611008422, 0.16623846564218073, 0.09267341774053656, 0.0365861024341522, 0.0605783007602666, 0.017740131317865754, 0.022758889594143194, 0.13541062601606527, 0.5806801786652194, 0.17382098612018787, 0.04191597148740821, 0.10359130989695393, 0.32426774297726974, 0.3143461226011079, 0.012895971923139352, 0.0032352766633995493, 0.11534999903171005, 0.005577532270042713, 0.10306147050864006, 0.00935307845319163, 0.0034177330416999335, 0.008717659856474328, 0.00797399259752172, 0.006265064244531559, 0.008833304198524284, 0.00022739575227900762, 0.0013634465236934874, 0.0036756520863580593, 0.003356156300800902, 0.01534642700293074, 0.009819954069467044, 0.003110840970460055, 0.012240936347802996, 0.0, 0.013320817112057423, 0.0028748225774061866, 0.0034094616893367556, 0.027099388504334885, 0.010929591579259157, 0.00043109662821984817, 0.004778024516666755, 0.021948811463581706, 0.0009521672018926945, 0.0008206156450911711, 0.03442780163875788, 0.010145027248109579, 0.002690529181977779, 0.008273763389502191, 0.017200282887235924, 0.0021886480940613864, 0.006584444724423373, 0.009774207135072412, 0.0026586456183989526, 0.006056336433392003, 0.002663927993936774, 0.008085346407394603, 0.010530299704602885, 0.0019288521165461046, 0.007362058899355336, 0.005515020930131503]}, {'overall_acc': 0.8488114980652294, 'bal_acc': 0.7910194904160559, 'avg_odds_diff': 0.05086478727202542, 'disp_imp': 0.3872134609886872, 'stat_par_diff': 0.18270582259456153, 'eq_opp_diff': 0.01838596630563194, 'theil_ind': 0.10865631809570177, 'TPR': 0.6763231197771588, 'TNR': 0.9057158610549532, 'FPR': 0.09428413894504686, 'FNR': 0.32367688022284125, 'GTPR': 1.0, 'GTNR': 1.0, 'GFPR': 0.0, 'GFNR': 0.0, 'PPV': 0.7029530978575564, 'NPV': 0.8945362134688691, 'FDR': 0.29704690214244356, 'FOR': 0.10546378653113088, 'ACC': 0.8488114980652294, 'MCC': 0.5897135489561971, 'f1_score': 0.6893810335036912, 'fitness': 0.5388487616841717, 'solution': {'corr_type': 'spearman', 'l2': 0.001, 'dropout': 0.056893003896073865, 'privileged_demotion': 0.012003934219696893, 'privileged_promotion': 0.10970971847417792, 'protected_demotion': 0.09486386235415116, 'protected_promotion': 0.5166924382290748}, 'corr': [0.08328567850059193, 0.001111046308196473, 1.0, 0.06519145220885113, 0.041081437424995974, 0.2620093610231739, 6.828531639252222e-05, 0.04488312683771957, 0.06152027583008096, 0.08489035501555554, 0.10412458229121761, 0.029068623716592842, 0.00246714369785769, 0.001203713338372324, 0.0056042125733153985, 0.006803700202040599, 0.009594516472667503, 0.017603489220481796, 0.018228995980900137, 0.01456416451058709, 0.025784272013045197, 0.012605194910038054, 0.02179906334861934, 0.03366558627631018, 0.016469294159551128, 0.00036205556729654916, 0.0016423387434043775, 0.04522361743234896, 0.059316843027272304, 0.23674643550173563, 0.018188293806793987, 0.43791487448505473, 0.04198283706059048, 0.17733114330569874, 0.10636105531769287, 0.17982708601444863, 0.28331344969482086, 0.009138645613559088, 0.2312641651796888, 0.029791710129796874, 0.09934492566960045, 0.09501820651618434, 0.031071837611008422, 0.16623846564218073, 0.09267341774053656, 0.0365861024341522, 0.0605783007602666, 0.017740131317865754, 0.022758889594143194, 0.13541062601606527, 0.5806801786652194, 0.17382098612018787, 0.04191597148740821, 0.10359130989695393, 0.32426774297726974, 0.3143461226011079, 0.012895971923139352, 0.0032352766633995493, 0.11534999903171005, 0.005577532270042713, 0.10306147050864006, 0.00935307845319163, 0.0034177330416999335, 0.008717659856474328, 0.00797399259752172, 0.006265064244531559, 0.008833304198524284, 0.00022739575227900762, 0.0013634465236934874, 0.0036756520863580593, 0.003356156300800902, 0.01534642700293074, 0.009819954069467044, 0.003110840970460055, 0.012240936347802996, 0.0, 0.013320817112057423, 0.0028748225774061866, 0.0034094616893367556, 0.027099388504334885, 0.010929591579259157, 0.00043109662821984817, 0.004778024516666755, 0.021948811463581706, 0.0009521672018926945, 0.0008206156450911711, 0.03442780163875788, 0.010145027248109579, 0.002690529181977779, 0.008273763389502191, 0.017200282887235924, 0.0021886480940613864, 0.006584444724423373, 0.009774207135072412, 0.0026586456183989526, 0.006056336433392003, 0.002663927993936774, 0.008085346407394603, 0.010530299704602885, 0.0019288521165461046, 0.007362058899355336, 0.005515020930131503]}, {'overall_acc': 0.8413488114980652, 'bal_acc': 0.741632882289068, 'avg_odds_diff': 0.1077251235829092, 'disp_imp': 0.6236638133138783, 'stat_par_diff': 0.07734942525536476, 'eq_opp_diff': 0.2049236069056578, 'theil_ind': 0.13772790957850622, 'TPR': 0.5437325905292479, 'TNR': 0.939533174048888, 'FPR': 0.06046682595111193, 'FNR': 0.4562674094707521, 'GTPR': 1.0, 'GTNR': 1.0, 'GFPR': 0.0, 'GFNR': 0.0, 'PPV': 0.7478927203065134, 'NPV': 0.8619119878603946, 'FDR': 0.25210727969348656, 'FOR': 0.13808801213960548, 'ACC': 0.8413488114980652, 'MCC': 0.5428606990155281, 'f1_score': 0.6296774193548387, 'fitness': 0.43513557543261894, 'solution': {'corr_type': 'spearman', 'l2': 0.001, 'dropout': 0.060371781610353906, 'privileged_demotion': 0.30895055755943696, 'privileged_promotion': 0.0958769375248734, 'protected_demotion': 0.09656517726450231, 'protected_promotion': 0.5187291333318386}, 'corr': [0.08328567850059193, 0.001111046308196473, 1.0, 0.06519145220885113, 0.041081437424995974, 0.2620093610231739, 6.828531639252222e-05, 0.04488312683771957, 0.06152027583008096, 0.08489035501555554, 0.10412458229121761, 0.029068623716592842, 0.00246714369785769, 0.001203713338372324, 0.0056042125733153985, 0.006803700202040599, 0.009594516472667503, 0.017603489220481796, 0.018228995980900137, 0.01456416451058709, 0.025784272013045197, 0.012605194910038054, 0.02179906334861934, 0.03366558627631018, 0.016469294159551128, 0.00036205556729654916, 0.0016423387434043775, 0.04522361743234896, 0.059316843027272304, 0.23674643550173563, 0.018188293806793987, 0.43791487448505473, 0.04198283706059048, 0.17733114330569874, 0.10636105531769287, 0.17982708601444863, 0.28331344969482086, 0.009138645613559088, 0.2312641651796888, 0.029791710129796874, 0.09934492566960045, 0.09501820651618434, 0.031071837611008422, 0.16623846564218073, 0.09267341774053656, 0.0365861024341522, 0.0605783007602666, 0.017740131317865754, 0.022758889594143194, 0.13541062601606527, 0.5806801786652194, 0.17382098612018787, 0.04191597148740821, 0.10359130989695393, 0.32426774297726974, 0.3143461226011079, 0.012895971923139352, 0.0032352766633995493, 0.11534999903171005, 0.005577532270042713, 0.10306147050864006, 0.00935307845319163, 0.0034177330416999335, 0.008717659856474328, 0.00797399259752172, 0.006265064244531559, 0.008833304198524284, 0.00022739575227900762, 0.0013634465236934874, 0.0036756520863580593, 0.003356156300800902, 0.01534642700293074, 0.009819954069467044, 0.003110840970460055, 0.012240936347802996, 0.0, 0.013320817112057423, 0.0028748225774061866, 0.0034094616893367556, 0.027099388504334885, 0.010929591579259157, 0.00043109662821984817, 0.004778024516666755, 0.021948811463581706, 0.0009521672018926945, 0.0008206156450911711, 0.03442780163875788, 0.010145027248109579, 0.002690529181977779, 0.008273763389502191, 0.017200282887235924, 0.0021886480940613864, 0.006584444724423373, 0.009774207135072412, 0.0026586456183989526, 0.006056336433392003, 0.002663927993936774, 0.008085346407394603, 0.010530299704602885, 0.0019288521165461046, 0.007362058899355336, 0.005515020930131503]}, {'overall_acc': 0.8434217799889442, 'bal_acc': 0.7986349899837148, 'avg_odds_diff': 0.0486183404389729, 'disp_imp': 0.39179835444691136, 'stat_par_diff': 0.19766553480475382, 'eq_opp_diff': 0.002958433023260376, 'theil_ind': 0.10329498080143082, 'TPR': 0.70974930362117, 'TNR': 0.8875206763462599, 'FPR': 0.11247932365374012, 'FNR': 0.2902506963788301, 'GTPR': 1.0, 'GTNR': 1.0, 'GFPR': 0.0, 'GFNR': 0.0, 'PPV': 0.6755037115588547, 'NPV': 0.9026168224299066, 'FDR': 0.3244962884411453, 'FOR': 0.09738317757009346, 'ACC': 0.8434217799889442, 'MCC': 0.5876172561746525, 'f1_score': 0.6922032056506384, 'fitness': 0.5389989157356796, 'solution': {'corr_type': 'spearman', 'l2': 0.001, 'dropout': 0.054052362536057226, 'privileged_demotion': 0.005331678948159668, 'privileged_promotion': 0.09365403619015225, 'protected_demotion': 0.08836109731738846, 'protected_promotion': 0.5323100156518918}, 'corr': [0.08328567850059193, 0.001111046308196473, 1.0, 0.06519145220885113, 0.041081437424995974, 0.2620093610231739, 6.828531639252222e-05, 0.04488312683771957, 0.06152027583008096, 0.08489035501555554, 0.10412458229121761, 0.029068623716592842, 0.00246714369785769, 0.001203713338372324, 0.0056042125733153985, 0.006803700202040599, 0.009594516472667503, 0.017603489220481796, 0.018228995980900137, 0.01456416451058709, 0.025784272013045197, 0.012605194910038054, 0.02179906334861934, 0.03366558627631018, 0.016469294159551128, 0.00036205556729654916, 0.0016423387434043775, 0.04522361743234896, 0.059316843027272304, 0.23674643550173563, 0.018188293806793987, 0.43791487448505473, 0.04198283706059048, 0.17733114330569874, 0.10636105531769287, 0.17982708601444863, 0.28331344969482086, 0.009138645613559088, 0.2312641651796888, 0.029791710129796874, 0.09934492566960045, 0.09501820651618434, 0.031071837611008422, 0.16623846564218073, 0.09267341774053656, 0.0365861024341522, 0.0605783007602666, 0.017740131317865754, 0.022758889594143194, 0.13541062601606527, 0.5806801786652194, 0.17382098612018787, 0.04191597148740821, 0.10359130989695393, 0.32426774297726974, 0.3143461226011079, 0.012895971923139352, 0.0032352766633995493, 0.11534999903171005, 0.005577532270042713, 0.10306147050864006, 0.00935307845319163, 0.0034177330416999335, 0.008717659856474328, 0.00797399259752172, 0.006265064244531559, 0.008833304198524284, 0.00022739575227900762, 0.0013634465236934874, 0.0036756520863580593, 0.003356156300800902, 0.01534642700293074, 0.009819954069467044, 0.003110840970460055, 0.012240936347802996, 0.0, 0.013320817112057423, 0.0028748225774061866, 0.0034094616893367556, 0.027099388504334885, 0.010929591579259157, 0.00043109662821984817, 0.004778024516666755, 0.021948811463581706, 0.0009521672018926945, 0.0008206156450911711, 0.03442780163875788, 0.010145027248109579, 0.002690529181977779, 0.008273763389502191, 0.017200282887235924, 0.0021886480940613864, 0.006584444724423373, 0.009774207135072412, 0.0026586456183989526, 0.006056336433392003, 0.002663927993936774, 0.008085346407394603, 0.010530299704602885, 0.0019288521165461046, 0.007362058899355336, 0.005515020930131503]}, {'overall_acc': 0.84383637368712, 'bal_acc': 0.7951775414051673, 'avg_odds_diff': 0.0611349435429065, 'disp_imp': 0.3710595292019287, 'stat_par_diff': 0.2014413843970052, 'eq_opp_diff': 0.025543785801506957, 'theil_ind': 0.10548716715857345, 'TPR': 0.6986072423398328, 'TNR': 0.8917478404705017, 'FPR': 0.10825215952949825, 'FNR': 0.30139275766016715, 'GTPR': 1.0, 'GTNR': 1.0, 'GFPR': 0.0, 'GFNR': 0.0, 'PPV': 0.6804123711340206, 'NPV': 0.8996847765622102, 'FDR': 0.31958762886597936, 'FOR': 0.10031522343778973, 'ACC': 0.84383637368712, 'MCC': 0.5852036394847927, 'f1_score': 0.6893897746014294, 'fitness': 0.5240686959418862, 'solution': {'corr_type': 'spearman', 'l2': 0.01, 'dropout': 0.018493377293167815, 'privileged_demotion': 0.00022155540858989804, 'privileged_promotion': 0.12308707343573017, 'protected_demotion': 0.28717227031188464, 'protected_promotion': 0.6615554347920997}, 'corr': [0.08328567850059193, 0.001111046308196473, 1.0, 0.06519145220885113, 0.041081437424995974, 0.2620093610231739, 6.828531639252222e-05, 0.04488312683771957, 0.06152027583008096, 0.08489035501555554, 0.10412458229121761, 0.029068623716592842, 0.00246714369785769, 0.001203713338372324, 0.0056042125733153985, 0.006803700202040599, 0.009594516472667503, 0.017603489220481796, 0.018228995980900137, 0.01456416451058709, 0.025784272013045197, 0.012605194910038054, 0.02179906334861934, 0.03366558627631018, 0.016469294159551128, 0.00036205556729654916, 0.0016423387434043775, 0.04522361743234896, 0.059316843027272304, 0.23674643550173563, 0.018188293806793987, 0.43791487448505473, 0.04198283706059048, 0.17733114330569874, 0.10636105531769287, 0.17982708601444863, 0.28331344969482086, 0.009138645613559088, 0.2312641651796888, 0.029791710129796874, 0.09934492566960045, 0.09501820651618434, 0.031071837611008422, 0.16623846564218073, 0.09267341774053656, 0.0365861024341522, 0.0605783007602666, 0.017740131317865754, 0.022758889594143194, 0.13541062601606527, 0.5806801786652194, 0.17382098612018787, 0.04191597148740821, 0.10359130989695393, 0.32426774297726974, 0.3143461226011079, 0.012895971923139352, 0.0032352766633995493, 0.11534999903171005, 0.005577532270042713, 0.10306147050864006, 0.00935307845319163, 0.0034177330416999335, 0.008717659856474328, 0.00797399259752172, 0.006265064244531559, 0.008833304198524284, 0.00022739575227900762, 0.0013634465236934874, 0.0036756520863580593, 0.003356156300800902, 0.01534642700293074, 0.009819954069467044, 0.003110840970460055, 0.012240936347802996, 0.0, 0.013320817112057423, 0.0028748225774061866, 0.0034094616893367556, 0.027099388504334885, 0.010929591579259157, 0.00043109662821984817, 0.004778024516666755, 0.021948811463581706, 0.0009521672018926945, 0.0008206156450911711, 0.03442780163875788, 0.010145027248109579, 0.002690529181977779, 0.008273763389502191, 0.017200282887235924, 0.0021886480940613864, 0.006584444724423373, 0.009774207135072412, 0.0026586456183989526, 0.006056336433392003, 0.002663927993936774, 0.008085346407394603, 0.010530299704602885, 0.0019288521165461046, 0.007362058899355336, 0.005515020930131503]}, {'overall_acc': 0.8448037589828634, 'bal_acc': 0.7933942689340554, 'avg_odds_diff': 0.06625620564479806, 'disp_imp': 0.4773441025646944, 'stat_par_diff': 0.15754648055888004, 'eq_opp_diff': 0.07204231154880913, 'theil_ind': 0.10671437800929678, 'TPR': 0.6913649025069638, 'TNR': 0.8954236353611469, 'FPR': 0.10457636463885316, 'FNR': 0.3086350974930362, 'GTPR': 1.0, 'GTNR': 1.0, 'GFPR': 0.0, 'GFNR': 0.0, 'PPV': 0.6856353591160221, 'NPV': 0.8978990047917434, 'FDR': 0.3143646408839779, 'FOR': 0.10210099520825654, 'ACC': 0.8448037589828634, 'MCC': 0.5851591887625416, 'f1_score': 0.6884882108183079, 'fitness': 0.5189029831177435, 'solution': {'corr_type': 'spearman', 'l2': 0.001, 'dropout': 0.054859702289405066, 'privileged_demotion': 0.3208160233290264, 'privileged_promotion': 0.34279796984581556, 'protected_demotion': 0.10389847820840556, 'protected_promotion': 0.5282018062313653}, 'corr': [0.08328567850059193, 0.001111046308196473, 1.0, 0.06519145220885113, 0.041081437424995974, 0.2620093610231739, 6.828531639252222e-05, 0.04488312683771957, 0.06152027583008096, 0.08489035501555554, 0.10412458229121761, 0.029068623716592842, 0.00246714369785769, 0.001203713338372324, 0.0056042125733153985, 0.006803700202040599, 0.009594516472667503, 0.017603489220481796, 0.018228995980900137, 0.01456416451058709, 0.025784272013045197, 0.012605194910038054, 0.02179906334861934, 0.03366558627631018, 0.016469294159551128, 0.00036205556729654916, 0.0016423387434043775, 0.04522361743234896, 0.059316843027272304, 0.23674643550173563, 0.018188293806793987, 0.43791487448505473, 0.04198283706059048, 0.17733114330569874, 0.10636105531769287, 0.17982708601444863, 0.28331344969482086, 0.009138645613559088, 0.2312641651796888, 0.029791710129796874, 0.09934492566960045, 0.09501820651618434, 0.031071837611008422, 0.16623846564218073, 0.09267341774053656, 0.0365861024341522, 0.0605783007602666, 0.017740131317865754, 0.022758889594143194, 0.13541062601606527, 0.5806801786652194, 0.17382098612018787, 0.04191597148740821, 0.10359130989695393, 0.32426774297726974, 0.3143461226011079, 0.012895971923139352, 0.0032352766633995493, 0.11534999903171005, 0.005577532270042713, 0.10306147050864006, 0.00935307845319163, 0.0034177330416999335, 0.008717659856474328, 0.00797399259752172, 0.006265064244531559, 0.008833304198524284, 0.00022739575227900762, 0.0013634465236934874, 0.0036756520863580593, 0.003356156300800902, 0.01534642700293074, 0.009819954069467044, 0.003110840970460055, 0.012240936347802996, 0.0, 0.013320817112057423, 0.0028748225774061866, 0.0034094616893367556, 0.027099388504334885, 0.010929591579259157, 0.00043109662821984817, 0.004778024516666755, 0.021948811463581706, 0.0009521672018926945, 0.0008206156450911711, 0.03442780163875788, 0.010145027248109579, 0.002690529181977779, 0.008273763389502191, 0.017200282887235924, 0.0021886480940613864, 0.006584444724423373, 0.009774207135072412, 0.0026586456183989526, 0.006056336433392003, 0.002663927993936774, 0.008085346407394603, 0.010530299704602885, 0.0019288521165461046, 0.007362058899355336, 0.005515020930131503]}, {'overall_acc': 0.8460475400773908, 'bal_acc': 0.7899282196098026, 'avg_odds_diff': 0.05296111347693074, 'disp_imp': 0.3683868688825333, 'stat_par_diff': 0.19284909126332486, 'eq_opp_diff': 0.01541015993408057, 'theil_ind': 0.10899517917146868, 'TPR': 0.6785515320334262, 'TNR': 0.9013049071861791, 'FPR': 0.098695092813821, 'FNR': 0.32144846796657384, 'GTPR': 1.0, 'GTNR': 1.0, 'GFPR': 0.0, 'GFNR': 0.0, 'PPV': 0.694017094017094, 'NPV': 0.8947272395548258, 'FDR': 0.305982905982906, 'FOR': 0.10527276044517424, 'ACC': 0.8460475400773908, 'MCC': 0.5842834867388714, 'f1_score': 0.6861971830985916, 'fitness': 0.5313223732619407, 'solution': {'corr_type': 'spearman', 'l2': 0.01, 'dropout': 0.02213523308588894, 'privileged_demotion': 0.007310464615658368, 'privileged_promotion': 0.11654424813319858, 'protected_demotion': 0.29548107089447856, 'protected_promotion': 0.6350006861302337}, 'corr': [0.08328567850059193, 0.001111046308196473, 1.0, 0.06519145220885113, 0.041081437424995974, 0.2620093610231739, 6.828531639252222e-05, 0.04488312683771957, 0.06152027583008096, 0.08489035501555554, 0.10412458229121761, 0.029068623716592842, 0.00246714369785769, 0.001203713338372324, 0.0056042125733153985, 0.006803700202040599, 0.009594516472667503, 0.017603489220481796, 0.018228995980900137, 0.01456416451058709, 0.025784272013045197, 0.012605194910038054, 0.02179906334861934, 0.03366558627631018, 0.016469294159551128, 0.00036205556729654916, 0.0016423387434043775, 0.04522361743234896, 0.059316843027272304, 0.23674643550173563, 0.018188293806793987, 0.43791487448505473, 0.04198283706059048, 0.17733114330569874, 0.10636105531769287, 0.17982708601444863, 0.28331344969482086, 0.009138645613559088, 0.2312641651796888, 0.029791710129796874, 0.09934492566960045, 0.09501820651618434, 0.031071837611008422, 0.16623846564218073, 0.09267341774053656, 0.0365861024341522, 0.0605783007602666, 0.017740131317865754, 0.022758889594143194, 0.13541062601606527, 0.5806801786652194, 0.17382098612018787, 0.04191597148740821, 0.10359130989695393, 0.32426774297726974, 0.3143461226011079, 0.012895971923139352, 0.0032352766633995493, 0.11534999903171005, 0.005577532270042713, 0.10306147050864006, 0.00935307845319163, 0.0034177330416999335, 0.008717659856474328, 0.00797399259752172, 0.006265064244531559, 0.008833304198524284, 0.00022739575227900762, 0.0013634465236934874, 0.0036756520863580593, 0.003356156300800902, 0.01534642700293074, 0.009819954069467044, 0.003110840970460055, 0.012240936347802996, 0.0, 0.013320817112057423, 0.0028748225774061866, 0.0034094616893367556, 0.027099388504334885, 0.010929591579259157, 0.00043109662821984817, 0.004778024516666755, 0.021948811463581706, 0.0009521672018926945, 0.0008206156450911711, 0.03442780163875788, 0.010145027248109579, 0.002690529181977779, 0.008273763389502191, 0.017200282887235924, 0.0021886480940613864, 0.006584444724423373, 0.009774207135072412, 0.0026586456183989526, 0.006056336433392003, 0.002663927993936774, 0.008085346407394603, 0.010530299704602885, 0.0019288521165461046, 0.007362058899355336, 0.005515020930131503]}, {'overall_acc': 0.8489496959646213, 'bal_acc': 0.7799119857022843, 'avg_odds_diff': 0.060168365138438, 'disp_imp': 0.34797962648556874, 'stat_par_diff': 0.18371475688162764, 'eq_opp_diff': 0.040460046262744576, 'theil_ind': 0.11538455973934682, 'TPR': 0.6428969359331477, 'TNR': 0.9169270354714207, 'FPR': 0.0830729645285793, 'FNR': 0.3571030640668524, 'GTPR': 1.0, 'GTNR': 1.0, 'GFPR': 0.0, 'GFNR': 0.0, 'PPV': 0.7185554171855542, 'NPV': 0.886145648312611, 'FDR': 0.28144458281444584, 'FOR': 0.11385435168738899, 'ACC': 0.8489496959646213, 'MCC': 0.5818300026637994, 'f1_score': 0.6786239341370186, 'fitness': 0.5216616375253613, 'solution': {'corr_type': 'spearman', 'l2': 0.01, 'dropout': 0.021604243313069815, 'privileged_demotion': 0.33164916474035466, 'privileged_promotion': 0.34680290585208956, 'protected_demotion': 0.10799409050543889, 'protected_promotion': 0.09590010174767008}, 'corr': [0.08328567850059193, 0.001111046308196473, 1.0, 0.06519145220885113, 0.041081437424995974, 0.2620093610231739, 6.828531639252222e-05, 0.04488312683771957, 0.06152027583008096, 0.08489035501555554, 0.10412458229121761, 0.029068623716592842, 0.00246714369785769, 0.001203713338372324, 0.0056042125733153985, 0.006803700202040599, 0.009594516472667503, 0.017603489220481796, 0.018228995980900137, 0.01456416451058709, 0.025784272013045197, 0.012605194910038054, 0.02179906334861934, 0.03366558627631018, 0.016469294159551128, 0.00036205556729654916, 0.0016423387434043775, 0.04522361743234896, 0.059316843027272304, 0.23674643550173563, 0.018188293806793987, 0.43791487448505473, 0.04198283706059048, 0.17733114330569874, 0.10636105531769287, 0.17982708601444863, 0.28331344969482086, 0.009138645613559088, 0.2312641651796888, 0.029791710129796874, 0.09934492566960045, 0.09501820651618434, 0.031071837611008422, 0.16623846564218073, 0.09267341774053656, 0.0365861024341522, 0.0605783007602666, 0.017740131317865754, 0.022758889594143194, 0.13541062601606527, 0.5806801786652194, 0.17382098612018787, 0.04191597148740821, 0.10359130989695393, 0.32426774297726974, 0.3143461226011079, 0.012895971923139352, 0.0032352766633995493, 0.11534999903171005, 0.005577532270042713, 0.10306147050864006, 0.00935307845319163, 0.0034177330416999335, 0.008717659856474328, 0.00797399259752172, 0.006265064244531559, 0.008833304198524284, 0.00022739575227900762, 0.0013634465236934874, 0.0036756520863580593, 0.003356156300800902, 0.01534642700293074, 0.009819954069467044, 0.003110840970460055, 0.012240936347802996, 0.0, 0.013320817112057423, 0.0028748225774061866, 0.0034094616893367556, 0.027099388504334885, 0.010929591579259157, 0.00043109662821984817, 0.004778024516666755, 0.021948811463581706, 0.0009521672018926945, 0.0008206156450911711, 0.03442780163875788, 0.010145027248109579, 0.002690529181977779, 0.008273763389502191, 0.017200282887235924, 0.0021886480940613864, 0.006584444724423373, 0.009774207135072412, 0.0026586456183989526, 0.006056336433392003, 0.002663927993936774, 0.008085346407394603, 0.010530299704602885, 0.0019288521165461046, 0.007362058899355336, 0.005515020930131503]}, {'overall_acc': 0.8279436152570481, 'bal_acc': 0.8096216235033806, 'avg_odds_diff': 0.07159496415437365, 'disp_imp': 0.40226032338217826, 'stat_par_diff': 0.22831695844582373, 'eq_opp_diff': 0.01945566817897526, 'theil_ind': 0.09366457610595465, 'TPR': 0.7732590529247911, 'TNR': 0.8459841940819702, 'FPR': 0.15401580591802977, 'FNR': 0.22674094707520892, 'GTPR': 1.0, 'GTNR': 1.0, 'GFPR': 0.0, 'GFNR': 0.0, 'PPV': 0.6235399820305481, 'NPV': 0.9187624750499002, 'FDR': 0.37646001796945194, 'FOR': 0.0812375249500998, 'ACC': 0.8279436152570481, 'MCC': 0.5794973117989777, 'f1_score': 0.6903755284755035, 'fitness': 0.5079023476446041, 'solution': {'corr_type': 'spearman', 'l2': 0.001, 'dropout': 0.04631194853581273, 'privileged_demotion': 0.07206834253910387, 'privileged_promotion': 0.3301511679273813, 'protected_demotion': 0.06423849030703832, 'protected_promotion': 0.6036907400292977}, 'corr': [0.08328567850059193, 0.001111046308196473, 1.0, 0.06519145220885113, 0.041081437424995974, 0.2620093610231739, 6.828531639252222e-05, 0.04488312683771957, 0.06152027583008096, 0.08489035501555554, 0.10412458229121761, 0.029068623716592842, 0.00246714369785769, 0.001203713338372324, 0.0056042125733153985, 0.006803700202040599, 0.009594516472667503, 0.017603489220481796, 0.018228995980900137, 0.01456416451058709, 0.025784272013045197, 0.012605194910038054, 0.02179906334861934, 0.03366558627631018, 0.016469294159551128, 0.00036205556729654916, 0.0016423387434043775, 0.04522361743234896, 0.059316843027272304, 0.23674643550173563, 0.018188293806793987, 0.43791487448505473, 0.04198283706059048, 0.17733114330569874, 0.10636105531769287, 0.17982708601444863, 0.28331344969482086, 0.009138645613559088, 0.2312641651796888, 0.029791710129796874, 0.09934492566960045, 0.09501820651618434, 0.031071837611008422, 0.16623846564218073, 0.09267341774053656, 0.0365861024341522, 0.0605783007602666, 0.017740131317865754, 0.022758889594143194, 0.13541062601606527, 0.5806801786652194, 0.17382098612018787, 0.04191597148740821, 0.10359130989695393, 0.32426774297726974, 0.3143461226011079, 0.012895971923139352, 0.0032352766633995493, 0.11534999903171005, 0.005577532270042713, 0.10306147050864006, 0.00935307845319163, 0.0034177330416999335, 0.008717659856474328, 0.00797399259752172, 0.006265064244531559, 0.008833304198524284, 0.00022739575227900762, 0.0013634465236934874, 0.0036756520863580593, 0.003356156300800902, 0.01534642700293074, 0.009819954069467044, 0.003110840970460055, 0.012240936347802996, 0.0, 0.013320817112057423, 0.0028748225774061866, 0.0034094616893367556, 0.027099388504334885, 0.010929591579259157, 0.00043109662821984817, 0.004778024516666755, 0.021948811463581706, 0.0009521672018926945, 0.0008206156450911711, 0.03442780163875788, 0.010145027248109579, 0.002690529181977779, 0.008273763389502191, 0.017200282887235924, 0.0021886480940613864, 0.006584444724423373, 0.009774207135072412, 0.0026586456183989526, 0.006056336433392003, 0.002663927993936774, 0.008085346407394603, 0.010530299704602885, 0.0019288521165461046, 0.007362058899355336, 0.005515020930131503]}, {'overall_acc': 0.4910171365395246, 'bal_acc': 0.6499784725382798, 'avg_odds_diff': 0.5492611163839682, 'disp_imp': 0.20305268450440186, 'stat_par_diff': 0.7962940799910936, 'eq_opp_diff': 0.2312864219837385, 'theil_ind': 0.06499447824113906, 'TPR': 0.9654596100278552, 'TNR': 0.33449733504870427, 'FPR': 0.6655026649512957, 'FNR': 0.03454038997214485, 'GTPR': 1.0, 'GTNR': 1.0, 'GFPR': 0.0, 'GFNR': 0.0, 'PPV': 0.32368322749346284, 'NPV': 0.9670563230605739, 'FDR': 0.6763167725065372, 'FOR': 0.03294367693942614, 'ACC': 0.4910171365395246, 'MCC': 0.2953122879209749, 'f1_score': 0.48482305217512933, 'fitness': -0.2539488284629933, 'solution': {'corr_type': 'spearman', 'l2': 0.01, 'dropout': 0.05019459923202297, 'privileged_demotion': 0.9896124204333665, 'privileged_promotion': 0.09516533779828598, 'protected_demotion': 0.08092012329022713, 'protected_promotion': 0.6830292421071965}, 'corr': [0.08328567850059193, 0.001111046308196473, 1.0, 0.06519145220885113, 0.041081437424995974, 0.2620093610231739, 6.828531639252222e-05, 0.04488312683771957, 0.06152027583008096, 0.08489035501555554, 0.10412458229121761, 0.029068623716592842, 0.00246714369785769, 0.001203713338372324, 0.0056042125733153985, 0.006803700202040599, 0.009594516472667503, 0.017603489220481796, 0.018228995980900137, 0.01456416451058709, 0.025784272013045197, 0.012605194910038054, 0.02179906334861934, 0.03366558627631018, 0.016469294159551128, 0.00036205556729654916, 0.0016423387434043775, 0.04522361743234896, 0.059316843027272304, 0.23674643550173563, 0.018188293806793987, 0.43791487448505473, 0.04198283706059048, 0.17733114330569874, 0.10636105531769287, 0.17982708601444863, 0.28331344969482086, 0.009138645613559088, 0.2312641651796888, 0.029791710129796874, 0.09934492566960045, 0.09501820651618434, 0.031071837611008422, 0.16623846564218073, 0.09267341774053656, 0.0365861024341522, 0.0605783007602666, 0.017740131317865754, 0.022758889594143194, 0.13541062601606527, 0.5806801786652194, 0.17382098612018787, 0.04191597148740821, 0.10359130989695393, 0.32426774297726974, 0.3143461226011079, 0.012895971923139352, 0.0032352766633995493, 0.11534999903171005, 0.005577532270042713, 0.10306147050864006, 0.00935307845319163, 0.0034177330416999335, 0.008717659856474328, 0.00797399259752172, 0.006265064244531559, 0.008833304198524284, 0.00022739575227900762, 0.0013634465236934874, 0.0036756520863580593, 0.003356156300800902, 0.01534642700293074, 0.009819954069467044, 0.003110840970460055, 0.012240936347802996, 0.0, 0.013320817112057423, 0.0028748225774061866, 0.0034094616893367556, 0.027099388504334885, 0.010929591579259157, 0.00043109662821984817, 0.004778024516666755, 0.021948811463581706, 0.0009521672018926945, 0.0008206156450911711, 0.03442780163875788, 0.010145027248109579, 0.002690529181977779, 0.008273763389502191, 0.017200282887235924, 0.0021886480940613864, 0.006584444724423373, 0.009774207135072412, 0.0026586456183989526, 0.006056336433392003, 0.002663927993936774, 0.008085346407394603, 0.010530299704602885, 0.0019288521165461046, 0.007362058899355336, 0.005515020930131503]}, {'overall_acc': 0.8302929795467109, 'bal_acc': 0.7831853373668101, 'avg_odds_diff': 0.0697197591980731, 'disp_imp': 0.5824682945727602, 'stat_par_diff': 0.12748406579643182, 'eq_opp_diff': 0.10518569627416141, 'theil_ind': 0.11092655584727576, 'TPR': 0.6896935933147632, 'TNR': 0.8766770814188568, 'FPR': 0.12332291858114318, 'FNR': 0.3103064066852368, 'GTPR': 1.0, 'GTNR': 1.0, 'GFPR': 0.0, 'GFNR': 0.0, 'PPV': 0.6485070717653222, 'NPV': 0.8954383330204618, 'FDR': 0.3514929282346778, 'FOR': 0.1045616669795382, 'ACC': 0.8302929795467109, 'MCC': 0.5550447963243836, 'f1_score': 0.6684665226781858, 'fitness': 0.48532503712631053, 'solution': {'corr_type': 'spearman', 'l2': 0.0001, 'dropout': 0.04874886567680639, 'privileged_demotion': 0.06202634732186278, 'privileged_promotion': 0.13488288369655865, 'protected_demotion': 0.05418226657705092, 'protected_promotion': 0.7144035606764497}, 'corr': [0.08328567850059193, 0.001111046308196473, 1.0, 0.06519145220885113, 0.041081437424995974, 0.2620093610231739, 6.828531639252222e-05, 0.04488312683771957, 0.06152027583008096, 0.08489035501555554, 0.10412458229121761, 0.029068623716592842, 0.00246714369785769, 0.001203713338372324, 0.0056042125733153985, 0.006803700202040599, 0.009594516472667503, 0.017603489220481796, 0.018228995980900137, 0.01456416451058709, 0.025784272013045197, 0.012605194910038054, 0.02179906334861934, 0.03366558627631018, 0.016469294159551128, 0.00036205556729654916, 0.0016423387434043775, 0.04522361743234896, 0.059316843027272304, 0.23674643550173563, 0.018188293806793987, 0.43791487448505473, 0.04198283706059048, 0.17733114330569874, 0.10636105531769287, 0.17982708601444863, 0.28331344969482086, 0.009138645613559088, 0.2312641651796888, 0.029791710129796874, 0.09934492566960045, 0.09501820651618434, 0.031071837611008422, 0.16623846564218073, 0.09267341774053656, 0.0365861024341522, 0.0605783007602666, 0.017740131317865754, 0.022758889594143194, 0.13541062601606527, 0.5806801786652194, 0.17382098612018787, 0.04191597148740821, 0.10359130989695393, 0.32426774297726974, 0.3143461226011079, 0.012895971923139352, 0.0032352766633995493, 0.11534999903171005, 0.005577532270042713, 0.10306147050864006, 0.00935307845319163, 0.0034177330416999335, 0.008717659856474328, 0.00797399259752172, 0.006265064244531559, 0.008833304198524284, 0.00022739575227900762, 0.0013634465236934874, 0.0036756520863580593, 0.003356156300800902, 0.01534642700293074, 0.009819954069467044, 0.003110840970460055, 0.012240936347802996, 0.0, 0.013320817112057423, 0.0028748225774061866, 0.0034094616893367556, 0.027099388504334885, 0.010929591579259157, 0.00043109662821984817, 0.004778024516666755, 0.021948811463581706, 0.0009521672018926945, 0.0008206156450911711, 0.03442780163875788, 0.010145027248109579, 0.002690529181977779, 0.008273763389502191, 0.017200282887235924, 0.0021886480940613864, 0.006584444724423373, 0.009774207135072412, 0.0026586456183989526, 0.006056336433392003, 0.002663927993936774, 0.008085346407394603, 0.010530299704602885, 0.0019288521165461046, 0.007362058899355336, 0.005515020930131503]}, {'overall_acc': 0.8369264787175235, 'bal_acc': 0.7782634582472192, 'avg_odds_diff': 0.07984195610567488, 'disp_imp': 0.6166603901295302, 'stat_par_diff': 0.1065966906955384, 'eq_opp_diff': 0.14227779487535863, 'theil_ind': 0.11500509096530682, 'TPR': 0.6618384401114206, 'TNR': 0.8946884763830178, 'FPR': 0.10531152361698218, 'FNR': 0.3381615598885794, 'GTPR': 1.0, 'GTNR': 1.0, 'GFPR': 0.0, 'GFNR': 0.0, 'PPV': 0.6746166950596252, 'NPV': 0.8891324200913242, 'FDR': 0.32538330494037476, 'FOR': 0.1108675799086758, 'ACC': 0.8369264787175235, 'MCC': 0.5601263756791194, 'f1_score': 0.6681664791901011, 'fitness': 0.4802844195734445, 'solution': {'corr_type': 'spearman', 'l2': 0.01, 'dropout': 0.026851432575895475, 'privileged_demotion': 0.05105013242690299, 'privileged_promotion': 0.08148081532135204, 'protected_demotion': 0.06292006288203555, 'protected_promotion': 0.7511022498604956}, 'corr': [0.08328567850059193, 0.001111046308196473, 1.0, 0.06519145220885113, 0.041081437424995974, 0.2620093610231739, 6.828531639252222e-05, 0.04488312683771957, 0.06152027583008096, 0.08489035501555554, 0.10412458229121761, 0.029068623716592842, 0.00246714369785769, 0.001203713338372324, 0.0056042125733153985, 0.006803700202040599, 0.009594516472667503, 0.017603489220481796, 0.018228995980900137, 0.01456416451058709, 0.025784272013045197, 0.012605194910038054, 0.02179906334861934, 0.03366558627631018, 0.016469294159551128, 0.00036205556729654916, 0.0016423387434043775, 0.04522361743234896, 0.059316843027272304, 0.23674643550173563, 0.018188293806793987, 0.43791487448505473, 0.04198283706059048, 0.17733114330569874, 0.10636105531769287, 0.17982708601444863, 0.28331344969482086, 0.009138645613559088, 0.2312641651796888, 0.029791710129796874, 0.09934492566960045, 0.09501820651618434, 0.031071837611008422, 0.16623846564218073, 0.09267341774053656, 0.0365861024341522, 0.0605783007602666, 0.017740131317865754, 0.022758889594143194, 0.13541062601606527, 0.5806801786652194, 0.17382098612018787, 0.04191597148740821, 0.10359130989695393, 0.32426774297726974, 0.3143461226011079, 0.012895971923139352, 0.0032352766633995493, 0.11534999903171005, 0.005577532270042713, 0.10306147050864006, 0.00935307845319163, 0.0034177330416999335, 0.008717659856474328, 0.00797399259752172, 0.006265064244531559, 0.008833304198524284, 0.00022739575227900762, 0.0013634465236934874, 0.0036756520863580593, 0.003356156300800902, 0.01534642700293074, 0.009819954069467044, 0.003110840970460055, 0.012240936347802996, 0.0, 0.013320817112057423, 0.0028748225774061866, 0.0034094616893367556, 0.027099388504334885, 0.010929591579259157, 0.00043109662821984817, 0.004778024516666755, 0.021948811463581706, 0.0009521672018926945, 0.0008206156450911711, 0.03442780163875788, 0.010145027248109579, 0.002690529181977779, 0.008273763389502191, 0.017200282887235924, 0.0021886480940613864, 0.006584444724423373, 0.009774207135072412, 0.0026586456183989526, 0.006056336433392003, 0.002663927993936774, 0.008085346407394603, 0.010530299704602885, 0.0019288521165461046, 0.007362058899355336, 0.005515020930131503]}, {'overall_acc': 0.8385848535102266, 'bal_acc': 0.7786195700753435, 'avg_odds_diff': 0.06996914850063886, 'disp_imp': 0.5513443432628492, 'stat_par_diff': 0.12641424754376687, 'eq_opp_diff': 0.10479355498416543, 'theil_ind': 0.11500472897557634, 'TPR': 0.6596100278551532, 'TNR': 0.8976291122955339, 'FPR': 0.10237088770446609, 'FNR': 0.3403899721448468, 'GTPR': 1.0, 'GTNR': 1.0, 'GFPR': 0.0, 'GFNR': 0.0, 'PPV': 0.6800689259046525, 'NPV': 0.8888080072793448, 'FDR': 0.3199310740953475, 'FOR': 0.11119199272065514, 'ACC': 0.8385848535102266, 'MCC': 0.5630279683097551, 'f1_score': 0.6696832579185521, 'fitness': 0.49305881980911626, 'solution': {'corr_type': 'spearman', 'l2': 0.01, 'dropout': 0.04830477360787902, 'privileged_demotion': 0.06059991308044543, 'privileged_promotion': 0.09123704743984137, 'protected_demotion': 0.058925855513110637, 'protected_promotion': 0.6527332042564208}, 'corr': [0.08328567850059193, 0.001111046308196473, 1.0, 0.06519145220885113, 0.041081437424995974, 0.2620093610231739, 6.828531639252222e-05, 0.04488312683771957, 0.06152027583008096, 0.08489035501555554, 0.10412458229121761, 0.029068623716592842, 0.00246714369785769, 0.001203713338372324, 0.0056042125733153985, 0.006803700202040599, 0.009594516472667503, 0.017603489220481796, 0.018228995980900137, 0.01456416451058709, 0.025784272013045197, 0.012605194910038054, 0.02179906334861934, 0.03366558627631018, 0.016469294159551128, 0.00036205556729654916, 0.0016423387434043775, 0.04522361743234896, 0.059316843027272304, 0.23674643550173563, 0.018188293806793987, 0.43791487448505473, 0.04198283706059048, 0.17733114330569874, 0.10636105531769287, 0.17982708601444863, 0.28331344969482086, 0.009138645613559088, 0.2312641651796888, 0.029791710129796874, 0.09934492566960045, 0.09501820651618434, 0.031071837611008422, 0.16623846564218073, 0.09267341774053656, 0.0365861024341522, 0.0605783007602666, 0.017740131317865754, 0.022758889594143194, 0.13541062601606527, 0.5806801786652194, 0.17382098612018787, 0.04191597148740821, 0.10359130989695393, 0.32426774297726974, 0.3143461226011079, 0.012895971923139352, 0.0032352766633995493, 0.11534999903171005, 0.005577532270042713, 0.10306147050864006, 0.00935307845319163, 0.0034177330416999335, 0.008717659856474328, 0.00797399259752172, 0.006265064244531559, 0.008833304198524284, 0.00022739575227900762, 0.0013634465236934874, 0.0036756520863580593, 0.003356156300800902, 0.01534642700293074, 0.009819954069467044, 0.003110840970460055, 0.012240936347802996, 0.0, 0.013320817112057423, 0.0028748225774061866, 0.0034094616893367556, 0.027099388504334885, 0.010929591579259157, 0.00043109662821984817, 0.004778024516666755, 0.021948811463581706, 0.0009521672018926945, 0.0008206156450911711, 0.03442780163875788, 0.010145027248109579, 0.002690529181977779, 0.008273763389502191, 0.017200282887235924, 0.0021886480940613864, 0.006584444724423373, 0.009774207135072412, 0.0026586456183989526, 0.006056336433392003, 0.002663927993936774, 0.008085346407394603, 0.010530299704602885, 0.0019288521165461046, 0.007362058899355336, 0.005515020930131503]}, {'overall_acc': 0.8356826976229962, 'bal_acc': 0.7563442018431192, 'avg_odds_diff': 0.27122018650203494, 'disp_imp': 0.1526832919707857, 'stat_par_diff': 0.24968062011188732, 'eq_opp_diff': 0.438850777829622, 'theil_ind': 0.12838475669459293, 'TPR': 0.5988857938718662, 'TNR': 0.9138026098143723, 'FPR': 0.08619739018562764, 'FNR': 0.4011142061281337, 'GTPR': 1.0, 'GTNR': 1.0, 'GFPR': 0.0, 'GFNR': 0.0, 'PPV': 0.6962435233160622, 'NPV': 0.8735066760365425, 'FDR': 0.30375647668393785, 'FOR': 0.12649332396345747, 'ACC': 0.8356826976229962, 'MCC': 0.5404667614257173, 'f1_score': 0.643905360886493, 'fitness': 0.2692465749236823, 'solution': {'corr_type': 'spearman', 'l2': 0.01, 'dropout': 0.027033044111935904, 'privileged_demotion': 0.03778343987206679, 'privileged_promotion': 0.13524309241713633, 'protected_demotion': 0.25349240654983146, 'protected_promotion': 0.7864414998322415}, 'corr': [0.08328567850059193, 0.001111046308196473, 1.0, 0.06519145220885113, 0.041081437424995974, 0.2620093610231739, 6.828531639252222e-05, 0.04488312683771957, 0.06152027583008096, 0.08489035501555554, 0.10412458229121761, 0.029068623716592842, 0.00246714369785769, 0.001203713338372324, 0.0056042125733153985, 0.006803700202040599, 0.009594516472667503, 0.017603489220481796, 0.018228995980900137, 0.01456416451058709, 0.025784272013045197, 0.012605194910038054, 0.02179906334861934, 0.03366558627631018, 0.016469294159551128, 0.00036205556729654916, 0.0016423387434043775, 0.04522361743234896, 0.059316843027272304, 0.23674643550173563, 0.018188293806793987, 0.43791487448505473, 0.04198283706059048, 0.17733114330569874, 0.10636105531769287, 0.17982708601444863, 0.28331344969482086, 0.009138645613559088, 0.2312641651796888, 0.029791710129796874, 0.09934492566960045, 0.09501820651618434, 0.031071837611008422, 0.16623846564218073, 0.09267341774053656, 0.0365861024341522, 0.0605783007602666, 0.017740131317865754, 0.022758889594143194, 0.13541062601606527, 0.5806801786652194, 0.17382098612018787, 0.04191597148740821, 0.10359130989695393, 0.32426774297726974, 0.3143461226011079, 0.012895971923139352, 0.0032352766633995493, 0.11534999903171005, 0.005577532270042713, 0.10306147050864006, 0.00935307845319163, 0.0034177330416999335, 0.008717659856474328, 0.00797399259752172, 0.006265064244531559, 0.008833304198524284, 0.00022739575227900762, 0.0013634465236934874, 0.0036756520863580593, 0.003356156300800902, 0.01534642700293074, 0.009819954069467044, 0.003110840970460055, 0.012240936347802996, 0.0, 0.013320817112057423, 0.0028748225774061866, 0.0034094616893367556, 0.027099388504334885, 0.010929591579259157, 0.00043109662821984817, 0.004778024516666755, 0.021948811463581706, 0.0009521672018926945, 0.0008206156450911711, 0.03442780163875788, 0.010145027248109579, 0.002690529181977779, 0.008273763389502191, 0.017200282887235924, 0.0021886480940613864, 0.006584444724423373, 0.009774207135072412, 0.0026586456183989526, 0.006056336433392003, 0.002663927993936774, 0.008085346407394603, 0.010530299704602885, 0.0019288521165461046, 0.007362058899355336, 0.005515020930131503]}, {'overall_acc': 0.828220011055832, 'bal_acc': 0.7771404977886356, 'avg_odds_diff': 0.3226387254748917, 'disp_imp': 0.16079728899871226, 'stat_par_diff': 0.29905194967853266, 'eq_opp_diff': 0.5021989695122556, 'theil_ind': 0.11441023746290893, 'TPR': 0.6757660167130919, 'TNR': 0.8785149788641794, 'FPR': 0.12148502113582062, 'FNR': 0.32423398328690806, 'GTPR': 1.0, 'GTNR': 1.0, 'GFPR': 0.0, 'GFNR': 0.0, 'PPV': 0.6472785485592316, 'NPV': 0.8914584110406565, 'FDR': 0.3527214514407684, 'FOR': 0.10854158895934353, 'ACC': 0.828220011055832, 'MCC': 0.5464537110508979, 'f1_score': 0.6612155900790406, 'fitness': 0.2238149855760062, 'solution': {'corr_type': 'spearman', 'l2': 0.01, 'dropout': 0.0324259220452864, 'privileged_demotion': 0.02496114105039962, 'privileged_promotion': 0.22072073745324677, 'protected_demotion': 0.25075360134069774, 'protected_promotion': 0.7750131467698018}, 'corr': [0.08328567850059193, 0.001111046308196473, 1.0, 0.06519145220885113, 0.041081437424995974, 0.2620093610231739, 6.828531639252222e-05, 0.04488312683771957, 0.06152027583008096, 0.08489035501555554, 0.10412458229121761, 0.029068623716592842, 0.00246714369785769, 0.001203713338372324, 0.0056042125733153985, 0.006803700202040599, 0.009594516472667503, 0.017603489220481796, 0.018228995980900137, 0.01456416451058709, 0.025784272013045197, 0.012605194910038054, 0.02179906334861934, 0.03366558627631018, 0.016469294159551128, 0.00036205556729654916, 0.0016423387434043775, 0.04522361743234896, 0.059316843027272304, 0.23674643550173563, 0.018188293806793987, 0.43791487448505473, 0.04198283706059048, 0.17733114330569874, 0.10636105531769287, 0.17982708601444863, 0.28331344969482086, 0.009138645613559088, 0.2312641651796888, 0.029791710129796874, 0.09934492566960045, 0.09501820651618434, 0.031071837611008422, 0.16623846564218073, 0.09267341774053656, 0.0365861024341522, 0.0605783007602666, 0.017740131317865754, 0.022758889594143194, 0.13541062601606527, 0.5806801786652194, 0.17382098612018787, 0.04191597148740821, 0.10359130989695393, 0.32426774297726974, 0.3143461226011079, 0.012895971923139352, 0.0032352766633995493, 0.11534999903171005, 0.005577532270042713, 0.10306147050864006, 0.00935307845319163, 0.0034177330416999335, 0.008717659856474328, 0.00797399259752172, 0.006265064244531559, 0.008833304198524284, 0.00022739575227900762, 0.0013634465236934874, 0.0036756520863580593, 0.003356156300800902, 0.01534642700293074, 0.009819954069467044, 0.003110840970460055, 0.012240936347802996, 0.0, 0.013320817112057423, 0.0028748225774061866, 0.0034094616893367556, 0.027099388504334885, 0.010929591579259157, 0.00043109662821984817, 0.004778024516666755, 0.021948811463581706, 0.0009521672018926945, 0.0008206156450911711, 0.03442780163875788, 0.010145027248109579, 0.002690529181977779, 0.008273763389502191, 0.017200282887235924, 0.0021886480940613864, 0.006584444724423373, 0.009774207135072412, 0.0026586456183989526, 0.006056336433392003, 0.002663927993936774, 0.008085346407394603, 0.010530299704602885, 0.0019288521165461046, 0.007362058899355336, 0.005515020930131503]}, {'overall_acc': 0.8448037589828634, 'bal_acc': 0.7820082126882502, 'avg_odds_diff': 0.045240021788890736, 'disp_imp': 0.37028957327541234, 'stat_par_diff': 0.18478387931754295, 'eq_opp_diff': 0.003971051037933382, 'theil_ind': 0.11368249306187274, 'TPR': 0.6573816155988857, 'TNR': 0.9066348097776145, 'FPR': 0.0933651902223856, 'FNR': 0.3426183844011142, 'GTPR': 1.0, 'GTNR': 1.0, 'GFPR': 0.0, 'GFNR': 0.0, 'PPV': 0.6990521327014217, 'NPV': 0.8891492429704398, 'FDR': 0.3009478672985782, 'FOR': 0.1108507570295602, 'ACC': 0.8448037589828634, 'MCC': 0.5759819765478633, 'f1_score': 0.6775768016078093, 'fitness': 0.5307419547589726, 'solution': {'corr_type': 'spearman', 'l2': 0.0001, 'dropout': 0.0697723609760532, 'privileged_demotion': 0.11783925433743758, 'privileged_promotion': 0.21345339683312758, 'protected_demotion': 0.13335468487079433, 'protected_promotion': 0.5538749103363276}, 'corr': [0.08328567850059193, 0.001111046308196473, 1.0, 0.06519145220885113, 0.041081437424995974, 0.2620093610231739, 6.828531639252222e-05, 0.04488312683771957, 0.06152027583008096, 0.08489035501555554, 0.10412458229121761, 0.029068623716592842, 0.00246714369785769, 0.001203713338372324, 0.0056042125733153985, 0.006803700202040599, 0.009594516472667503, 0.017603489220481796, 0.018228995980900137, 0.01456416451058709, 0.025784272013045197, 0.012605194910038054, 0.02179906334861934, 0.03366558627631018, 0.016469294159551128, 0.00036205556729654916, 0.0016423387434043775, 0.04522361743234896, 0.059316843027272304, 0.23674643550173563, 0.018188293806793987, 0.43791487448505473, 0.04198283706059048, 0.17733114330569874, 0.10636105531769287, 0.17982708601444863, 0.28331344969482086, 0.009138645613559088, 0.2312641651796888, 0.029791710129796874, 0.09934492566960045, 0.09501820651618434, 0.031071837611008422, 0.16623846564218073, 0.09267341774053656, 0.0365861024341522, 0.0605783007602666, 0.017740131317865754, 0.022758889594143194, 0.13541062601606527, 0.5806801786652194, 0.17382098612018787, 0.04191597148740821, 0.10359130989695393, 0.32426774297726974, 0.3143461226011079, 0.012895971923139352, 0.0032352766633995493, 0.11534999903171005, 0.005577532270042713, 0.10306147050864006, 0.00935307845319163, 0.0034177330416999335, 0.008717659856474328, 0.00797399259752172, 0.006265064244531559, 0.008833304198524284, 0.00022739575227900762, 0.0013634465236934874, 0.0036756520863580593, 0.003356156300800902, 0.01534642700293074, 0.009819954069467044, 0.003110840970460055, 0.012240936347802996, 0.0, 0.013320817112057423, 0.0028748225774061866, 0.0034094616893367556, 0.027099388504334885, 0.010929591579259157, 0.00043109662821984817, 0.004778024516666755, 0.021948811463581706, 0.0009521672018926945, 0.0008206156450911711, 0.03442780163875788, 0.010145027248109579, 0.002690529181977779, 0.008273763389502191, 0.017200282887235924, 0.0021886480940613864, 0.006584444724423373, 0.009774207135072412, 0.0026586456183989526, 0.006056336433392003, 0.002663927993936774, 0.008085346407394603, 0.010530299704602885, 0.0019288521165461046, 0.007362058899355336, 0.005515020930131503]}, {'overall_acc': 0.5718629076838032, 'bal_acc': 0.6147017461049629, 'avg_odds_diff': 0.4335329614508983, 'disp_imp': 2.917352643583543, 'stat_par_diff': 0.6223538089008878, 'eq_opp_diff': 0.035759314596590874, 'theil_ind': 0.13706443309822042, 'TPR': 0.6997214484679666, 'TNR': 0.5296820437419592, 'FPR': 0.4703179562580408, 'FNR': 0.3002785515320334, 'GTPR': 1.0, 'GTNR': 1.0, 'GFPR': 0.0, 'GFNR': 0.0, 'PPV': 0.3292267365661861, 'NPV': 0.842443729903537, 'FDR': 0.6707732634338139, 'FOR': 0.15755627009646303, 'ACC': 0.5718629076838032, 'MCC': 0.1984484933615306, 'f1_score': 0.44777183600713016, 'fitness': -0.23508446808936773, 'solution': {'corr_type': 'spearman', 'l2': 0.0001, 'dropout': 0.03491594070931167, 'privileged_demotion': 0.10808376901139415, 'privileged_promotion': 0.21766278569049075, 'protected_demotion': 0.9936757330587351, 'protected_promotion': 0.8292941956346416}, 'corr': [0.08328567850059193, 0.001111046308196473, 1.0, 0.06519145220885113, 0.041081437424995974, 0.2620093610231739, 6.828531639252222e-05, 0.04488312683771957, 0.06152027583008096, 0.08489035501555554, 0.10412458229121761, 0.029068623716592842, 0.00246714369785769, 0.001203713338372324, 0.0056042125733153985, 0.006803700202040599, 0.009594516472667503, 0.017603489220481796, 0.018228995980900137, 0.01456416451058709, 0.025784272013045197, 0.012605194910038054, 0.02179906334861934, 0.03366558627631018, 0.016469294159551128, 0.00036205556729654916, 0.0016423387434043775, 0.04522361743234896, 0.059316843027272304, 0.23674643550173563, 0.018188293806793987, 0.43791487448505473, 0.04198283706059048, 0.17733114330569874, 0.10636105531769287, 0.17982708601444863, 0.28331344969482086, 0.009138645613559088, 0.2312641651796888, 0.029791710129796874, 0.09934492566960045, 0.09501820651618434, 0.031071837611008422, 0.16623846564218073, 0.09267341774053656, 0.0365861024341522, 0.0605783007602666, 0.017740131317865754, 0.022758889594143194, 0.13541062601606527, 0.5806801786652194, 0.17382098612018787, 0.04191597148740821, 0.10359130989695393, 0.32426774297726974, 0.3143461226011079, 0.012895971923139352, 0.0032352766633995493, 0.11534999903171005, 0.005577532270042713, 0.10306147050864006, 0.00935307845319163, 0.0034177330416999335, 0.008717659856474328, 0.00797399259752172, 0.006265064244531559, 0.008833304198524284, 0.00022739575227900762, 0.0013634465236934874, 0.0036756520863580593, 0.003356156300800902, 0.01534642700293074, 0.009819954069467044, 0.003110840970460055, 0.012240936347802996, 0.0, 0.013320817112057423, 0.0028748225774061866, 0.0034094616893367556, 0.027099388504334885, 0.010929591579259157, 0.00043109662821984817, 0.004778024516666755, 0.021948811463581706, 0.0009521672018926945, 0.0008206156450911711, 0.03442780163875788, 0.010145027248109579, 0.002690529181977779, 0.008273763389502191, 0.017200282887235924, 0.0021886480940613864, 0.006584444724423373, 0.009774207135072412, 0.0026586456183989526, 0.006056336433392003, 0.002663927993936774, 0.008085346407394603, 0.010530299704602885, 0.0019288521165461046, 0.007362058899355336, 0.005515020930131503]}, {'overall_acc': 0.8475677169707021, 'bal_acc': 0.7870192733496166, 'avg_odds_diff': 0.05005395671811626, 'disp_imp': 0.35997892395058834, 'stat_par_diff': 0.19017019677697683, 'eq_opp_diff': 0.010612633898877233, 'theil_ind': 0.1109447625103665, 'TPR': 0.6668523676880223, 'TNR': 0.9071861790112111, 'FPR': 0.09281382098878882, 'FNR': 0.3331476323119777, 'GTPR': 1.0, 'GTNR': 1.0, 'GFPR': 0.0, 'GFNR': 0.0, 'PPV': 0.7032902467685076, 'NPV': 0.8919407300325262, 'FDR': 0.29670975323149235, 'FOR': 0.1080592699674738, 'ACC': 0.8475677169707021, 'MCC': 0.5845387282920017, 'f1_score': 0.684586788676008, 'fitness': 0.5344847715738854, 'solution': {'corr_type': 'spearman', 'l2': 0.01, 'dropout': 0.03488999802646141, 'privileged_demotion': 0.11055187180358089, 'privileged_promotion': 0.21257287135381395, 'protected_demotion': 0.2631057422331676, 'protected_promotion': 0.5628769578004285}, 'corr': [0.08328567850059193, 0.001111046308196473, 1.0, 0.06519145220885113, 0.041081437424995974, 0.2620093610231739, 6.828531639252222e-05, 0.04488312683771957, 0.06152027583008096, 0.08489035501555554, 0.10412458229121761, 0.029068623716592842, 0.00246714369785769, 0.001203713338372324, 0.0056042125733153985, 0.006803700202040599, 0.009594516472667503, 0.017603489220481796, 0.018228995980900137, 0.01456416451058709, 0.025784272013045197, 0.012605194910038054, 0.02179906334861934, 0.03366558627631018, 0.016469294159551128, 0.00036205556729654916, 0.0016423387434043775, 0.04522361743234896, 0.059316843027272304, 0.23674643550173563, 0.018188293806793987, 0.43791487448505473, 0.04198283706059048, 0.17733114330569874, 0.10636105531769287, 0.17982708601444863, 0.28331344969482086, 0.009138645613559088, 0.2312641651796888, 0.029791710129796874, 0.09934492566960045, 0.09501820651618434, 0.031071837611008422, 0.16623846564218073, 0.09267341774053656, 0.0365861024341522, 0.0605783007602666, 0.017740131317865754, 0.022758889594143194, 0.13541062601606527, 0.5806801786652194, 0.17382098612018787, 0.04191597148740821, 0.10359130989695393, 0.32426774297726974, 0.3143461226011079, 0.012895971923139352, 0.0032352766633995493, 0.11534999903171005, 0.005577532270042713, 0.10306147050864006, 0.00935307845319163, 0.0034177330416999335, 0.008717659856474328, 0.00797399259752172, 0.006265064244531559, 0.008833304198524284, 0.00022739575227900762, 0.0013634465236934874, 0.0036756520863580593, 0.003356156300800902, 0.01534642700293074, 0.009819954069467044, 0.003110840970460055, 0.012240936347802996, 0.0, 0.013320817112057423, 0.0028748225774061866, 0.0034094616893367556, 0.027099388504334885, 0.010929591579259157, 0.00043109662821984817, 0.004778024516666755, 0.021948811463581706, 0.0009521672018926945, 0.0008206156450911711, 0.03442780163875788, 0.010145027248109579, 0.002690529181977779, 0.008273763389502191, 0.017200282887235924, 0.0021886480940613864, 0.006584444724423373, 0.009774207135072412, 0.0026586456183989526, 0.006056336433392003, 0.002663927993936774, 0.008085346407394603, 0.010530299704602885, 0.0019288521165461046, 0.007362058899355336, 0.005515020930131503]}, {'overall_acc': 0.8352681039248203, 'bal_acc': 0.7676412301318934, 'avg_odds_diff': 0.30445278095992745, 'disp_imp': 0.14170708513714778, 'stat_par_diff': 0.2750758440257174, 'eq_opp_diff': 0.4882307974863247, 'theil_ind': 0.12137410037291065, 'TPR': 0.6334261838440112, 'TNR': 0.9018562764197757, 'FPR': 0.09814372358022422, 'FNR': 0.3665738161559889, 'GTPR': 1.0, 'GTNR': 1.0, 'GFPR': 0.0, 'GFNR': 0.0, 'PPV': 0.6804308797127468, 'NPV': 0.8817610062893082, 'FDR': 0.31956912028725315, 'FOR': 0.11823899371069183, 'ACC': 0.8352681039248203, 'MCC': 0.5485721975086948, 'f1_score': 0.6560877091748413, 'fitness': 0.24411941654876734, 'solution': {'corr_type': 'spearman', 'l2': 0.01, 'dropout': 0.07035924929925651, 'privileged_demotion': 0.11372126679088992, 'privileged_promotion': 0.21743625927157087, 'protected_demotion': 0.2471596866605455, 'protected_promotion': 0.7966332395244722}, 'corr': [0.08328567850059193, 0.001111046308196473, 1.0, 0.06519145220885113, 0.041081437424995974, 0.2620093610231739, 6.828531639252222e-05, 0.04488312683771957, 0.06152027583008096, 0.08489035501555554, 0.10412458229121761, 0.029068623716592842, 0.00246714369785769, 0.001203713338372324, 0.0056042125733153985, 0.006803700202040599, 0.009594516472667503, 0.017603489220481796, 0.018228995980900137, 0.01456416451058709, 0.025784272013045197, 0.012605194910038054, 0.02179906334861934, 0.03366558627631018, 0.016469294159551128, 0.00036205556729654916, 0.0016423387434043775, 0.04522361743234896, 0.059316843027272304, 0.23674643550173563, 0.018188293806793987, 0.43791487448505473, 0.04198283706059048, 0.17733114330569874, 0.10636105531769287, 0.17982708601444863, 0.28331344969482086, 0.009138645613559088, 0.2312641651796888, 0.029791710129796874, 0.09934492566960045, 0.09501820651618434, 0.031071837611008422, 0.16623846564218073, 0.09267341774053656, 0.0365861024341522, 0.0605783007602666, 0.017740131317865754, 0.022758889594143194, 0.13541062601606527, 0.5806801786652194, 0.17382098612018787, 0.04191597148740821, 0.10359130989695393, 0.32426774297726974, 0.3143461226011079, 0.012895971923139352, 0.0032352766633995493, 0.11534999903171005, 0.005577532270042713, 0.10306147050864006, 0.00935307845319163, 0.0034177330416999335, 0.008717659856474328, 0.00797399259752172, 0.006265064244531559, 0.008833304198524284, 0.00022739575227900762, 0.0013634465236934874, 0.0036756520863580593, 0.003356156300800902, 0.01534642700293074, 0.009819954069467044, 0.003110840970460055, 0.012240936347802996, 0.0, 0.013320817112057423, 0.0028748225774061866, 0.0034094616893367556, 0.027099388504334885, 0.010929591579259157, 0.00043109662821984817, 0.004778024516666755, 0.021948811463581706, 0.0009521672018926945, 0.0008206156450911711, 0.03442780163875788, 0.010145027248109579, 0.002690529181977779, 0.008273763389502191, 0.017200282887235924, 0.0021886480940613864, 0.006584444724423373, 0.009774207135072412, 0.0026586456183989526, 0.006056336433392003, 0.002663927993936774, 0.008085346407394603, 0.010530299704602885, 0.0019288521165461046, 0.007362058899355336, 0.005515020930131503]}, {'overall_acc': 0.248065229408513, 'bal_acc': 0.5, 'avg_odds_diff': 0.0, 'disp_imp': 1.0, 'stat_par_diff': 0.0, 'eq_opp_diff': 0.0, 'theil_ind': 0.03428023498967385, 'TPR': 1.0, 'TNR': 0.0, 'FPR': 1.0, 'FNR': 0.0, 'GTPR': 1.0, 'GTNR': 1.0, 'GFPR': 0.0, 'GFNR': 0.0, 'PPV': 0.248065229408513, 'NPV': 0.0, 'FDR': 0.7519347705914871, 'FOR': 0.0, 'ACC': 0.248065229408513, 'MCC': 0.0, 'f1_score': 0.3975196545233086, 'fitness': 0.0, 'solution': {'corr_type': 'spearman', 'l2': 0.01, 'dropout': 0.025244847718439184, 'privileged_demotion': 0.9988595918100548, 'privileged_promotion': 0.08313911036533544, 'protected_demotion': 0.27639748199179737, 'protected_promotion': 0.6949524960204806}, 'corr': [0.08328567850059193, 0.001111046308196473, 1.0, 0.06519145220885113, 0.041081437424995974, 0.2620093610231739, 6.828531639252222e-05, 0.04488312683771957, 0.06152027583008096, 0.08489035501555554, 0.10412458229121761, 0.029068623716592842, 0.00246714369785769, 0.001203713338372324, 0.0056042125733153985, 0.006803700202040599, 0.009594516472667503, 0.017603489220481796, 0.018228995980900137, 0.01456416451058709, 0.025784272013045197, 0.012605194910038054, 0.02179906334861934, 0.03366558627631018, 0.016469294159551128, 0.00036205556729654916, 0.0016423387434043775, 0.04522361743234896, 0.059316843027272304, 0.23674643550173563, 0.018188293806793987, 0.43791487448505473, 0.04198283706059048, 0.17733114330569874, 0.10636105531769287, 0.17982708601444863, 0.28331344969482086, 0.009138645613559088, 0.2312641651796888, 0.029791710129796874, 0.09934492566960045, 0.09501820651618434, 0.031071837611008422, 0.16623846564218073, 0.09267341774053656, 0.0365861024341522, 0.0605783007602666, 0.017740131317865754, 0.022758889594143194, 0.13541062601606527, 0.5806801786652194, 0.17382098612018787, 0.04191597148740821, 0.10359130989695393, 0.32426774297726974, 0.3143461226011079, 0.012895971923139352, 0.0032352766633995493, 0.11534999903171005, 0.005577532270042713, 0.10306147050864006, 0.00935307845319163, 0.0034177330416999335, 0.008717659856474328, 0.00797399259752172, 0.006265064244531559, 0.008833304198524284, 0.00022739575227900762, 0.0013634465236934874, 0.0036756520863580593, 0.003356156300800902, 0.01534642700293074, 0.009819954069467044, 0.003110840970460055, 0.012240936347802996, 0.0, 0.013320817112057423, 0.0028748225774061866, 0.0034094616893367556, 0.027099388504334885, 0.010929591579259157, 0.00043109662821984817, 0.004778024516666755, 0.021948811463581706, 0.0009521672018926945, 0.0008206156450911711, 0.03442780163875788, 0.010145027248109579, 0.002690529181977779, 0.008273763389502191, 0.017200282887235924, 0.0021886480940613864, 0.006584444724423373, 0.009774207135072412, 0.0026586456183989526, 0.006056336433392003, 0.002663927993936774, 0.008085346407394603, 0.010530299704602885, 0.0019288521165461046, 0.007362058899355336, 0.005515020930131503]}, {'overall_acc': 0.8448037589828634, 'bal_acc': 0.7739819763182563, 'avg_odds_diff': 0.03909275918381955, 'disp_imp': 0.40314034707899865, 'stat_par_diff': 0.16401409724734894, 'eq_opp_diff': 0.010731765430015194, 'theil_ind': 0.11856166653915613, 'TPR': 0.6334261838440112, 'TNR': 0.9145377687925014, 'FPR': 0.08546223120749862, 'FNR': 0.3665738161559889, 'GTPR': 1.0, 'GTNR': 1.0, 'GFPR': 0.0, 'GFNR': 0.0, 'PPV': 0.7097378277153558, 'NPV': 0.8832090876819312, 'FDR': 0.2902621722846442, 'FOR': 0.11679091231806887, 'ACC': 0.8448037589828634, 'MCC': 0.5700118730910131, 'f1_score': 0.6694141889902855, 'fitness': 0.5309191139071936, 'solution': {'corr_type': 'spearman', 'l2': 0.0001, 'dropout': 0.06975505310768251, 'privileged_demotion': 0.11508257575233166, 'privileged_promotion': 0.06430508612271135, 'protected_demotion': 0.31151818592227937, 'protected_promotion': 0.5542496211369772}, 'corr': [0.08328567850059193, 0.001111046308196473, 1.0, 0.06519145220885113, 0.041081437424995974, 0.2620093610231739, 6.828531639252222e-05, 0.04488312683771957, 0.06152027583008096, 0.08489035501555554, 0.10412458229121761, 0.029068623716592842, 0.00246714369785769, 0.001203713338372324, 0.0056042125733153985, 0.006803700202040599, 0.009594516472667503, 0.017603489220481796, 0.018228995980900137, 0.01456416451058709, 0.025784272013045197, 0.012605194910038054, 0.02179906334861934, 0.03366558627631018, 0.016469294159551128, 0.00036205556729654916, 0.0016423387434043775, 0.04522361743234896, 0.059316843027272304, 0.23674643550173563, 0.018188293806793987, 0.43791487448505473, 0.04198283706059048, 0.17733114330569874, 0.10636105531769287, 0.17982708601444863, 0.28331344969482086, 0.009138645613559088, 0.2312641651796888, 0.029791710129796874, 0.09934492566960045, 0.09501820651618434, 0.031071837611008422, 0.16623846564218073, 0.09267341774053656, 0.0365861024341522, 0.0605783007602666, 0.017740131317865754, 0.022758889594143194, 0.13541062601606527, 0.5806801786652194, 0.17382098612018787, 0.04191597148740821, 0.10359130989695393, 0.32426774297726974, 0.3143461226011079, 0.012895971923139352, 0.0032352766633995493, 0.11534999903171005, 0.005577532270042713, 0.10306147050864006, 0.00935307845319163, 0.0034177330416999335, 0.008717659856474328, 0.00797399259752172, 0.006265064244531559, 0.008833304198524284, 0.00022739575227900762, 0.0013634465236934874, 0.0036756520863580593, 0.003356156300800902, 0.01534642700293074, 0.009819954069467044, 0.003110840970460055, 0.012240936347802996, 0.0, 0.013320817112057423, 0.0028748225774061866, 0.0034094616893367556, 0.027099388504334885, 0.010929591579259157, 0.00043109662821984817, 0.004778024516666755, 0.021948811463581706, 0.0009521672018926945, 0.0008206156450911711, 0.03442780163875788, 0.010145027248109579, 0.002690529181977779, 0.008273763389502191, 0.017200282887235924, 0.0021886480940613864, 0.006584444724423373, 0.009774207135072412, 0.0026586456183989526, 0.006056336433392003, 0.002663927993936774, 0.008085346407394603, 0.010530299704602885, 0.0019288521165461046, 0.007362058899355336, 0.005515020930131503]}, {'overall_acc': 0.761746821448314, 'bal_acc': 0.5375095414522666, 'avg_odds_diff': 0.3267582585774356, 'disp_imp': 88.03056027164685, 'stat_par_diff': 0.10700478721923794, 'eq_opp_diff': 0.6089035928084265, 'theil_ind': 0.26134837892022356, 'TPR': 0.09247910863509749, 'TNR': 0.9825399742694357, 'FPR': 0.017460025730564235, 'FNR': 0.9075208913649025, 'GTPR': 1.0, 'GTNR': 1.0, 'GFPR': 0.0, 'GFNR': 0.0, 'PPV': 0.6360153256704981, 'NPV': 0.7664516129032258, 'FDR': 0.36398467432950193, 'FOR': 0.2335483870967742, 'ACC': 0.761746821448314, 'MCC': 0.1737604691268871, 'f1_score': 0.1614785992217899, 'fitness': -0.1529977894505485, 'solution': {'corr_type': 'spearman', 'l2': 0.0001, 'dropout': 0.07008462404957752, 'privileged_demotion': 0.11075563298644725, 'privileged_promotion': 0.9052665237370976, 'protected_demotion': 0.3154391733241979, 'protected_promotion': 0.5562456424328076}, 'corr': [0.08328567850059193, 0.001111046308196473, 1.0, 0.06519145220885113, 0.041081437424995974, 0.2620093610231739, 6.828531639252222e-05, 0.04488312683771957, 0.06152027583008096, 0.08489035501555554, 0.10412458229121761, 0.029068623716592842, 0.00246714369785769, 0.001203713338372324, 0.0056042125733153985, 0.006803700202040599, 0.009594516472667503, 0.017603489220481796, 0.018228995980900137, 0.01456416451058709, 0.025784272013045197, 0.012605194910038054, 0.02179906334861934, 0.03366558627631018, 0.016469294159551128, 0.00036205556729654916, 0.0016423387434043775, 0.04522361743234896, 0.059316843027272304, 0.23674643550173563, 0.018188293806793987, 0.43791487448505473, 0.04198283706059048, 0.17733114330569874, 0.10636105531769287, 0.17982708601444863, 0.28331344969482086, 0.009138645613559088, 0.2312641651796888, 0.029791710129796874, 0.09934492566960045, 0.09501820651618434, 0.031071837611008422, 0.16623846564218073, 0.09267341774053656, 0.0365861024341522, 0.0605783007602666, 0.017740131317865754, 0.022758889594143194, 0.13541062601606527, 0.5806801786652194, 0.17382098612018787, 0.04191597148740821, 0.10359130989695393, 0.32426774297726974, 0.3143461226011079, 0.012895971923139352, 0.0032352766633995493, 0.11534999903171005, 0.005577532270042713, 0.10306147050864006, 0.00935307845319163, 0.0034177330416999335, 0.008717659856474328, 0.00797399259752172, 0.006265064244531559, 0.008833304198524284, 0.00022739575227900762, 0.0013634465236934874, 0.0036756520863580593, 0.003356156300800902, 0.01534642700293074, 0.009819954069467044, 0.003110840970460055, 0.012240936347802996, 0.0, 0.013320817112057423, 0.0028748225774061866, 0.0034094616893367556, 0.027099388504334885, 0.010929591579259157, 0.00043109662821984817, 0.004778024516666755, 0.021948811463581706, 0.0009521672018926945, 0.0008206156450911711, 0.03442780163875788, 0.010145027248109579, 0.002690529181977779, 0.008273763389502191, 0.017200282887235924, 0.0021886480940613864, 0.006584444724423373, 0.009774207135072412, 0.0026586456183989526, 0.006056336433392003, 0.002663927993936774, 0.008085346407394603, 0.010530299704602885, 0.0019288521165461046, 0.007362058899355336, 0.005515020930131503]}, {'overall_acc': 0.5427031509121062, 'bal_acc': 0.37225721963488806, 'avg_odds_diff': 0.24417055684696282, 'disp_imp': 0.017878114800943732, 'stat_par_diff': 0.326434774137883, 'eq_opp_diff': 0.026452163726434295, 'theil_ind': 0.33074096236816014, 'TPR': 0.033983286908077996, 'TNR': 0.7105311523616982, 'FPR': 0.2894688476383018, 'FNR': 0.966016713091922, 'GTPR': 1.0, 'GTNR': 1.0, 'GFPR': 0.0, 'GFNR': 0.0, 'PPV': 0.03728606356968215, 'NPV': 0.6903571428571429, 'FDR': 0.9627139364303179, 'FOR': 0.30964285714285716, 'ACC': 0.5427031509121062, 'MCC': -0.26378633043569266, 'f1_score': 0.03555814631302827, 'fitness': -0.5079568872826554, 'solution': {'corr_type': 'spearman', 'l2': 0.01, 'dropout': 0.01461399177851326, 'privileged_demotion': 0.1972076425083047, 'privileged_promotion': 0.9752842996535371, 'protected_demotion': 0.32417302448215146, 'protected_promotion': 0.5665572078014225}, 'corr': [0.08328567850059193, 0.001111046308196473, 1.0, 0.06519145220885113, 0.041081437424995974, 0.2620093610231739, 6.828531639252222e-05, 0.04488312683771957, 0.06152027583008096, 0.08489035501555554, 0.10412458229121761, 0.029068623716592842, 0.00246714369785769, 0.001203713338372324, 0.0056042125733153985, 0.006803700202040599, 0.009594516472667503, 0.017603489220481796, 0.018228995980900137, 0.01456416451058709, 0.025784272013045197, 0.012605194910038054, 0.02179906334861934, 0.03366558627631018, 0.016469294159551128, 0.00036205556729654916, 0.0016423387434043775, 0.04522361743234896, 0.059316843027272304, 0.23674643550173563, 0.018188293806793987, 0.43791487448505473, 0.04198283706059048, 0.17733114330569874, 0.10636105531769287, 0.17982708601444863, 0.28331344969482086, 0.009138645613559088, 0.2312641651796888, 0.029791710129796874, 0.09934492566960045, 0.09501820651618434, 0.031071837611008422, 0.16623846564218073, 0.09267341774053656, 0.0365861024341522, 0.0605783007602666, 0.017740131317865754, 0.022758889594143194, 0.13541062601606527, 0.5806801786652194, 0.17382098612018787, 0.04191597148740821, 0.10359130989695393, 0.32426774297726974, 0.3143461226011079, 0.012895971923139352, 0.0032352766633995493, 0.11534999903171005, 0.005577532270042713, 0.10306147050864006, 0.00935307845319163, 0.0034177330416999335, 0.008717659856474328, 0.00797399259752172, 0.006265064244531559, 0.008833304198524284, 0.00022739575227900762, 0.0013634465236934874, 0.0036756520863580593, 0.003356156300800902, 0.01534642700293074, 0.009819954069467044, 0.003110840970460055, 0.012240936347802996, 0.0, 0.013320817112057423, 0.0028748225774061866, 0.0034094616893367556, 0.027099388504334885, 0.010929591579259157, 0.00043109662821984817, 0.004778024516666755, 0.021948811463581706, 0.0009521672018926945, 0.0008206156450911711, 0.03442780163875788, 0.010145027248109579, 0.002690529181977779, 0.008273763389502191, 0.017200282887235924, 0.0021886480940613864, 0.006584444724423373, 0.009774207135072412, 0.0026586456183989526, 0.006056336433392003, 0.002663927993936774, 0.008085346407394603, 0.010530299704602885, 0.0019288521165461046, 0.007362058899355336, 0.005515020930131503]}, {'overall_acc': 0.5259812050856827, 'bal_acc': 0.364497759966498, 'avg_odds_diff': 0.2768118529851523, 'disp_imp': 0.009283169974271543, 'stat_par_diff': 0.3623831027860503, 'eq_opp_diff': 0.047111556751283146, 'theil_ind': 0.3287404283298626, 'TPR': 0.04401114206128134, 'TNR': 0.6849843778717147, 'FPR': 0.31501562212828527, 'FNR': 0.9559888579387187, 'GTPR': 1.0, 'GTNR': 1.0, 'GFPR': 0.0, 'GFNR': 0.0, 'PPV': 0.044060234244283326, 'NPV': 0.6847326841815176, 'FDR': 0.9559397657557167, 'FOR': 0.31526731581848244, 'ACC': 0.5259812050856827, 'MCC': -0.27110576189469926, 'f1_score': 0.04403567447045708, 'fitness': -0.5479176148798516, 'solution': {'corr_type': 'spearman', 'l2': 0.01, 'dropout': 0.09885933251217056, 'privileged_demotion': 0.1912182457516015, 'privileged_promotion': 0.9027422471311083, 'protected_demotion': 0.32129560026362664, 'protected_promotion': 0.5680187670759892}, 'corr': [0.08328567850059193, 0.001111046308196473, 1.0, 0.06519145220885113, 0.041081437424995974, 0.2620093610231739, 6.828531639252222e-05, 0.04488312683771957, 0.06152027583008096, 0.08489035501555554, 0.10412458229121761, 0.029068623716592842, 0.00246714369785769, 0.001203713338372324, 0.0056042125733153985, 0.006803700202040599, 0.009594516472667503, 0.017603489220481796, 0.018228995980900137, 0.01456416451058709, 0.025784272013045197, 0.012605194910038054, 0.02179906334861934, 0.03366558627631018, 0.016469294159551128, 0.00036205556729654916, 0.0016423387434043775, 0.04522361743234896, 0.059316843027272304, 0.23674643550173563, 0.018188293806793987, 0.43791487448505473, 0.04198283706059048, 0.17733114330569874, 0.10636105531769287, 0.17982708601444863, 0.28331344969482086, 0.009138645613559088, 0.2312641651796888, 0.029791710129796874, 0.09934492566960045, 0.09501820651618434, 0.031071837611008422, 0.16623846564218073, 0.09267341774053656, 0.0365861024341522, 0.0605783007602666, 0.017740131317865754, 0.022758889594143194, 0.13541062601606527, 0.5806801786652194, 0.17382098612018787, 0.04191597148740821, 0.10359130989695393, 0.32426774297726974, 0.3143461226011079, 0.012895971923139352, 0.0032352766633995493, 0.11534999903171005, 0.005577532270042713, 0.10306147050864006, 0.00935307845319163, 0.0034177330416999335, 0.008717659856474328, 0.00797399259752172, 0.006265064244531559, 0.008833304198524284, 0.00022739575227900762, 0.0013634465236934874, 0.0036756520863580593, 0.003356156300800902, 0.01534642700293074, 0.009819954069467044, 0.003110840970460055, 0.012240936347802996, 0.0, 0.013320817112057423, 0.0028748225774061866, 0.0034094616893367556, 0.027099388504334885, 0.010929591579259157, 0.00043109662821984817, 0.004778024516666755, 0.021948811463581706, 0.0009521672018926945, 0.0008206156450911711, 0.03442780163875788, 0.010145027248109579, 0.002690529181977779, 0.008273763389502191, 0.017200282887235924, 0.0021886480940613864, 0.006584444724423373, 0.009774207135072412, 0.0026586456183989526, 0.006056336433392003, 0.002663927993936774, 0.008085346407394603, 0.010530299704602885, 0.0019288521165461046, 0.007362058899355336, 0.005515020930131503]}, {'overall_acc': 0.8464621337755666, 'bal_acc': 0.7498860657168644, 'avg_odds_diff': 0.06546998516491478, 'disp_imp': 0.48395030385732196, 'stat_par_diff': 0.11315024075259539, 'eq_opp_diff': 0.09885186986865757, 'theil_ind': 0.1331013693692092, 'TPR': 0.5582172701949861, 'TNR': 0.9415548612387429, 'FPR': 0.05844513876125712, 'FNR': 0.44178272980501393, 'GTPR': 1.0, 'GTNR': 1.0, 'GFPR': 0.0, 'GFNR': 0.0, 'PPV': 0.759090909090909, 'NPV': 0.8659567275185936, 'FDR': 0.2409090909090909, 'FOR': 0.13404327248140635, 'ACC': 0.8464621337755666, 'MCC': 0.5589108959359675, 'f1_score': 0.643338683788122, 'fitness': 0.4934409107710528, 'solution': {'corr_type': 'spearman', 'l2': 0.01, 'dropout': 0.09623003468043285, 'privileged_demotion': 0.18732997882542096, 'privileged_promotion': 0.062150188821782845, 'protected_demotion': 0.3275402296538305, 'protected_promotion': 0.5991274780520183}, 'corr': [0.08328567850059193, 0.001111046308196473, 1.0, 0.06519145220885113, 0.041081437424995974, 0.2620093610231739, 6.828531639252222e-05, 0.04488312683771957, 0.06152027583008096, 0.08489035501555554, 0.10412458229121761, 0.029068623716592842, 0.00246714369785769, 0.001203713338372324, 0.0056042125733153985, 0.006803700202040599, 0.009594516472667503, 0.017603489220481796, 0.018228995980900137, 0.01456416451058709, 0.025784272013045197, 0.012605194910038054, 0.02179906334861934, 0.03366558627631018, 0.016469294159551128, 0.00036205556729654916, 0.0016423387434043775, 0.04522361743234896, 0.059316843027272304, 0.23674643550173563, 0.018188293806793987, 0.43791487448505473, 0.04198283706059048, 0.17733114330569874, 0.10636105531769287, 0.17982708601444863, 0.28331344969482086, 0.009138645613559088, 0.2312641651796888, 0.029791710129796874, 0.09934492566960045, 0.09501820651618434, 0.031071837611008422, 0.16623846564218073, 0.09267341774053656, 0.0365861024341522, 0.0605783007602666, 0.017740131317865754, 0.022758889594143194, 0.13541062601606527, 0.5806801786652194, 0.17382098612018787, 0.04191597148740821, 0.10359130989695393, 0.32426774297726974, 0.3143461226011079, 0.012895971923139352, 0.0032352766633995493, 0.11534999903171005, 0.005577532270042713, 0.10306147050864006, 0.00935307845319163, 0.0034177330416999335, 0.008717659856474328, 0.00797399259752172, 0.006265064244531559, 0.008833304198524284, 0.00022739575227900762, 0.0013634465236934874, 0.0036756520863580593, 0.003356156300800902, 0.01534642700293074, 0.009819954069467044, 0.003110840970460055, 0.012240936347802996, 0.0, 0.013320817112057423, 0.0028748225774061866, 0.0034094616893367556, 0.027099388504334885, 0.010929591579259157, 0.00043109662821984817, 0.004778024516666755, 0.021948811463581706, 0.0009521672018926945, 0.0008206156450911711, 0.03442780163875788, 0.010145027248109579, 0.002690529181977779, 0.008273763389502191, 0.017200282887235924, 0.0021886480940613864, 0.006584444724423373, 0.009774207135072412, 0.0026586456183989526, 0.006056336433392003, 0.002663927993936774, 0.008085346407394603, 0.010530299704602885, 0.0019288521165461046, 0.007362058899355336, 0.005515020930131503]}, {'overall_acc': 0.5873410724156993, 'bal_acc': 0.6164077654494735, 'avg_odds_diff': 0.625435011772794, 'disp_imp': 3.722256341736378, 'stat_par_diff': 0.7201706838487016, 'eq_opp_diff': 0.36848871725123844, 'theil_ind': 0.1437908336911499, 'TPR': 0.6740947075208914, 'TNR': 0.5587208233780555, 'FPR': 0.4412791766219445, 'FNR': 0.32590529247910865, 'GTPR': 1.0, 'GTNR': 1.0, 'GFPR': 0.0, 'GFNR': 0.0, 'PPV': 0.335087233453337, 'NPV': 0.8386206896551724, 'FDR': 0.664912766546663, 'FOR': 0.16137931034482758, 'ACC': 0.5873410724156993, 'MCC': 0.20110172137468407, 'f1_score': 0.4476507584165742, 'fitness': -0.42433329039810996, 'solution': {'corr_type': 'spearman', 'l2': 0.01, 'dropout': 0.09630250617211764, 'privileged_demotion': 0.19670686553171823, 'privileged_promotion': 0.15886087952557937, 'protected_demotion': 0.6366245105138757, 'protected_promotion': 0.6258357907752091}, 'corr': [0.08328567850059193, 0.001111046308196473, 1.0, 0.06519145220885113, 0.041081437424995974, 0.2620093610231739, 6.828531639252222e-05, 0.04488312683771957, 0.06152027583008096, 0.08489035501555554, 0.10412458229121761, 0.029068623716592842, 0.00246714369785769, 0.001203713338372324, 0.0056042125733153985, 0.006803700202040599, 0.009594516472667503, 0.017603489220481796, 0.018228995980900137, 0.01456416451058709, 0.025784272013045197, 0.012605194910038054, 0.02179906334861934, 0.03366558627631018, 0.016469294159551128, 0.00036205556729654916, 0.0016423387434043775, 0.04522361743234896, 0.059316843027272304, 0.23674643550173563, 0.018188293806793987, 0.43791487448505473, 0.04198283706059048, 0.17733114330569874, 0.10636105531769287, 0.17982708601444863, 0.28331344969482086, 0.009138645613559088, 0.2312641651796888, 0.029791710129796874, 0.09934492566960045, 0.09501820651618434, 0.031071837611008422, 0.16623846564218073, 0.09267341774053656, 0.0365861024341522, 0.0605783007602666, 0.017740131317865754, 0.022758889594143194, 0.13541062601606527, 0.5806801786652194, 0.17382098612018787, 0.04191597148740821, 0.10359130989695393, 0.32426774297726974, 0.3143461226011079, 0.012895971923139352, 0.0032352766633995493, 0.11534999903171005, 0.005577532270042713, 0.10306147050864006, 0.00935307845319163, 0.0034177330416999335, 0.008717659856474328, 0.00797399259752172, 0.006265064244531559, 0.008833304198524284, 0.00022739575227900762, 0.0013634465236934874, 0.0036756520863580593, 0.003356156300800902, 0.01534642700293074, 0.009819954069467044, 0.003110840970460055, 0.012240936347802996, 0.0, 0.013320817112057423, 0.0028748225774061866, 0.0034094616893367556, 0.027099388504334885, 0.010929591579259157, 0.00043109662821984817, 0.004778024516666755, 0.021948811463581706, 0.0009521672018926945, 0.0008206156450911711, 0.03442780163875788, 0.010145027248109579, 0.002690529181977779, 0.008273763389502191, 0.017200282887235924, 0.0021886480940613864, 0.006584444724423373, 0.009774207135072412, 0.0026586456183989526, 0.006056336433392003, 0.002663927993936774, 0.008085346407394603, 0.010530299704602885, 0.0019288521165461046, 0.007362058899355336, 0.005515020930131503]}, {'overall_acc': 0.849502487562189, 'bal_acc': 0.782332788448789, 'avg_odds_diff': 0.09212600577100705, 'disp_imp': 0.30425982945334906, 'stat_par_diff': 0.20187870522419216, 'eq_opp_diff': 0.09219043175252406, 'theil_ind': 0.11398053536740432, 'TPR': 0.649025069637883, 'TNR': 0.9156405072596949, 'FPR': 0.08435949274030509, 'FNR': 0.35097493036211697, 'GTPR': 1.0, 'GTNR': 1.0, 'GFPR': 0.0, 'GFNR': 0.0, 'PPV': 0.7173645320197044, 'NPV': 0.8877405559515325, 'FDR': 0.28263546798029554, 'FOR': 0.11225944404846756, 'ACC': 0.849502487562189, 'MCC': 0.5845357248132385, 'f1_score': 0.6814858145656625, 'fitness': 0.4924097190422314, 'solution': {'corr_type': 'spearman', 'l2': 0.0001, 'dropout': 0.039892788606549615, 'privileged_demotion': 0.14452726259631943, 'privileged_promotion': 0.15948326373773603, 'protected_demotion': 0.3765989178029358, 'protected_promotion': 0.5019957063356942}, 'corr': [0.08328567850059193, 0.001111046308196473, 1.0, 0.06519145220885113, 0.041081437424995974, 0.2620093610231739, 6.828531639252222e-05, 0.04488312683771957, 0.06152027583008096, 0.08489035501555554, 0.10412458229121761, 0.029068623716592842, 0.00246714369785769, 0.001203713338372324, 0.0056042125733153985, 0.006803700202040599, 0.009594516472667503, 0.017603489220481796, 0.018228995980900137, 0.01456416451058709, 0.025784272013045197, 0.012605194910038054, 0.02179906334861934, 0.03366558627631018, 0.016469294159551128, 0.00036205556729654916, 0.0016423387434043775, 0.04522361743234896, 0.059316843027272304, 0.23674643550173563, 0.018188293806793987, 0.43791487448505473, 0.04198283706059048, 0.17733114330569874, 0.10636105531769287, 0.17982708601444863, 0.28331344969482086, 0.009138645613559088, 0.2312641651796888, 0.029791710129796874, 0.09934492566960045, 0.09501820651618434, 0.031071837611008422, 0.16623846564218073, 0.09267341774053656, 0.0365861024341522, 0.0605783007602666, 0.017740131317865754, 0.022758889594143194, 0.13541062601606527, 0.5806801786652194, 0.17382098612018787, 0.04191597148740821, 0.10359130989695393, 0.32426774297726974, 0.3143461226011079, 0.012895971923139352, 0.0032352766633995493, 0.11534999903171005, 0.005577532270042713, 0.10306147050864006, 0.00935307845319163, 0.0034177330416999335, 0.008717659856474328, 0.00797399259752172, 0.006265064244531559, 0.008833304198524284, 0.00022739575227900762, 0.0013634465236934874, 0.0036756520863580593, 0.003356156300800902, 0.01534642700293074, 0.009819954069467044, 0.003110840970460055, 0.012240936347802996, 0.0, 0.013320817112057423, 0.0028748225774061866, 0.0034094616893367556, 0.027099388504334885, 0.010929591579259157, 0.00043109662821984817, 0.004778024516666755, 0.021948811463581706, 0.0009521672018926945, 0.0008206156450911711, 0.03442780163875788, 0.010145027248109579, 0.002690529181977779, 0.008273763389502191, 0.017200282887235924, 0.0021886480940613864, 0.006584444724423373, 0.009774207135072412, 0.0026586456183989526, 0.006056336433392003, 0.002663927993936774, 0.008085346407394603, 0.010530299704602885, 0.0019288521165461046, 0.007362058899355336, 0.005515020930131503]}, {'overall_acc': 0.5793255942509674, 'bal_acc': 0.626010395639422, 'avg_odds_diff': 0.5906494045065003, 'disp_imp': 3.276660099119964, 'stat_par_diff': 0.6918620752038743, 'eq_opp_diff': 0.320724418985595, 'theil_ind': 0.13198328751120736, 'TPR': 0.7186629526462396, 'TNR': 0.5333578386326043, 'FPR': 0.4666421613673957, 'FNR': 0.28133704735376047, 'GTPR': 1.0, 'GTNR': 1.0, 'GFPR': 0.0, 'GFNR': 0.0, 'PPV': 0.33690258553147034, 'NPV': 0.8517757557968888, 'FDR': 0.6630974144685297, 'FOR': 0.14822424420311126, 'ACC': 0.5793255942509674, 'MCC': 0.21806160798901042, 'f1_score': 0.45874822190611664, 'fitness': -0.37258779651748986, 'solution': {'corr_type': 'spearman', 'l2': 0.01, 'dropout': 0.012540789683472893, 'privileged_demotion': 0.19579508538098817, 'privileged_promotion': 0.31168439490186717, 'protected_demotion': 0.8666459995958028, 'protected_promotion': 0.6204781550196475}, 'corr': [0.08328567850059193, 0.001111046308196473, 1.0, 0.06519145220885113, 0.041081437424995974, 0.2620093610231739, 6.828531639252222e-05, 0.04488312683771957, 0.06152027583008096, 0.08489035501555554, 0.10412458229121761, 0.029068623716592842, 0.00246714369785769, 0.001203713338372324, 0.0056042125733153985, 0.006803700202040599, 0.009594516472667503, 0.017603489220481796, 0.018228995980900137, 0.01456416451058709, 0.025784272013045197, 0.012605194910038054, 0.02179906334861934, 0.03366558627631018, 0.016469294159551128, 0.00036205556729654916, 0.0016423387434043775, 0.04522361743234896, 0.059316843027272304, 0.23674643550173563, 0.018188293806793987, 0.43791487448505473, 0.04198283706059048, 0.17733114330569874, 0.10636105531769287, 0.17982708601444863, 0.28331344969482086, 0.009138645613559088, 0.2312641651796888, 0.029791710129796874, 0.09934492566960045, 0.09501820651618434, 0.031071837611008422, 0.16623846564218073, 0.09267341774053656, 0.0365861024341522, 0.0605783007602666, 0.017740131317865754, 0.022758889594143194, 0.13541062601606527, 0.5806801786652194, 0.17382098612018787, 0.04191597148740821, 0.10359130989695393, 0.32426774297726974, 0.3143461226011079, 0.012895971923139352, 0.0032352766633995493, 0.11534999903171005, 0.005577532270042713, 0.10306147050864006, 0.00935307845319163, 0.0034177330416999335, 0.008717659856474328, 0.00797399259752172, 0.006265064244531559, 0.008833304198524284, 0.00022739575227900762, 0.0013634465236934874, 0.0036756520863580593, 0.003356156300800902, 0.01534642700293074, 0.009819954069467044, 0.003110840970460055, 0.012240936347802996, 0.0, 0.013320817112057423, 0.0028748225774061866, 0.0034094616893367556, 0.027099388504334885, 0.010929591579259157, 0.00043109662821984817, 0.004778024516666755, 0.021948811463581706, 0.0009521672018926945, 0.0008206156450911711, 0.03442780163875788, 0.010145027248109579, 0.002690529181977779, 0.008273763389502191, 0.017200282887235924, 0.0021886480940613864, 0.006584444724423373, 0.009774207135072412, 0.0026586456183989526, 0.006056336433392003, 0.002663927993936774, 0.008085346407394603, 0.010530299704602885, 0.0019288521165461046, 0.007362058899355336, 0.005515020930131503]}, {'overall_acc': 0.8448037589828634, 'bal_acc': 0.7784617361526714, 'avg_odds_diff': 0.07945752194441874, 'disp_imp': 0.5139098294758417, 'stat_par_diff': 0.13168262406412648, 'eq_opp_diff': 0.11535158693127112, 'theil_ind': 0.11584195947654326, 'TPR': 0.6467966573816156, 'TNR': 0.9101268149237273, 'FPR': 0.08987318507627275, 'FNR': 0.3532033426183844, 'GTPR': 1.0, 'GTNR': 1.0, 'GFPR': 0.0, 'GFNR': 0.0, 'PPV': 0.7036363636363636, 'NPV': 0.8865019692087361, 'FDR': 0.2963636363636364, 'FOR': 0.11349803079126387, 'ACC': 0.8448037589828634, 'MCC': 0.5732904058752241, 'f1_score': 0.6740203193033383, 'fitness': 0.4938328839308053, 'solution': {'corr_type': 'spearman', 'l2': 0.01, 'dropout': 0.03870338258236801, 'privileged_demotion': 0.1642082166297047, 'privileged_promotion': 0.14570153095384214, 'protected_demotion': 0.034529103694012186, 'protected_promotion': 0.49813562490857566}, 'corr': [0.08328567850059193, 0.001111046308196473, 1.0, 0.06519145220885113, 0.041081437424995974, 0.2620093610231739, 6.828531639252222e-05, 0.04488312683771957, 0.06152027583008096, 0.08489035501555554, 0.10412458229121761, 0.029068623716592842, 0.00246714369785769, 0.001203713338372324, 0.0056042125733153985, 0.006803700202040599, 0.009594516472667503, 0.017603489220481796, 0.018228995980900137, 0.01456416451058709, 0.025784272013045197, 0.012605194910038054, 0.02179906334861934, 0.03366558627631018, 0.016469294159551128, 0.00036205556729654916, 0.0016423387434043775, 0.04522361743234896, 0.059316843027272304, 0.23674643550173563, 0.018188293806793987, 0.43791487448505473, 0.04198283706059048, 0.17733114330569874, 0.10636105531769287, 0.17982708601444863, 0.28331344969482086, 0.009138645613559088, 0.2312641651796888, 0.029791710129796874, 0.09934492566960045, 0.09501820651618434, 0.031071837611008422, 0.16623846564218073, 0.09267341774053656, 0.0365861024341522, 0.0605783007602666, 0.017740131317865754, 0.022758889594143194, 0.13541062601606527, 0.5806801786652194, 0.17382098612018787, 0.04191597148740821, 0.10359130989695393, 0.32426774297726974, 0.3143461226011079, 0.012895971923139352, 0.0032352766633995493, 0.11534999903171005, 0.005577532270042713, 0.10306147050864006, 0.00935307845319163, 0.0034177330416999335, 0.008717659856474328, 0.00797399259752172, 0.006265064244531559, 0.008833304198524284, 0.00022739575227900762, 0.0013634465236934874, 0.0036756520863580593, 0.003356156300800902, 0.01534642700293074, 0.009819954069467044, 0.003110840970460055, 0.012240936347802996, 0.0, 0.013320817112057423, 0.0028748225774061866, 0.0034094616893367556, 0.027099388504334885, 0.010929591579259157, 0.00043109662821984817, 0.004778024516666755, 0.021948811463581706, 0.0009521672018926945, 0.0008206156450911711, 0.03442780163875788, 0.010145027248109579, 0.002690529181977779, 0.008273763389502191, 0.017200282887235924, 0.0021886480940613864, 0.006584444724423373, 0.009774207135072412, 0.0026586456183989526, 0.006056336433392003, 0.002663927993936774, 0.008085346407394603, 0.010530299704602885, 0.0019288521165461046, 0.007362058899355336, 0.005515020930131503]}, {'overall_acc': 0.57808181315644, 'bal_acc': 0.6412358145290145, 'avg_odds_diff': 0.5426723233653107, 'disp_imp': 2.8904264360751575, 'stat_par_diff': 0.6484782487684044, 'eq_opp_diff': 0.2601336258674265, 'theil_ind': 0.11930917406269578, 'TPR': 0.7665738161559889, 'TNR': 0.5158978129020401, 'FPR': 0.48410218709795994, 'FNR': 0.23342618384401115, 'GTPR': 1.0, 'GTNR': 1.0, 'GFPR': 0.0, 'GFNR': 0.0, 'PPV': 0.343142144638404, 'NPV': 0.8701177929324241, 'FDR': 0.656857855361596, 'FOR': 0.12988220706757594, 'ACC': 0.57808181315644, 'MCC': 0.2454381428760521, 'f1_score': 0.47407407407407404, 'fitness': -0.2972341804892586, 'solution': {'corr_type': 'spearman', 'l2': 0.01, 'dropout': 0.041492959850476574, 'privileged_demotion': 0.18350678980360674, 'privileged_promotion': 0.30968816534620786, 'protected_demotion': 0.6547476906987348, 'protected_promotion': 0.628611312493449}, 'corr': [0.08328567850059193, 0.001111046308196473, 1.0, 0.06519145220885113, 0.041081437424995974, 0.2620093610231739, 6.828531639252222e-05, 0.04488312683771957, 0.06152027583008096, 0.08489035501555554, 0.10412458229121761, 0.029068623716592842, 0.00246714369785769, 0.001203713338372324, 0.0056042125733153985, 0.006803700202040599, 0.009594516472667503, 0.017603489220481796, 0.018228995980900137, 0.01456416451058709, 0.025784272013045197, 0.012605194910038054, 0.02179906334861934, 0.03366558627631018, 0.016469294159551128, 0.00036205556729654916, 0.0016423387434043775, 0.04522361743234896, 0.059316843027272304, 0.23674643550173563, 0.018188293806793987, 0.43791487448505473, 0.04198283706059048, 0.17733114330569874, 0.10636105531769287, 0.17982708601444863, 0.28331344969482086, 0.009138645613559088, 0.2312641651796888, 0.029791710129796874, 0.09934492566960045, 0.09501820651618434, 0.031071837611008422, 0.16623846564218073, 0.09267341774053656, 0.0365861024341522, 0.0605783007602666, 0.017740131317865754, 0.022758889594143194, 0.13541062601606527, 0.5806801786652194, 0.17382098612018787, 0.04191597148740821, 0.10359130989695393, 0.32426774297726974, 0.3143461226011079, 0.012895971923139352, 0.0032352766633995493, 0.11534999903171005, 0.005577532270042713, 0.10306147050864006, 0.00935307845319163, 0.0034177330416999335, 0.008717659856474328, 0.00797399259752172, 0.006265064244531559, 0.008833304198524284, 0.00022739575227900762, 0.0013634465236934874, 0.0036756520863580593, 0.003356156300800902, 0.01534642700293074, 0.009819954069467044, 0.003110840970460055, 0.012240936347802996, 0.0, 0.013320817112057423, 0.0028748225774061866, 0.0034094616893367556, 0.027099388504334885, 0.010929591579259157, 0.00043109662821984817, 0.004778024516666755, 0.021948811463581706, 0.0009521672018926945, 0.0008206156450911711, 0.03442780163875788, 0.010145027248109579, 0.002690529181977779, 0.008273763389502191, 0.017200282887235924, 0.0021886480940613864, 0.006584444724423373, 0.009774207135072412, 0.0026586456183989526, 0.006056336433392003, 0.002663927993936774, 0.008085346407394603, 0.010530299704602885, 0.0019288521165461046, 0.007362058899355336, 0.005515020930131503]}, {'overall_acc': 0.8356826976229962, 'bal_acc': 0.7804229109531009, 'avg_odds_diff': 0.06848263753386657, 'disp_imp': 0.5702325123129034, 'stat_par_diff': 0.12443882379136631, 'eq_opp_diff': 0.10510379334650388, 'theil_ind': 0.11348897462273068, 'TPR': 0.6707520891364902, 'TNR': 0.8900937327697115, 'FPR': 0.10990626723028855, 'FNR': 0.32924791086350974, 'GTPR': 1.0, 'GTNR': 1.0, 'GFPR': 0.0, 'GFNR': 0.0, 'PPV': 0.6681465038845728, 'NPV': 0.8912403386087596, 'FDR': 0.3318534961154273, 'FOR': 0.10875966139124034, 'ACC': 0.8356826976229962, 'MCC': 0.5601158571596487, 'f1_score': 0.6694467611898806, 'fitness': 0.49163321962578216, 'solution': {'corr_type': 'spearman', 'l2': 0.0001, 'dropout': 0.10774834895089451, 'privileged_demotion': 0.033688131532709525, 'privileged_promotion': 0.056875574572032885, 'protected_demotion': 0.04055110563715588, 'protected_promotion': 0.6304696967846647}, 'corr': [0.08328567850059193, 0.001111046308196473, 1.0, 0.06519145220885113, 0.041081437424995974, 0.2620093610231739, 6.828531639252222e-05, 0.04488312683771957, 0.06152027583008096, 0.08489035501555554, 0.10412458229121761, 0.029068623716592842, 0.00246714369785769, 0.001203713338372324, 0.0056042125733153985, 0.006803700202040599, 0.009594516472667503, 0.017603489220481796, 0.018228995980900137, 0.01456416451058709, 0.025784272013045197, 0.012605194910038054, 0.02179906334861934, 0.03366558627631018, 0.016469294159551128, 0.00036205556729654916, 0.0016423387434043775, 0.04522361743234896, 0.059316843027272304, 0.23674643550173563, 0.018188293806793987, 0.43791487448505473, 0.04198283706059048, 0.17733114330569874, 0.10636105531769287, 0.17982708601444863, 0.28331344969482086, 0.009138645613559088, 0.2312641651796888, 0.029791710129796874, 0.09934492566960045, 0.09501820651618434, 0.031071837611008422, 0.16623846564218073, 0.09267341774053656, 0.0365861024341522, 0.0605783007602666, 0.017740131317865754, 0.022758889594143194, 0.13541062601606527, 0.5806801786652194, 0.17382098612018787, 0.04191597148740821, 0.10359130989695393, 0.32426774297726974, 0.3143461226011079, 0.012895971923139352, 0.0032352766633995493, 0.11534999903171005, 0.005577532270042713, 0.10306147050864006, 0.00935307845319163, 0.0034177330416999335, 0.008717659856474328, 0.00797399259752172, 0.006265064244531559, 0.008833304198524284, 0.00022739575227900762, 0.0013634465236934874, 0.0036756520863580593, 0.003356156300800902, 0.01534642700293074, 0.009819954069467044, 0.003110840970460055, 0.012240936347802996, 0.0, 0.013320817112057423, 0.0028748225774061866, 0.0034094616893367556, 0.027099388504334885, 0.010929591579259157, 0.00043109662821984817, 0.004778024516666755, 0.021948811463581706, 0.0009521672018926945, 0.0008206156450911711, 0.03442780163875788, 0.010145027248109579, 0.002690529181977779, 0.008273763389502191, 0.017200282887235924, 0.0021886480940613864, 0.006584444724423373, 0.009774207135072412, 0.0026586456183989526, 0.006056336433392003, 0.002663927993936774, 0.008085346407394603, 0.010530299704602885, 0.0019288521165461046, 0.007362058899355336, 0.005515020930131503]}, {'overall_acc': 0.8472913211719182, 'bal_acc': 0.7588369846399896, 'avg_odds_diff': 0.04400100770008914, 'disp_imp': 0.35010439800449256, 'stat_par_diff': 0.15994356926159925, 'eq_opp_diff': 0.02407697882437032, 'theil_ind': 0.12785209373344011, 'TPR': 0.5832869080779944, 'TNR': 0.9343870612019849, 'FPR': 0.06561293879801507, 'FNR': 0.41671309192200556, 'GTPR': 1.0, 'GTNR': 1.0, 'GFPR': 0.0, 'GFNR': 0.0, 'PPV': 0.7457264957264957, 'NPV': 0.8717421124828533, 'FDR': 0.25427350427350426, 'FOR': 0.12825788751714678, 'ACC': 0.8472913211719182, 'MCC': 0.5653737041263223, 'f1_score': 0.6545795561112848, 'fitness': 0.5213726964262331, 'solution': {'corr_type': 'spearman', 'l2': 0.0001, 'dropout': 0.03773533600508486, 'privileged_demotion': 0.09110112969597334, 'privileged_promotion': 0.05038430965951136, 'protected_demotion': 0.3823477088293021, 'protected_promotion': 0.5031117922924428}, 'corr': [0.08328567850059193, 0.001111046308196473, 1.0, 0.06519145220885113, 0.041081437424995974, 0.2620093610231739, 6.828531639252222e-05, 0.04488312683771957, 0.06152027583008096, 0.08489035501555554, 0.10412458229121761, 0.029068623716592842, 0.00246714369785769, 0.001203713338372324, 0.0056042125733153985, 0.006803700202040599, 0.009594516472667503, 0.017603489220481796, 0.018228995980900137, 0.01456416451058709, 0.025784272013045197, 0.012605194910038054, 0.02179906334861934, 0.03366558627631018, 0.016469294159551128, 0.00036205556729654916, 0.0016423387434043775, 0.04522361743234896, 0.059316843027272304, 0.23674643550173563, 0.018188293806793987, 0.43791487448505473, 0.04198283706059048, 0.17733114330569874, 0.10636105531769287, 0.17982708601444863, 0.28331344969482086, 0.009138645613559088, 0.2312641651796888, 0.029791710129796874, 0.09934492566960045, 0.09501820651618434, 0.031071837611008422, 0.16623846564218073, 0.09267341774053656, 0.0365861024341522, 0.0605783007602666, 0.017740131317865754, 0.022758889594143194, 0.13541062601606527, 0.5806801786652194, 0.17382098612018787, 0.04191597148740821, 0.10359130989695393, 0.32426774297726974, 0.3143461226011079, 0.012895971923139352, 0.0032352766633995493, 0.11534999903171005, 0.005577532270042713, 0.10306147050864006, 0.00935307845319163, 0.0034177330416999335, 0.008717659856474328, 0.00797399259752172, 0.006265064244531559, 0.008833304198524284, 0.00022739575227900762, 0.0013634465236934874, 0.0036756520863580593, 0.003356156300800902, 0.01534642700293074, 0.009819954069467044, 0.003110840970460055, 0.012240936347802996, 0.0, 0.013320817112057423, 0.0028748225774061866, 0.0034094616893367556, 0.027099388504334885, 0.010929591579259157, 0.00043109662821984817, 0.004778024516666755, 0.021948811463581706, 0.0009521672018926945, 0.0008206156450911711, 0.03442780163875788, 0.010145027248109579, 0.002690529181977779, 0.008273763389502191, 0.017200282887235924, 0.0021886480940613864, 0.006584444724423373, 0.009774207135072412, 0.0026586456183989526, 0.006056336433392003, 0.002663927993936774, 0.008085346407394603, 0.010530299704602885, 0.0019288521165461046, 0.007362058899355336, 0.005515020930131503]}, {'overall_acc': 0.8448037589828634, 'bal_acc': 0.7709954697619795, 'avg_odds_diff': 0.06922802087534183, 'disp_imp': 0.45939500439312164, 'stat_par_diff': 0.14235193019566367, 'eq_opp_diff': 0.08354595002432263, 'theil_ind': 0.12036959089384514, 'TPR': 0.6245125348189415, 'TNR': 0.9174784047050175, 'FPR': 0.08252159529498254, 'FNR': 0.3754874651810585, 'GTPR': 1.0, 'GTNR': 1.0, 'GFPR': 0.0, 'GFNR': 0.0, 'PPV': 0.7140127388535031, 'NPV': 0.8810448288033886, 'FDR': 0.2859872611464968, 'FOR': 0.11895517119661136, 'ACC': 0.8448037589828634, 'MCC': 0.5679047544837079, 'f1_score': 0.6662704309063893, 'fitness': 0.49867673360836606, 'solution': {'corr_type': 'spearman', 'l2': 0.0001, 'dropout': 0.04002524878331046, 'privileged_demotion': 0.0882559521044617, 'privileged_promotion': 0.0532369598890401, 'protected_demotion': 0.04361299052943332, 'protected_promotion': 0.4897529756378919}, 'corr': [0.08328567850059193, 0.001111046308196473, 1.0, 0.06519145220885113, 0.041081437424995974, 0.2620093610231739, 6.828531639252222e-05, 0.04488312683771957, 0.06152027583008096, 0.08489035501555554, 0.10412458229121761, 0.029068623716592842, 0.00246714369785769, 0.001203713338372324, 0.0056042125733153985, 0.006803700202040599, 0.009594516472667503, 0.017603489220481796, 0.018228995980900137, 0.01456416451058709, 0.025784272013045197, 0.012605194910038054, 0.02179906334861934, 0.03366558627631018, 0.016469294159551128, 0.00036205556729654916, 0.0016423387434043775, 0.04522361743234896, 0.059316843027272304, 0.23674643550173563, 0.018188293806793987, 0.43791487448505473, 0.04198283706059048, 0.17733114330569874, 0.10636105531769287, 0.17982708601444863, 0.28331344969482086, 0.009138645613559088, 0.2312641651796888, 0.029791710129796874, 0.09934492566960045, 0.09501820651618434, 0.031071837611008422, 0.16623846564218073, 0.09267341774053656, 0.0365861024341522, 0.0605783007602666, 0.017740131317865754, 0.022758889594143194, 0.13541062601606527, 0.5806801786652194, 0.17382098612018787, 0.04191597148740821, 0.10359130989695393, 0.32426774297726974, 0.3143461226011079, 0.012895971923139352, 0.0032352766633995493, 0.11534999903171005, 0.005577532270042713, 0.10306147050864006, 0.00935307845319163, 0.0034177330416999335, 0.008717659856474328, 0.00797399259752172, 0.006265064244531559, 0.008833304198524284, 0.00022739575227900762, 0.0013634465236934874, 0.0036756520863580593, 0.003356156300800902, 0.01534642700293074, 0.009819954069467044, 0.003110840970460055, 0.012240936347802996, 0.0, 0.013320817112057423, 0.0028748225774061866, 0.0034094616893367556, 0.027099388504334885, 0.010929591579259157, 0.00043109662821984817, 0.004778024516666755, 0.021948811463581706, 0.0009521672018926945, 0.0008206156450911711, 0.03442780163875788, 0.010145027248109579, 0.002690529181977779, 0.008273763389502191, 0.017200282887235924, 0.0021886480940613864, 0.006584444724423373, 0.009774207135072412, 0.0026586456183989526, 0.006056336433392003, 0.002663927993936774, 0.008085346407394603, 0.010530299704602885, 0.0019288521165461046, 0.007362058899355336, 0.005515020930131503]}, {'overall_acc': 0.8454947484798231, 'bal_acc': 0.761375484495876, 'avg_odds_diff': 0.18042051554353986, 'disp_imp': 0.18253492267371313, 'stat_par_diff': 0.22430035625817582, 'eq_opp_diff': 0.25988295327065686, 'theil_ind': 0.12621553965753515, 'TPR': 0.5944289693593314, 'TNR': 0.9283219996324205, 'FPR': 0.07167800036757949, 'FNR': 0.4055710306406685, 'GTPR': 1.0, 'GTNR': 1.0, 'GFPR': 0.0, 'GFNR': 0.0, 'PPV': 0.7323266986959506, 'NPV': 0.8740266482090328, 'FDR': 0.2676733013040494, 'FOR': 0.1259733517909673, 'ACC': 0.8454947484798231, 'MCC': 0.5630024863586056, 'f1_score': 0.656211562115621, 'fitness': 0.38258197081506573, 'solution': {'corr_type': 'spearman', 'l2': 0.0001, 'dropout': 0.11412131751083247, 'privileged_demotion': 0.08591919045471923, 'privileged_promotion': 0.05060653921735873, 'protected_demotion': 0.46623998919737764, 'protected_promotion': 0.2039323330532547}, 'corr': [0.08328567850059193, 0.001111046308196473, 1.0, 0.06519145220885113, 0.041081437424995974, 0.2620093610231739, 6.828531639252222e-05, 0.04488312683771957, 0.06152027583008096, 0.08489035501555554, 0.10412458229121761, 0.029068623716592842, 0.00246714369785769, 0.001203713338372324, 0.0056042125733153985, 0.006803700202040599, 0.009594516472667503, 0.017603489220481796, 0.018228995980900137, 0.01456416451058709, 0.025784272013045197, 0.012605194910038054, 0.02179906334861934, 0.03366558627631018, 0.016469294159551128, 0.00036205556729654916, 0.0016423387434043775, 0.04522361743234896, 0.059316843027272304, 0.23674643550173563, 0.018188293806793987, 0.43791487448505473, 0.04198283706059048, 0.17733114330569874, 0.10636105531769287, 0.17982708601444863, 0.28331344969482086, 0.009138645613559088, 0.2312641651796888, 0.029791710129796874, 0.09934492566960045, 0.09501820651618434, 0.031071837611008422, 0.16623846564218073, 0.09267341774053656, 0.0365861024341522, 0.0605783007602666, 0.017740131317865754, 0.022758889594143194, 0.13541062601606527, 0.5806801786652194, 0.17382098612018787, 0.04191597148740821, 0.10359130989695393, 0.32426774297726974, 0.3143461226011079, 0.012895971923139352, 0.0032352766633995493, 0.11534999903171005, 0.005577532270042713, 0.10306147050864006, 0.00935307845319163, 0.0034177330416999335, 0.008717659856474328, 0.00797399259752172, 0.006265064244531559, 0.008833304198524284, 0.00022739575227900762, 0.0013634465236934874, 0.0036756520863580593, 0.003356156300800902, 0.01534642700293074, 0.009819954069467044, 0.003110840970460055, 0.012240936347802996, 0.0, 0.013320817112057423, 0.0028748225774061866, 0.0034094616893367556, 0.027099388504334885, 0.010929591579259157, 0.00043109662821984817, 0.004778024516666755, 0.021948811463581706, 0.0009521672018926945, 0.0008206156450911711, 0.03442780163875788, 0.010145027248109579, 0.002690529181977779, 0.008273763389502191, 0.017200282887235924, 0.0021886480940613864, 0.006584444724423373, 0.009774207135072412, 0.0026586456183989526, 0.006056336433392003, 0.002663927993936774, 0.008085346407394603, 0.010530299704602885, 0.0019288521165461046, 0.007362058899355336, 0.005515020930131503]}, {'overall_acc': 0.8485351022664456, 'bal_acc': 0.7706767814166555, 'avg_odds_diff': 0.15510246867663047, 'disp_imp': 0.21453365183977094, 'stat_par_diff': 0.22067097609173647, 'eq_opp_diff': 0.2096044833166218, 'theil_ind': 0.12088783032008464, 'TPR': 0.6161559888579388, 'TNR': 0.9251975739753722, 'FPR': 0.07480242602462782, 'FNR': 0.3838440111420613, 'GTPR': 1.0, 'GTNR': 1.0, 'GFPR': 0.0, 'GFNR': 0.0, 'PPV': 0.7309980171844018, 'NPV': 0.8796085968897431, 'FDR': 0.2690019828155982, 'FOR': 0.12039140311025685, 'ACC': 0.8485351022664456, 'MCC': 0.5749383149683301, 'f1_score': 0.6686819830713422, 'fitness': 0.4198358462916997, 'solution': {'corr_type': 'spearman', 'l2': 0.0001, 'dropout': 0.05400038489219083, 'privileged_demotion': 0.023847062201084814, 'privileged_promotion': 0.056545961516264454, 'protected_demotion': 0.4839376865095793, 'protected_promotion': 0.40169506216148265}, 'corr': [0.08328567850059193, 0.001111046308196473, 1.0, 0.06519145220885113, 0.041081437424995974, 0.2620093610231739, 6.828531639252222e-05, 0.04488312683771957, 0.06152027583008096, 0.08489035501555554, 0.10412458229121761, 0.029068623716592842, 0.00246714369785769, 0.001203713338372324, 0.0056042125733153985, 0.006803700202040599, 0.009594516472667503, 0.017603489220481796, 0.018228995980900137, 0.01456416451058709, 0.025784272013045197, 0.012605194910038054, 0.02179906334861934, 0.03366558627631018, 0.016469294159551128, 0.00036205556729654916, 0.0016423387434043775, 0.04522361743234896, 0.059316843027272304, 0.23674643550173563, 0.018188293806793987, 0.43791487448505473, 0.04198283706059048, 0.17733114330569874, 0.10636105531769287, 0.17982708601444863, 0.28331344969482086, 0.009138645613559088, 0.2312641651796888, 0.029791710129796874, 0.09934492566960045, 0.09501820651618434, 0.031071837611008422, 0.16623846564218073, 0.09267341774053656, 0.0365861024341522, 0.0605783007602666, 0.017740131317865754, 0.022758889594143194, 0.13541062601606527, 0.5806801786652194, 0.17382098612018787, 0.04191597148740821, 0.10359130989695393, 0.32426774297726974, 0.3143461226011079, 0.012895971923139352, 0.0032352766633995493, 0.11534999903171005, 0.005577532270042713, 0.10306147050864006, 0.00935307845319163, 0.0034177330416999335, 0.008717659856474328, 0.00797399259752172, 0.006265064244531559, 0.008833304198524284, 0.00022739575227900762, 0.0013634465236934874, 0.0036756520863580593, 0.003356156300800902, 0.01534642700293074, 0.009819954069467044, 0.003110840970460055, 0.012240936347802996, 0.0, 0.013320817112057423, 0.0028748225774061866, 0.0034094616893367556, 0.027099388504334885, 0.010929591579259157, 0.00043109662821984817, 0.004778024516666755, 0.021948811463581706, 0.0009521672018926945, 0.0008206156450911711, 0.03442780163875788, 0.010145027248109579, 0.002690529181977779, 0.008273763389502191, 0.017200282887235924, 0.0021886480940613864, 0.006584444724423373, 0.009774207135072412, 0.0026586456183989526, 0.006056336433392003, 0.002663927993936774, 0.008085346407394603, 0.010530299704602885, 0.0019288521165461046, 0.007362058899355336, 0.005515020930131503]}, {'overall_acc': 0.8333333333333334, 'bal_acc': 0.7990196173794449, 'avg_odds_diff': 0.2801746259076299, 'disp_imp': 0.15655229596872902, 'stat_par_diff': 0.3270088229563862, 'eq_opp_diff': 0.370799372573936, 'theil_ind': 0.10143847129041184, 'TPR': 0.7309192200557103, 'TNR': 0.8671200147031796, 'FPR': 0.13287998529682044, 'FNR': 0.2690807799442897, 'GTPR': 1.0, 'GTNR': 1.0, 'GFPR': 0.0, 'GFNR': 0.0, 'PPV': 0.6447174447174447, 'NPV': 0.9071332436069987, 'FDR': 0.35528255528255526, 'FOR': 0.09286675639300135, 'ACC': 0.8333333333333334, 'MCC': 0.5744809512479215, 'f1_score': 0.6851174934725849, 'fitness': 0.2943063253402916, 'solution': {'corr_type': 'spearman', 'l2': 0.001, 'dropout': 0.05363013859397145, 'privileged_demotion': 0.08884423822181321, 'privileged_promotion': 0.4003895867460744, 'protected_demotion': 0.5046736166057486, 'protected_promotion': 0.21776700660480175}, 'corr': [0.08328567850059193, 0.001111046308196473, 1.0, 0.06519145220885113, 0.041081437424995974, 0.2620093610231739, 6.828531639252222e-05, 0.04488312683771957, 0.06152027583008096, 0.08489035501555554, 0.10412458229121761, 0.029068623716592842, 0.00246714369785769, 0.001203713338372324, 0.0056042125733153985, 0.006803700202040599, 0.009594516472667503, 0.017603489220481796, 0.018228995980900137, 0.01456416451058709, 0.025784272013045197, 0.012605194910038054, 0.02179906334861934, 0.03366558627631018, 0.016469294159551128, 0.00036205556729654916, 0.0016423387434043775, 0.04522361743234896, 0.059316843027272304, 0.23674643550173563, 0.018188293806793987, 0.43791487448505473, 0.04198283706059048, 0.17733114330569874, 0.10636105531769287, 0.17982708601444863, 0.28331344969482086, 0.009138645613559088, 0.2312641651796888, 0.029791710129796874, 0.09934492566960045, 0.09501820651618434, 0.031071837611008422, 0.16623846564218073, 0.09267341774053656, 0.0365861024341522, 0.0605783007602666, 0.017740131317865754, 0.022758889594143194, 0.13541062601606527, 0.5806801786652194, 0.17382098612018787, 0.04191597148740821, 0.10359130989695393, 0.32426774297726974, 0.3143461226011079, 0.012895971923139352, 0.0032352766633995493, 0.11534999903171005, 0.005577532270042713, 0.10306147050864006, 0.00935307845319163, 0.0034177330416999335, 0.008717659856474328, 0.00797399259752172, 0.006265064244531559, 0.008833304198524284, 0.00022739575227900762, 0.0013634465236934874, 0.0036756520863580593, 0.003356156300800902, 0.01534642700293074, 0.009819954069467044, 0.003110840970460055, 0.012240936347802996, 0.0, 0.013320817112057423, 0.0028748225774061866, 0.0034094616893367556, 0.027099388504334885, 0.010929591579259157, 0.00043109662821984817, 0.004778024516666755, 0.021948811463581706, 0.0009521672018926945, 0.0008206156450911711, 0.03442780163875788, 0.010145027248109579, 0.002690529181977779, 0.008273763389502191, 0.017200282887235924, 0.0021886480940613864, 0.006584444724423373, 0.009774207135072412, 0.0026586456183989526, 0.006056336433392003, 0.002663927993936774, 0.008085346407394603, 0.010530299704602885, 0.0019288521165461046, 0.007362058899355336, 0.005515020930131503]}, {'overall_acc': 0.8446655610834716, 'bal_acc': 0.7759433047034303, 'avg_odds_diff': 0.164530480583554, 'disp_imp': 0.22778720996038487, 'stat_par_diff': 0.23166383701188453, 'eq_opp_diff': 0.21919953538702863, 'theil_ind': 0.11735771662244497, 'TPR': 0.6395543175487465, 'TNR': 0.9123322918581143, 'FPR': 0.08766770814188568, 'FNR': 0.36044568245125347, 'GTPR': 1.0, 'GTNR': 1.0, 'GFPR': 0.0, 'GFNR': 0.0, 'PPV': 0.7064615384615385, 'NPV': 0.8846907859561576, 'FDR': 0.2935384615384615, 'FOR': 0.11530921404384245, 'ACC': 0.8446655610834716, 'MCC': 0.5711821530526552, 'f1_score': 0.6713450292397661, 'fitness': 0.40665167246910117, 'solution': {'corr_type': 'spearman', 'l2': 0.001, 'dropout': 0.05467197925146834, 'privileged_demotion': 0.2683192342703619, 'privileged_promotion': 0.37731775226209624, 'protected_demotion': 0.46628445438593114, 'protected_promotion': 0.38520215784792877}, 'corr': [0.08328567850059193, 0.001111046308196473, 1.0, 0.06519145220885113, 0.041081437424995974, 0.2620093610231739, 6.828531639252222e-05, 0.04488312683771957, 0.06152027583008096, 0.08489035501555554, 0.10412458229121761, 0.029068623716592842, 0.00246714369785769, 0.001203713338372324, 0.0056042125733153985, 0.006803700202040599, 0.009594516472667503, 0.017603489220481796, 0.018228995980900137, 0.01456416451058709, 0.025784272013045197, 0.012605194910038054, 0.02179906334861934, 0.03366558627631018, 0.016469294159551128, 0.00036205556729654916, 0.0016423387434043775, 0.04522361743234896, 0.059316843027272304, 0.23674643550173563, 0.018188293806793987, 0.43791487448505473, 0.04198283706059048, 0.17733114330569874, 0.10636105531769287, 0.17982708601444863, 0.28331344969482086, 0.009138645613559088, 0.2312641651796888, 0.029791710129796874, 0.09934492566960045, 0.09501820651618434, 0.031071837611008422, 0.16623846564218073, 0.09267341774053656, 0.0365861024341522, 0.0605783007602666, 0.017740131317865754, 0.022758889594143194, 0.13541062601606527, 0.5806801786652194, 0.17382098612018787, 0.04191597148740821, 0.10359130989695393, 0.32426774297726974, 0.3143461226011079, 0.012895971923139352, 0.0032352766633995493, 0.11534999903171005, 0.005577532270042713, 0.10306147050864006, 0.00935307845319163, 0.0034177330416999335, 0.008717659856474328, 0.00797399259752172, 0.006265064244531559, 0.008833304198524284, 0.00022739575227900762, 0.0013634465236934874, 0.0036756520863580593, 0.003356156300800902, 0.01534642700293074, 0.009819954069467044, 0.003110840970460055, 0.012240936347802996, 0.0, 0.013320817112057423, 0.0028748225774061866, 0.0034094616893367556, 0.027099388504334885, 0.010929591579259157, 0.00043109662821984817, 0.004778024516666755, 0.021948811463581706, 0.0009521672018926945, 0.0008206156450911711, 0.03442780163875788, 0.010145027248109579, 0.002690529181977779, 0.008273763389502191, 0.017200282887235924, 0.0021886480940613864, 0.006584444724423373, 0.009774207135072412, 0.0026586456183989526, 0.006056336433392003, 0.002663927993936774, 0.008085346407394603, 0.010530299704602885, 0.0019288521165461046, 0.007362058899355336, 0.005515020930131503]}, {'overall_acc': 0.8470149253731343, 'bal_acc': 0.77022590780103, 'avg_odds_diff': 0.1592351895641058, 'disp_imp': 0.21520075849447665, 'stat_par_diff': 0.2228958501489048, 'eq_opp_diff': 0.21601773074288438, 'theil_ind': 0.12103243532967267, 'TPR': 0.6178272980501393, 'TNR': 0.9226245175519207, 'FPR': 0.0773754824480794, 'FNR': 0.38217270194986075, 'GTPR': 1.0, 'GTNR': 1.0, 'GFPR': 0.0, 'GFNR': 0.0, 'PPV': 0.7248366013071895, 'NPV': 0.8797756747283562, 'FDR': 0.2751633986928105, 'FOR': 0.12022432527164388, 'ACC': 0.8470149253731343, 'MCC': 0.5716325763274033, 'f1_score': 0.6670676691729324, 'fitness': 0.4123973867632975, 'solution': {'corr_type': 'spearman', 'l2': 0.001, 'dropout': 0.06505475885191564, 'privileged_demotion': 0.275935574018002, 'privileged_promotion': 0.25158382212926444, 'protected_demotion': 0.46403381155664375, 'protected_promotion': 0.18333430346637875}, 'corr': [0.08328567850059193, 0.001111046308196473, 1.0, 0.06519145220885113, 0.041081437424995974, 0.2620093610231739, 6.828531639252222e-05, 0.04488312683771957, 0.06152027583008096, 0.08489035501555554, 0.10412458229121761, 0.029068623716592842, 0.00246714369785769, 0.001203713338372324, 0.0056042125733153985, 0.006803700202040599, 0.009594516472667503, 0.017603489220481796, 0.018228995980900137, 0.01456416451058709, 0.025784272013045197, 0.012605194910038054, 0.02179906334861934, 0.03366558627631018, 0.016469294159551128, 0.00036205556729654916, 0.0016423387434043775, 0.04522361743234896, 0.059316843027272304, 0.23674643550173563, 0.018188293806793987, 0.43791487448505473, 0.04198283706059048, 0.17733114330569874, 0.10636105531769287, 0.17982708601444863, 0.28331344969482086, 0.009138645613559088, 0.2312641651796888, 0.029791710129796874, 0.09934492566960045, 0.09501820651618434, 0.031071837611008422, 0.16623846564218073, 0.09267341774053656, 0.0365861024341522, 0.0605783007602666, 0.017740131317865754, 0.022758889594143194, 0.13541062601606527, 0.5806801786652194, 0.17382098612018787, 0.04191597148740821, 0.10359130989695393, 0.32426774297726974, 0.3143461226011079, 0.012895971923139352, 0.0032352766633995493, 0.11534999903171005, 0.005577532270042713, 0.10306147050864006, 0.00935307845319163, 0.0034177330416999335, 0.008717659856474328, 0.00797399259752172, 0.006265064244531559, 0.008833304198524284, 0.00022739575227900762, 0.0013634465236934874, 0.0036756520863580593, 0.003356156300800902, 0.01534642700293074, 0.009819954069467044, 0.003110840970460055, 0.012240936347802996, 0.0, 0.013320817112057423, 0.0028748225774061866, 0.0034094616893367556, 0.027099388504334885, 0.010929591579259157, 0.00043109662821984817, 0.004778024516666755, 0.021948811463581706, 0.0009521672018926945, 0.0008206156450911711, 0.03442780163875788, 0.010145027248109579, 0.002690529181977779, 0.008273763389502191, 0.017200282887235924, 0.0021886480940613864, 0.006584444724423373, 0.009774207135072412, 0.0026586456183989526, 0.006056336433392003, 0.002663927993936774, 0.008085346407394603, 0.010530299704602885, 0.0019288521165461046, 0.007362058899355336, 0.005515020930131503]}, {'overall_acc': 0.5107794361525705, 'bal_acc': 0.6578930527988516, 'avg_odds_diff': 0.6414023372688098, 'disp_imp': 0.12076601793156476, 'stat_par_diff': 0.8776124439867516, 'eq_opp_diff': 0.3377503003107347, 'theil_ind': 0.06996190418887492, 'TPR': 0.9498607242339833, 'TNR': 0.3659253813637199, 'FPR': 0.6340746186362801, 'FNR': 0.05013927576601671, 'GTPR': 1.0, 'GTNR': 1.0, 'GFPR': 0.0, 'GFNR': 0.0, 'PPV': 0.33074684772065954, 'NPV': 0.9567515617491591, 'FDR': 0.6692531522793405, 'FOR': 0.04324843825084094, 'ACC': 0.5107794361525705, 'MCC': 0.3013104762400535, 'f1_score': 0.49064748201438846, 'fitness': -0.34009186102875627, 'solution': {'corr_type': 'spearman', 'l2': 0.001, 'dropout': 0.053468507540084864, 'privileged_demotion': 0.7357641277015907, 'privileged_promotion': 0.3933491647979178, 'protected_demotion': 0.21653746983629246, 'protected_promotion': 0.4063824594069773}, 'corr': [0.08328567850059193, 0.001111046308196473, 1.0, 0.06519145220885113, 0.041081437424995974, 0.2620093610231739, 6.828531639252222e-05, 0.04488312683771957, 0.06152027583008096, 0.08489035501555554, 0.10412458229121761, 0.029068623716592842, 0.00246714369785769, 0.001203713338372324, 0.0056042125733153985, 0.006803700202040599, 0.009594516472667503, 0.017603489220481796, 0.018228995980900137, 0.01456416451058709, 0.025784272013045197, 0.012605194910038054, 0.02179906334861934, 0.03366558627631018, 0.016469294159551128, 0.00036205556729654916, 0.0016423387434043775, 0.04522361743234896, 0.059316843027272304, 0.23674643550173563, 0.018188293806793987, 0.43791487448505473, 0.04198283706059048, 0.17733114330569874, 0.10636105531769287, 0.17982708601444863, 0.28331344969482086, 0.009138645613559088, 0.2312641651796888, 0.029791710129796874, 0.09934492566960045, 0.09501820651618434, 0.031071837611008422, 0.16623846564218073, 0.09267341774053656, 0.0365861024341522, 0.0605783007602666, 0.017740131317865754, 0.022758889594143194, 0.13541062601606527, 0.5806801786652194, 0.17382098612018787, 0.04191597148740821, 0.10359130989695393, 0.32426774297726974, 0.3143461226011079, 0.012895971923139352, 0.0032352766633995493, 0.11534999903171005, 0.005577532270042713, 0.10306147050864006, 0.00935307845319163, 0.0034177330416999335, 0.008717659856474328, 0.00797399259752172, 0.006265064244531559, 0.008833304198524284, 0.00022739575227900762, 0.0013634465236934874, 0.0036756520863580593, 0.003356156300800902, 0.01534642700293074, 0.009819954069467044, 0.003110840970460055, 0.012240936347802996, 0.0, 0.013320817112057423, 0.0028748225774061866, 0.0034094616893367556, 0.027099388504334885, 0.010929591579259157, 0.00043109662821984817, 0.004778024516666755, 0.021948811463581706, 0.0009521672018926945, 0.0008206156450911711, 0.03442780163875788, 0.010145027248109579, 0.002690529181977779, 0.008273763389502191, 0.017200282887235924, 0.0021886480940613864, 0.006584444724423373, 0.009774207135072412, 0.0026586456183989526, 0.006056336433392003, 0.002663927993936774, 0.008085346407394603, 0.010530299704602885, 0.0019288521165461046, 0.007362058899355336, 0.005515020930131503]}, {'overall_acc': 0.8441127694859039, 'bal_acc': 0.7600832224536802, 'avg_odds_diff': 0.0690370778832816, 'disp_imp': 0.5033083160116147, 'stat_par_diff': 0.11979633443736258, 'eq_opp_diff': 0.1022793832957739, 'theil_ind': 0.12688435125564676, 'TPR': 0.5933147632311978, 'TNR': 0.9268516816761625, 'FPR': 0.07314831832383753, 'FNR': 0.40668523676880225, 'GTPR': 1.0, 'GTNR': 1.0, 'GFPR': 0.0, 'GFNR': 0.0, 'PPV': 0.7279562542720438, 'NPV': 0.8735492811363242, 'FDR': 0.27204374572795625, 'FOR': 0.12645071886367573, 'ACC': 0.8441127694859039, 'MCC': 0.5593594514670053, 'f1_score': 0.6537753222836096, 'fitness': 0.49032237358372366, 'solution': {'corr_type': 'spearman', 'l2': 0.0001, 'dropout': 0.06525351449894938, 'privileged_demotion': 0.2654975188740169, 'privileged_promotion': 0.2045269982513061, 'protected_demotion': 0.13255808261796048, 'protected_promotion': 0.5418596821246003}, 'corr': [0.08328567850059193, 0.001111046308196473, 1.0, 0.06519145220885113, 0.041081437424995974, 0.2620093610231739, 6.828531639252222e-05, 0.04488312683771957, 0.06152027583008096, 0.08489035501555554, 0.10412458229121761, 0.029068623716592842, 0.00246714369785769, 0.001203713338372324, 0.0056042125733153985, 0.006803700202040599, 0.009594516472667503, 0.017603489220481796, 0.018228995980900137, 0.01456416451058709, 0.025784272013045197, 0.012605194910038054, 0.02179906334861934, 0.03366558627631018, 0.016469294159551128, 0.00036205556729654916, 0.0016423387434043775, 0.04522361743234896, 0.059316843027272304, 0.23674643550173563, 0.018188293806793987, 0.43791487448505473, 0.04198283706059048, 0.17733114330569874, 0.10636105531769287, 0.17982708601444863, 0.28331344969482086, 0.009138645613559088, 0.2312641651796888, 0.029791710129796874, 0.09934492566960045, 0.09501820651618434, 0.031071837611008422, 0.16623846564218073, 0.09267341774053656, 0.0365861024341522, 0.0605783007602666, 0.017740131317865754, 0.022758889594143194, 0.13541062601606527, 0.5806801786652194, 0.17382098612018787, 0.04191597148740821, 0.10359130989695393, 0.32426774297726974, 0.3143461226011079, 0.012895971923139352, 0.0032352766633995493, 0.11534999903171005, 0.005577532270042713, 0.10306147050864006, 0.00935307845319163, 0.0034177330416999335, 0.008717659856474328, 0.00797399259752172, 0.006265064244531559, 0.008833304198524284, 0.00022739575227900762, 0.0013634465236934874, 0.0036756520863580593, 0.003356156300800902, 0.01534642700293074, 0.009819954069467044, 0.003110840970460055, 0.012240936347802996, 0.0, 0.013320817112057423, 0.0028748225774061866, 0.0034094616893367556, 0.027099388504334885, 0.010929591579259157, 0.00043109662821984817, 0.004778024516666755, 0.021948811463581706, 0.0009521672018926945, 0.0008206156450911711, 0.03442780163875788, 0.010145027248109579, 0.002690529181977779, 0.008273763389502191, 0.017200282887235924, 0.0021886480940613864, 0.006584444724423373, 0.009774207135072412, 0.0026586456183989526, 0.006056336433392003, 0.002663927993936774, 0.008085346407394603, 0.010530299704602885, 0.0019288521165461046, 0.007362058899355336, 0.005515020930131503]}, {'overall_acc': 0.8449419568822554, 'bal_acc': 0.7919929105281831, 'avg_odds_diff': 0.05293011101721009, 'disp_imp': 0.3980105118664885, 'stat_par_diff': 0.18553118650672157, 'eq_opp_diff': 0.01934894618233085, 'theil_ind': 0.10759255817056568, 'TPR': 0.686908077994429, 'TNR': 0.8970777430619371, 'FPR': 0.10292225693806285, 'FNR': 0.313091922005571, 'GTPR': 1.0, 'GTNR': 1.0, 'GFPR': 0.0, 'GFNR': 0.0, 'PPV': 0.6876742889012828, 'NPV': 0.8967481168473268, 'FDR': 0.3123257110987172, 'FOR': 0.10325188315267315, 'ACC': 0.8449419568822554, 'MCC': 0.5842040726191821, 'f1_score': 0.6872909698996655, 'fitness': 0.5312739616019719, 'solution': {'corr_type': 'spearman', 'l2': 0.0001, 'dropout': 0.06708794461631601, 'privileged_demotion': 0.13205714175277747, 'privileged_promotion': 0.24337142908108905, 'protected_demotion': 0.13268289135331507, 'protected_promotion': 0.537729162186012}, 'corr': [0.08328567850059193, 0.001111046308196473, 1.0, 0.06519145220885113, 0.041081437424995974, 0.2620093610231739, 6.828531639252222e-05, 0.04488312683771957, 0.06152027583008096, 0.08489035501555554, 0.10412458229121761, 0.029068623716592842, 0.00246714369785769, 0.001203713338372324, 0.0056042125733153985, 0.006803700202040599, 0.009594516472667503, 0.017603489220481796, 0.018228995980900137, 0.01456416451058709, 0.025784272013045197, 0.012605194910038054, 0.02179906334861934, 0.03366558627631018, 0.016469294159551128, 0.00036205556729654916, 0.0016423387434043775, 0.04522361743234896, 0.059316843027272304, 0.23674643550173563, 0.018188293806793987, 0.43791487448505473, 0.04198283706059048, 0.17733114330569874, 0.10636105531769287, 0.17982708601444863, 0.28331344969482086, 0.009138645613559088, 0.2312641651796888, 0.029791710129796874, 0.09934492566960045, 0.09501820651618434, 0.031071837611008422, 0.16623846564218073, 0.09267341774053656, 0.0365861024341522, 0.0605783007602666, 0.017740131317865754, 0.022758889594143194, 0.13541062601606527, 0.5806801786652194, 0.17382098612018787, 0.04191597148740821, 0.10359130989695393, 0.32426774297726974, 0.3143461226011079, 0.012895971923139352, 0.0032352766633995493, 0.11534999903171005, 0.005577532270042713, 0.10306147050864006, 0.00935307845319163, 0.0034177330416999335, 0.008717659856474328, 0.00797399259752172, 0.006265064244531559, 0.008833304198524284, 0.00022739575227900762, 0.0013634465236934874, 0.0036756520863580593, 0.003356156300800902, 0.01534642700293074, 0.009819954069467044, 0.003110840970460055, 0.012240936347802996, 0.0, 0.013320817112057423, 0.0028748225774061866, 0.0034094616893367556, 0.027099388504334885, 0.010929591579259157, 0.00043109662821984817, 0.004778024516666755, 0.021948811463581706, 0.0009521672018926945, 0.0008206156450911711, 0.03442780163875788, 0.010145027248109579, 0.002690529181977779, 0.008273763389502191, 0.017200282887235924, 0.0021886480940613864, 0.006584444724423373, 0.009774207135072412, 0.0026586456183989526, 0.006056336433392003, 0.002663927993936774, 0.008085346407394603, 0.010530299704602885, 0.0019288521165461046, 0.007362058899355336, 0.005515020930131503]}, {'overall_acc': 0.8427307904919845, 'bal_acc': 0.7839896094800696, 'avg_odds_diff': 0.05424101349390492, 'disp_imp': 0.4335629328604386, 'stat_par_diff': 0.1669132177349773, 'eq_opp_diff': 0.03773987630176012, 'theil_ind': 0.11222395457958168, 'TPR': 0.6674094707520891, 'TNR': 0.90056974820805, 'FPR': 0.09943025179195, 'FNR': 0.3325905292479109, 'GTPR': 1.0, 'GTNR': 1.0, 'GFPR': 0.0, 'GFNR': 0.0, 'PPV': 0.6889016676250719, 'NPV': 0.891395306530835, 'FDR': 0.3110983323749281, 'FOR': 0.108604693469165, 'ACC': 0.8427307904919845, 'MCC': 0.5741050619407602, 'f1_score': 0.677985285795133, 'fitness': 0.5198640484468553, 'solution': {'corr_type': 'spearman', 'l2': 0.001, 'dropout': 0.19425562221041762, 'privileged_demotion': 0.13521272325117292, 'privileged_promotion': 0.20175326648374162, 'protected_demotion': 0.12964960646787937, 'protected_promotion': 0.5851174780911963}, 'corr': [0.08328567850059193, 0.001111046308196473, 1.0, 0.06519145220885113, 0.041081437424995974, 0.2620093610231739, 6.828531639252222e-05, 0.04488312683771957, 0.06152027583008096, 0.08489035501555554, 0.10412458229121761, 0.029068623716592842, 0.00246714369785769, 0.001203713338372324, 0.0056042125733153985, 0.006803700202040599, 0.009594516472667503, 0.017603489220481796, 0.018228995980900137, 0.01456416451058709, 0.025784272013045197, 0.012605194910038054, 0.02179906334861934, 0.03366558627631018, 0.016469294159551128, 0.00036205556729654916, 0.0016423387434043775, 0.04522361743234896, 0.059316843027272304, 0.23674643550173563, 0.018188293806793987, 0.43791487448505473, 0.04198283706059048, 0.17733114330569874, 0.10636105531769287, 0.17982708601444863, 0.28331344969482086, 0.009138645613559088, 0.2312641651796888, 0.029791710129796874, 0.09934492566960045, 0.09501820651618434, 0.031071837611008422, 0.16623846564218073, 0.09267341774053656, 0.0365861024341522, 0.0605783007602666, 0.017740131317865754, 0.022758889594143194, 0.13541062601606527, 0.5806801786652194, 0.17382098612018787, 0.04191597148740821, 0.10359130989695393, 0.32426774297726974, 0.3143461226011079, 0.012895971923139352, 0.0032352766633995493, 0.11534999903171005, 0.005577532270042713, 0.10306147050864006, 0.00935307845319163, 0.0034177330416999335, 0.008717659856474328, 0.00797399259752172, 0.006265064244531559, 0.008833304198524284, 0.00022739575227900762, 0.0013634465236934874, 0.0036756520863580593, 0.003356156300800902, 0.01534642700293074, 0.009819954069467044, 0.003110840970460055, 0.012240936347802996, 0.0, 0.013320817112057423, 0.0028748225774061866, 0.0034094616893367556, 0.027099388504334885, 0.010929591579259157, 0.00043109662821984817, 0.004778024516666755, 0.021948811463581706, 0.0009521672018926945, 0.0008206156450911711, 0.03442780163875788, 0.010145027248109579, 0.002690529181977779, 0.008273763389502191, 0.017200282887235924, 0.0021886480940613864, 0.006584444724423373, 0.009774207135072412, 0.0026586456183989526, 0.006056336433392003, 0.002663927993936774, 0.008085346407394603, 0.010530299704602885, 0.0019288521165461046, 0.007362058899355336, 0.005515020930131503]}, {'overall_acc': 0.841901603095633, 'bal_acc': 0.7873580301015861, 'avg_odds_diff': 0.045799759470902965, 'disp_imp': 0.42123555875678115, 'stat_par_diff': 0.17611991705864344, 'eq_opp_diff': 0.01512225873383044, 'theil_ind': 0.11004576274939996, 'TPR': 0.6791086350974931, 'TNR': 0.8956074251056791, 'FPR': 0.1043925748943209, 'FNR': 0.32089136490250697, 'GTPR': 1.0, 'GTNR': 1.0, 'GFPR': 0.0, 'GFNR': 0.0, 'PPV': 0.6821488528259653, 'NPV': 0.8942925307395853, 'FDR': 0.3178511471740347, 'FOR': 0.10570746926041476, 'ACC': 0.841901603095633, 'MCC': 0.5755780754171052, 'f1_score': 0.6806253489670576, 'fitness': 0.5297783159462022, 'solution': {'corr_type': 'spearman', 'l2': 0.0001, 'dropout': 0.0903379163821395, 'privileged_demotion': 0.1410300997092977, 'privileged_promotion': 0.2004162910538978, 'protected_demotion': 0.12485124780674867, 'protected_promotion': 0.541982303537101}, 'corr': [0.08328567850059193, 0.001111046308196473, 1.0, 0.06519145220885113, 0.041081437424995974, 0.2620093610231739, 6.828531639252222e-05, 0.04488312683771957, 0.06152027583008096, 0.08489035501555554, 0.10412458229121761, 0.029068623716592842, 0.00246714369785769, 0.001203713338372324, 0.0056042125733153985, 0.006803700202040599, 0.009594516472667503, 0.017603489220481796, 0.018228995980900137, 0.01456416451058709, 0.025784272013045197, 0.012605194910038054, 0.02179906334861934, 0.03366558627631018, 0.016469294159551128, 0.00036205556729654916, 0.0016423387434043775, 0.04522361743234896, 0.059316843027272304, 0.23674643550173563, 0.018188293806793987, 0.43791487448505473, 0.04198283706059048, 0.17733114330569874, 0.10636105531769287, 0.17982708601444863, 0.28331344969482086, 0.009138645613559088, 0.2312641651796888, 0.029791710129796874, 0.09934492566960045, 0.09501820651618434, 0.031071837611008422, 0.16623846564218073, 0.09267341774053656, 0.0365861024341522, 0.0605783007602666, 0.017740131317865754, 0.022758889594143194, 0.13541062601606527, 0.5806801786652194, 0.17382098612018787, 0.04191597148740821, 0.10359130989695393, 0.32426774297726974, 0.3143461226011079, 0.012895971923139352, 0.0032352766633995493, 0.11534999903171005, 0.005577532270042713, 0.10306147050864006, 0.00935307845319163, 0.0034177330416999335, 0.008717659856474328, 0.00797399259752172, 0.006265064244531559, 0.008833304198524284, 0.00022739575227900762, 0.0013634465236934874, 0.0036756520863580593, 0.003356156300800902, 0.01534642700293074, 0.009819954069467044, 0.003110840970460055, 0.012240936347802996, 0.0, 0.013320817112057423, 0.0028748225774061866, 0.0034094616893367556, 0.027099388504334885, 0.010929591579259157, 0.00043109662821984817, 0.004778024516666755, 0.021948811463581706, 0.0009521672018926945, 0.0008206156450911711, 0.03442780163875788, 0.010145027248109579, 0.002690529181977779, 0.008273763389502191, 0.017200282887235924, 0.0021886480940613864, 0.006584444724423373, 0.009774207135072412, 0.0026586456183989526, 0.006056336433392003, 0.002663927993936774, 0.008085346407394603, 0.010530299704602885, 0.0019288521165461046, 0.007362058899355336, 0.005515020930131503]}, {'overall_acc': 0.8450801547816473, 'bal_acc': 0.776965615959298, 'avg_odds_diff': 0.055492338455988555, 'disp_imp': 0.45203417918439964, 'stat_par_diff': 0.15024144841214615, 'eq_opp_diff': 0.05440091731278973, 'theil_ind': 0.11678023214405309, 'TPR': 0.6417827298050139, 'TNR': 0.9121485021135821, 'FPR': 0.08785149788641794, 'FNR': 0.35821727019498606, 'GTPR': 1.0, 'GTNR': 1.0, 'GFPR': 0.0, 'GFNR': 0.0, 'PPV': 0.7067484662576687, 'NPV': 0.8853014627185158, 'FDR': 0.29325153374233126, 'FOR': 0.11469853728148413, 'ACC': 0.8450801547816473, 'MCC': 0.5726735077817859, 'f1_score': 0.6727007299270072, 'fitness': 0.5171811693257974, 'solution': {'corr_type': 'spearman', 'l2': 0.0001, 'dropout': 0.07638390009559937, 'privileged_demotion': 0.13303867398439448, 'privileged_promotion': 0.18058830475670662, 'protected_demotion': 0.14118247232490136, 'protected_promotion': 0.5833173938572929}, 'corr': [0.08328567850059193, 0.001111046308196473, 1.0, 0.06519145220885113, 0.041081437424995974, 0.2620093610231739, 6.828531639252222e-05, 0.04488312683771957, 0.06152027583008096, 0.08489035501555554, 0.10412458229121761, 0.029068623716592842, 0.00246714369785769, 0.001203713338372324, 0.0056042125733153985, 0.006803700202040599, 0.009594516472667503, 0.017603489220481796, 0.018228995980900137, 0.01456416451058709, 0.025784272013045197, 0.012605194910038054, 0.02179906334861934, 0.03366558627631018, 0.016469294159551128, 0.00036205556729654916, 0.0016423387434043775, 0.04522361743234896, 0.059316843027272304, 0.23674643550173563, 0.018188293806793987, 0.43791487448505473, 0.04198283706059048, 0.17733114330569874, 0.10636105531769287, 0.17982708601444863, 0.28331344969482086, 0.009138645613559088, 0.2312641651796888, 0.029791710129796874, 0.09934492566960045, 0.09501820651618434, 0.031071837611008422, 0.16623846564218073, 0.09267341774053656, 0.0365861024341522, 0.0605783007602666, 0.017740131317865754, 0.022758889594143194, 0.13541062601606527, 0.5806801786652194, 0.17382098612018787, 0.04191597148740821, 0.10359130989695393, 0.32426774297726974, 0.3143461226011079, 0.012895971923139352, 0.0032352766633995493, 0.11534999903171005, 0.005577532270042713, 0.10306147050864006, 0.00935307845319163, 0.0034177330416999335, 0.008717659856474328, 0.00797399259752172, 0.006265064244531559, 0.008833304198524284, 0.00022739575227900762, 0.0013634465236934874, 0.0036756520863580593, 0.003356156300800902, 0.01534642700293074, 0.009819954069467044, 0.003110840970460055, 0.012240936347802996, 0.0, 0.013320817112057423, 0.0028748225774061866, 0.0034094616893367556, 0.027099388504334885, 0.010929591579259157, 0.00043109662821984817, 0.004778024516666755, 0.021948811463581706, 0.0009521672018926945, 0.0008206156450911711, 0.03442780163875788, 0.010145027248109579, 0.002690529181977779, 0.008273763389502191, 0.017200282887235924, 0.0021886480940613864, 0.006584444724423373, 0.009774207135072412, 0.0026586456183989526, 0.006056336433392003, 0.002663927993936774, 0.008085346407394603, 0.010530299704602885, 0.0019288521165461046, 0.007362058899355336, 0.005515020930131503]}, {'overall_acc': 0.8448037589828634, 'bal_acc': 0.7894744790789421, 'avg_odds_diff': 0.05924381428284416, 'disp_imp': 0.43352943499032653, 'stat_par_diff': 0.16970900943527512, 'eq_opp_diff': 0.04565467740174134, 'theil_ind': 0.10911900041462995, 'TPR': 0.6796657381615598, 'TNR': 0.8992832199963242, 'FPR': 0.1007167800036758, 'FNR': 0.3203342618384401, 'GTPR': 1.0, 'GTNR': 1.0, 'GFPR': 0.0, 'GFNR': 0.0, 'PPV': 0.6900452488687783, 'NPV': 0.8948427212874909, 'FDR': 0.30995475113122173, 'FOR': 0.10515727871250914, 'ACC': 0.8448037589828634, 'MCC': 0.5819108874742348, 'f1_score': 0.6848161661521189, 'fitness': 0.5226670731913906, 'solution': {'corr_type': 'spearman', 'l2': 0.0001, 'dropout': 0.07632690095226548, 'privileged_demotion': 0.13127593606028154, 'privileged_promotion': 0.20423077412365814, 'protected_demotion': 0.1288913917643663, 'protected_promotion': 0.5865552829226219}, 'corr': [0.08328567850059193, 0.001111046308196473, 1.0, 0.06519145220885113, 0.041081437424995974, 0.2620093610231739, 6.828531639252222e-05, 0.04488312683771957, 0.06152027583008096, 0.08489035501555554, 0.10412458229121761, 0.029068623716592842, 0.00246714369785769, 0.001203713338372324, 0.0056042125733153985, 0.006803700202040599, 0.009594516472667503, 0.017603489220481796, 0.018228995980900137, 0.01456416451058709, 0.025784272013045197, 0.012605194910038054, 0.02179906334861934, 0.03366558627631018, 0.016469294159551128, 0.00036205556729654916, 0.0016423387434043775, 0.04522361743234896, 0.059316843027272304, 0.23674643550173563, 0.018188293806793987, 0.43791487448505473, 0.04198283706059048, 0.17733114330569874, 0.10636105531769287, 0.17982708601444863, 0.28331344969482086, 0.009138645613559088, 0.2312641651796888, 0.029791710129796874, 0.09934492566960045, 0.09501820651618434, 0.031071837611008422, 0.16623846564218073, 0.09267341774053656, 0.0365861024341522, 0.0605783007602666, 0.017740131317865754, 0.022758889594143194, 0.13541062601606527, 0.5806801786652194, 0.17382098612018787, 0.04191597148740821, 0.10359130989695393, 0.32426774297726974, 0.3143461226011079, 0.012895971923139352, 0.0032352766633995493, 0.11534999903171005, 0.005577532270042713, 0.10306147050864006, 0.00935307845319163, 0.0034177330416999335, 0.008717659856474328, 0.00797399259752172, 0.006265064244531559, 0.008833304198524284, 0.00022739575227900762, 0.0013634465236934874, 0.0036756520863580593, 0.003356156300800902, 0.01534642700293074, 0.009819954069467044, 0.003110840970460055, 0.012240936347802996, 0.0, 0.013320817112057423, 0.0028748225774061866, 0.0034094616893367556, 0.027099388504334885, 0.010929591579259157, 0.00043109662821984817, 0.004778024516666755, 0.021948811463581706, 0.0009521672018926945, 0.0008206156450911711, 0.03442780163875788, 0.010145027248109579, 0.002690529181977779, 0.008273763389502191, 0.017200282887235924, 0.0021886480940613864, 0.006584444724423373, 0.009774207135072412, 0.0026586456183989526, 0.006056336433392003, 0.002663927993936774, 0.008085346407394603, 0.010530299704602885, 0.0019288521165461046, 0.007362058899355336, 0.005515020930131503]}, {'overall_acc': 0.8430071862907684, 'bal_acc': 0.7871599057808786, 'avg_odds_diff': 0.09135247919125826, 'disp_imp': 0.3188705302806287, 'stat_par_diff': 0.21396956497536807, 'eq_opp_diff': 0.07516951424118179, 'theil_ind': 0.11031159549021874, 'TPR': 0.6763231197771588, 'TNR': 0.8979966917845984, 'FPR': 0.10200330821540159, 'FNR': 0.32367688022284125, 'GTPR': 1.0, 'GTNR': 1.0, 'GFPR': 0.0, 'GFNR': 0.0, 'PPV': 0.686263425664217, 'NPV': 0.8937259923175416, 'FDR': 0.31373657433578295, 'FOR': 0.10627400768245839, 'ACC': 0.8430071862907684, 'MCC': 0.5771476528957705, 'f1_score': 0.6812570145903478, 'fitness': 0.48579517370451225, 'solution': {'corr_type': 'spearman', 'l2': 0.001, 'dropout': 0.07710462498381929, 'privileged_demotion': 0.0036329138857076892, 'privileged_promotion': 0.11486984107833575, 'protected_demotion': 0.18594463281663057, 'protected_promotion': 0.43060729026106564}, 'corr': [0.08328567850059193, 0.001111046308196473, 1.0, 0.06519145220885113, 0.041081437424995974, 0.2620093610231739, 6.828531639252222e-05, 0.04488312683771957, 0.06152027583008096, 0.08489035501555554, 0.10412458229121761, 0.029068623716592842, 0.00246714369785769, 0.001203713338372324, 0.0056042125733153985, 0.006803700202040599, 0.009594516472667503, 0.017603489220481796, 0.018228995980900137, 0.01456416451058709, 0.025784272013045197, 0.012605194910038054, 0.02179906334861934, 0.03366558627631018, 0.016469294159551128, 0.00036205556729654916, 0.0016423387434043775, 0.04522361743234896, 0.059316843027272304, 0.23674643550173563, 0.018188293806793987, 0.43791487448505473, 0.04198283706059048, 0.17733114330569874, 0.10636105531769287, 0.17982708601444863, 0.28331344969482086, 0.009138645613559088, 0.2312641651796888, 0.029791710129796874, 0.09934492566960045, 0.09501820651618434, 0.031071837611008422, 0.16623846564218073, 0.09267341774053656, 0.0365861024341522, 0.0605783007602666, 0.017740131317865754, 0.022758889594143194, 0.13541062601606527, 0.5806801786652194, 0.17382098612018787, 0.04191597148740821, 0.10359130989695393, 0.32426774297726974, 0.3143461226011079, 0.012895971923139352, 0.0032352766633995493, 0.11534999903171005, 0.005577532270042713, 0.10306147050864006, 0.00935307845319163, 0.0034177330416999335, 0.008717659856474328, 0.00797399259752172, 0.006265064244531559, 0.008833304198524284, 0.00022739575227900762, 0.0013634465236934874, 0.0036756520863580593, 0.003356156300800902, 0.01534642700293074, 0.009819954069467044, 0.003110840970460055, 0.012240936347802996, 0.0, 0.013320817112057423, 0.0028748225774061866, 0.0034094616893367556, 0.027099388504334885, 0.010929591579259157, 0.00043109662821984817, 0.004778024516666755, 0.021948811463581706, 0.0009521672018926945, 0.0008206156450911711, 0.03442780163875788, 0.010145027248109579, 0.002690529181977779, 0.008273763389502191, 0.017200282887235924, 0.0021886480940613864, 0.006584444724423373, 0.009774207135072412, 0.0026586456183989526, 0.006056336433392003, 0.002663927993936774, 0.008085346407394603, 0.010530299704602885, 0.0019288521165461046, 0.007362058899355336, 0.005515020930131503]}, {'overall_acc': 0.8211719181868435, 'bal_acc': 0.8165048310081456, 'avg_odds_diff': 0.14892421459371497, 'disp_imp': 0.3168233388946462, 'stat_par_diff': 0.29105005705697345, 'eq_opp_diff': 0.1171881980363152, 'theil_ind': 0.08775609183594292, 'TPR': 0.8072423398328691, 'TNR': 0.8257673221834222, 'FPR': 0.17423267781657784, 'FNR': 0.19275766016713092, 'GTPR': 1.0, 'GTNR': 1.0, 'GFPR': 0.0, 'GFNR': 0.0, 'PPV': 0.60450563204005, 'NPV': 0.9284976234759248, 'FDR': 0.3954943679599499, 'FOR': 0.07150237652407522, 'ACC': 0.8211719181868435, 'MCC': 0.5808581673935128, 'f1_score': 0.6913167938931298, 'fitness': 0.43193395279979785, 'solution': {'corr_type': 'spearman', 'l2': 0.001, 'dropout': 0.07679931000397469, 'privileged_demotion': 0.1374967061813994, 'privileged_promotion': 0.4977366253447647, 'protected_demotion': 0.12711785461010727, 'protected_promotion': 0.5849302326824677}, 'corr': [0.08328567850059193, 0.001111046308196473, 1.0, 0.06519145220885113, 0.041081437424995974, 0.2620093610231739, 6.828531639252222e-05, 0.04488312683771957, 0.06152027583008096, 0.08489035501555554, 0.10412458229121761, 0.029068623716592842, 0.00246714369785769, 0.001203713338372324, 0.0056042125733153985, 0.006803700202040599, 0.009594516472667503, 0.017603489220481796, 0.018228995980900137, 0.01456416451058709, 0.025784272013045197, 0.012605194910038054, 0.02179906334861934, 0.03366558627631018, 0.016469294159551128, 0.00036205556729654916, 0.0016423387434043775, 0.04522361743234896, 0.059316843027272304, 0.23674643550173563, 0.018188293806793987, 0.43791487448505473, 0.04198283706059048, 0.17733114330569874, 0.10636105531769287, 0.17982708601444863, 0.28331344969482086, 0.009138645613559088, 0.2312641651796888, 0.029791710129796874, 0.09934492566960045, 0.09501820651618434, 0.031071837611008422, 0.16623846564218073, 0.09267341774053656, 0.0365861024341522, 0.0605783007602666, 0.017740131317865754, 0.022758889594143194, 0.13541062601606527, 0.5806801786652194, 0.17382098612018787, 0.04191597148740821, 0.10359130989695393, 0.32426774297726974, 0.3143461226011079, 0.012895971923139352, 0.0032352766633995493, 0.11534999903171005, 0.005577532270042713, 0.10306147050864006, 0.00935307845319163, 0.0034177330416999335, 0.008717659856474328, 0.00797399259752172, 0.006265064244531559, 0.008833304198524284, 0.00022739575227900762, 0.0013634465236934874, 0.0036756520863580593, 0.003356156300800902, 0.01534642700293074, 0.009819954069467044, 0.003110840970460055, 0.012240936347802996, 0.0, 0.013320817112057423, 0.0028748225774061866, 0.0034094616893367556, 0.027099388504334885, 0.010929591579259157, 0.00043109662821984817, 0.004778024516666755, 0.021948811463581706, 0.0009521672018926945, 0.0008206156450911711, 0.03442780163875788, 0.010145027248109579, 0.002690529181977779, 0.008273763389502191, 0.017200282887235924, 0.0021886480940613864, 0.006584444724423373, 0.009774207135072412, 0.0026586456183989526, 0.006056336433392003, 0.002663927993936774, 0.008085346407394603, 0.010530299704602885, 0.0019288521165461046, 0.007362058899355336, 0.005515020930131503]}, {'overall_acc': 0.8323659480375898, 'bal_acc': 0.8103223794986891, 'avg_odds_diff': 0.15772492739203803, 'disp_imp': 0.28195806184943867, 'stat_par_diff': 0.28103690612040416, 'eq_opp_diff': 0.14972847938528133, 'theil_ind': 0.09409595629919264, 'TPR': 0.7665738161559889, 'TNR': 0.8540709428413894, 'FPR': 0.14592905715861054, 'FNR': 0.23342618384401115, 'GTPR': 1.0, 'GTNR': 1.0, 'GFPR': 0.0, 'GFNR': 0.0, 'PPV': 0.6341013824884792, 'NPV': 0.9172917489143309, 'FDR': 0.36589861751152075, 'FOR': 0.08270825108566916, 'ACC': 0.8323659480375898, 'MCC': 0.5849950915625761, 'f1_score': 0.6940731399747793, 'fitness': 0.4272701641705381, 'solution': {'corr_type': 'spearman', 'l2': 0.0001, 'dropout': 0.06781950287599599, 'privileged_demotion': 0.004536061600213914, 'privileged_promotion': 0.2431104501371146, 'protected_demotion': 0.17815423530956787, 'protected_promotion': 0.44528787108636225}, 'corr': [0.08328567850059193, 0.001111046308196473, 1.0, 0.06519145220885113, 0.041081437424995974, 0.2620093610231739, 6.828531639252222e-05, 0.04488312683771957, 0.06152027583008096, 0.08489035501555554, 0.10412458229121761, 0.029068623716592842, 0.00246714369785769, 0.001203713338372324, 0.0056042125733153985, 0.006803700202040599, 0.009594516472667503, 0.017603489220481796, 0.018228995980900137, 0.01456416451058709, 0.025784272013045197, 0.012605194910038054, 0.02179906334861934, 0.03366558627631018, 0.016469294159551128, 0.00036205556729654916, 0.0016423387434043775, 0.04522361743234896, 0.059316843027272304, 0.23674643550173563, 0.018188293806793987, 0.43791487448505473, 0.04198283706059048, 0.17733114330569874, 0.10636105531769287, 0.17982708601444863, 0.28331344969482086, 0.009138645613559088, 0.2312641651796888, 0.029791710129796874, 0.09934492566960045, 0.09501820651618434, 0.031071837611008422, 0.16623846564218073, 0.09267341774053656, 0.0365861024341522, 0.0605783007602666, 0.017740131317865754, 0.022758889594143194, 0.13541062601606527, 0.5806801786652194, 0.17382098612018787, 0.04191597148740821, 0.10359130989695393, 0.32426774297726974, 0.3143461226011079, 0.012895971923139352, 0.0032352766633995493, 0.11534999903171005, 0.005577532270042713, 0.10306147050864006, 0.00935307845319163, 0.0034177330416999335, 0.008717659856474328, 0.00797399259752172, 0.006265064244531559, 0.008833304198524284, 0.00022739575227900762, 0.0013634465236934874, 0.0036756520863580593, 0.003356156300800902, 0.01534642700293074, 0.009819954069467044, 0.003110840970460055, 0.012240936347802996, 0.0, 0.013320817112057423, 0.0028748225774061866, 0.0034094616893367556, 0.027099388504334885, 0.010929591579259157, 0.00043109662821984817, 0.004778024516666755, 0.021948811463581706, 0.0009521672018926945, 0.0008206156450911711, 0.03442780163875788, 0.010145027248109579, 0.002690529181977779, 0.008273763389502191, 0.017200282887235924, 0.0021886480940613864, 0.006584444724423373, 0.009774207135072412, 0.0026586456183989526, 0.006056336433392003, 0.002663927993936774, 0.008085346407394603, 0.010530299704602885, 0.0019288521165461046, 0.007362058899355336, 0.005515020930131503]}, {'overall_acc': 0.8253178551686015, 'bal_acc': 0.6772159590932152, 'avg_odds_diff': 0.17231066363115324, 'disp_imp': 0.9360031272061097, 'stat_par_diff': 0.007632413927468065, 'eq_opp_diff': 0.32163279691052227, 'theil_ind': 0.17536790766480337, 'TPR': 0.3832869080779944, 'TNR': 0.9711450101084359, 'FPR': 0.02885498989156405, 'FNR': 0.6167130919220055, 'GTPR': 1.0, 'GTNR': 1.0, 'GFPR': 0.0, 'GFNR': 0.0, 'PPV': 0.8142011834319527, 'NPV': 0.8267876701611642, 'FDR': 0.18579881656804734, 'FOR': 0.17321232983883586, 'ACC': 0.8253178551686015, 'MCC': 0.4766412790717243, 'f1_score': 0.5212121212121212, 'fitness': 0.30433061544057105, 'solution': {'corr_type': 'spearman', 'l2': 0.001, 'dropout': 0.07703103959331635, 'privileged_demotion': 0.5935664199142963, 'privileged_promotion': 0.11858503871332111, 'protected_demotion': 0.16908882684733717, 'protected_promotion': 0.4534848818193952}, 'corr': [0.08328567850059193, 0.001111046308196473, 1.0, 0.06519145220885113, 0.041081437424995974, 0.2620093610231739, 6.828531639252222e-05, 0.04488312683771957, 0.06152027583008096, 0.08489035501555554, 0.10412458229121761, 0.029068623716592842, 0.00246714369785769, 0.001203713338372324, 0.0056042125733153985, 0.006803700202040599, 0.009594516472667503, 0.017603489220481796, 0.018228995980900137, 0.01456416451058709, 0.025784272013045197, 0.012605194910038054, 0.02179906334861934, 0.03366558627631018, 0.016469294159551128, 0.00036205556729654916, 0.0016423387434043775, 0.04522361743234896, 0.059316843027272304, 0.23674643550173563, 0.018188293806793987, 0.43791487448505473, 0.04198283706059048, 0.17733114330569874, 0.10636105531769287, 0.17982708601444863, 0.28331344969482086, 0.009138645613559088, 0.2312641651796888, 0.029791710129796874, 0.09934492566960045, 0.09501820651618434, 0.031071837611008422, 0.16623846564218073, 0.09267341774053656, 0.0365861024341522, 0.0605783007602666, 0.017740131317865754, 0.022758889594143194, 0.13541062601606527, 0.5806801786652194, 0.17382098612018787, 0.04191597148740821, 0.10359130989695393, 0.32426774297726974, 0.3143461226011079, 0.012895971923139352, 0.0032352766633995493, 0.11534999903171005, 0.005577532270042713, 0.10306147050864006, 0.00935307845319163, 0.0034177330416999335, 0.008717659856474328, 0.00797399259752172, 0.006265064244531559, 0.008833304198524284, 0.00022739575227900762, 0.0013634465236934874, 0.0036756520863580593, 0.003356156300800902, 0.01534642700293074, 0.009819954069467044, 0.003110840970460055, 0.012240936347802996, 0.0, 0.013320817112057423, 0.0028748225774061866, 0.0034094616893367556, 0.027099388504334885, 0.010929591579259157, 0.00043109662821984817, 0.004778024516666755, 0.021948811463581706, 0.0009521672018926945, 0.0008206156450911711, 0.03442780163875788, 0.010145027248109579, 0.002690529181977779, 0.008273763389502191, 0.017200282887235924, 0.0021886480940613864, 0.006584444724423373, 0.009774207135072412, 0.0026586456183989526, 0.006056336433392003, 0.002663927993936774, 0.008085346407394603, 0.010530299704602885, 0.0019288521165461046, 0.007362058899355336, 0.005515020930131503]}, {'overall_acc': 0.8273908236594804, 'bal_acc': 0.6799009787955782, 'avg_odds_diff': 0.161044167225687, 'disp_imp': 0.8767253497940031, 'stat_par_diff': 0.014979890895933642, 'eq_opp_diff': 0.30369853766045524, 'theil_ind': 0.17376793787060954, 'TPR': 0.3871866295264624, 'TNR': 0.972615328064694, 'FPR': 0.02738467193530601, 'FNR': 0.6128133704735376, 'GTPR': 1.0, 'GTNR': 1.0, 'GFPR': 0.0, 'GFNR': 0.0, 'PPV': 0.8234597156398105, 'NPV': 0.827909887359199, 'FDR': 0.17654028436018956, 'FOR': 0.172090112640801, 'ACC': 0.8273908236594804, 'MCC': 0.48411161757844434, 'f1_score': 0.5267146646456992, 'fitness': 0.3230674503527573, 'solution': {'corr_type': 'spearman', 'l2': 0.001, 'dropout': 0.075494219444885, 'privileged_demotion': 0.5913120390158136, 'privileged_promotion': 0.11508864737008662, 'protected_demotion': 0.18092991910240425, 'protected_promotion': 0.4349380995494212}, 'corr': [0.08328567850059193, 0.001111046308196473, 1.0, 0.06519145220885113, 0.041081437424995974, 0.2620093610231739, 6.828531639252222e-05, 0.04488312683771957, 0.06152027583008096, 0.08489035501555554, 0.10412458229121761, 0.029068623716592842, 0.00246714369785769, 0.001203713338372324, 0.0056042125733153985, 0.006803700202040599, 0.009594516472667503, 0.017603489220481796, 0.018228995980900137, 0.01456416451058709, 0.025784272013045197, 0.012605194910038054, 0.02179906334861934, 0.03366558627631018, 0.016469294159551128, 0.00036205556729654916, 0.0016423387434043775, 0.04522361743234896, 0.059316843027272304, 0.23674643550173563, 0.018188293806793987, 0.43791487448505473, 0.04198283706059048, 0.17733114330569874, 0.10636105531769287, 0.17982708601444863, 0.28331344969482086, 0.009138645613559088, 0.2312641651796888, 0.029791710129796874, 0.09934492566960045, 0.09501820651618434, 0.031071837611008422, 0.16623846564218073, 0.09267341774053656, 0.0365861024341522, 0.0605783007602666, 0.017740131317865754, 0.022758889594143194, 0.13541062601606527, 0.5806801786652194, 0.17382098612018787, 0.04191597148740821, 0.10359130989695393, 0.32426774297726974, 0.3143461226011079, 0.012895971923139352, 0.0032352766633995493, 0.11534999903171005, 0.005577532270042713, 0.10306147050864006, 0.00935307845319163, 0.0034177330416999335, 0.008717659856474328, 0.00797399259752172, 0.006265064244531559, 0.008833304198524284, 0.00022739575227900762, 0.0013634465236934874, 0.0036756520863580593, 0.003356156300800902, 0.01534642700293074, 0.009819954069467044, 0.003110840970460055, 0.012240936347802996, 0.0, 0.013320817112057423, 0.0028748225774061866, 0.0034094616893367556, 0.027099388504334885, 0.010929591579259157, 0.00043109662821984817, 0.004778024516666755, 0.021948811463581706, 0.0009521672018926945, 0.0008206156450911711, 0.03442780163875788, 0.010145027248109579, 0.002690529181977779, 0.008273763389502191, 0.017200282887235924, 0.0021886480940613864, 0.006584444724423373, 0.009774207135072412, 0.0026586456183989526, 0.006056336433392003, 0.002663927993936774, 0.008085346407394603, 0.010530299704602885, 0.0019288521165461046, 0.007362058899355336, 0.005515020930131503]}, {'overall_acc': 0.8409342177998894, 'bal_acc': 0.7938077190668805, 'avg_odds_diff': 0.14533536479193765, 'disp_imp': 0.27191390454357306, 'stat_par_diff': 0.24662424503882657, 'eq_opp_diff': 0.16115269684003608, 'theil_ind': 0.10592410036008522, 'TPR': 0.7002785515320334, 'TNR': 0.8873368866017276, 'FPR': 0.11266311339827238, 'FNR': 0.29972144846796656, 'GTPR': 1.0, 'GTNR': 1.0, 'GFPR': 0.0, 'GFNR': 0.0, 'PPV': 0.672192513368984, 'NPV': 0.8997390980245993, 'FDR': 0.32780748663101605, 'FOR': 0.10026090197540068, 'ACC': 0.8409342177998894, 'MCC': 0.5797204881764905, 'f1_score': 0.6859481582537518, 'fitness': 0.4343851233845528, 'solution': {'corr_type': 'spearman', 'l2': 0.0001, 'dropout': 0.07307620588027658, 'privileged_demotion': 0.06780971041840309, 'privileged_promotion': 0.24396270476140758, 'protected_demotion': 0.08632127545744099, 'protected_promotion': 0.15133898777488036}, 'corr': [0.08328567850059193, 0.001111046308196473, 1.0, 0.06519145220885113, 0.041081437424995974, 0.2620093610231739, 6.828531639252222e-05, 0.04488312683771957, 0.06152027583008096, 0.08489035501555554, 0.10412458229121761, 0.029068623716592842, 0.00246714369785769, 0.001203713338372324, 0.0056042125733153985, 0.006803700202040599, 0.009594516472667503, 0.017603489220481796, 0.018228995980900137, 0.01456416451058709, 0.025784272013045197, 0.012605194910038054, 0.02179906334861934, 0.03366558627631018, 0.016469294159551128, 0.00036205556729654916, 0.0016423387434043775, 0.04522361743234896, 0.059316843027272304, 0.23674643550173563, 0.018188293806793987, 0.43791487448505473, 0.04198283706059048, 0.17733114330569874, 0.10636105531769287, 0.17982708601444863, 0.28331344969482086, 0.009138645613559088, 0.2312641651796888, 0.029791710129796874, 0.09934492566960045, 0.09501820651618434, 0.031071837611008422, 0.16623846564218073, 0.09267341774053656, 0.0365861024341522, 0.0605783007602666, 0.017740131317865754, 0.022758889594143194, 0.13541062601606527, 0.5806801786652194, 0.17382098612018787, 0.04191597148740821, 0.10359130989695393, 0.32426774297726974, 0.3143461226011079, 0.012895971923139352, 0.0032352766633995493, 0.11534999903171005, 0.005577532270042713, 0.10306147050864006, 0.00935307845319163, 0.0034177330416999335, 0.008717659856474328, 0.00797399259752172, 0.006265064244531559, 0.008833304198524284, 0.00022739575227900762, 0.0013634465236934874, 0.0036756520863580593, 0.003356156300800902, 0.01534642700293074, 0.009819954069467044, 0.003110840970460055, 0.012240936347802996, 0.0, 0.013320817112057423, 0.0028748225774061866, 0.0034094616893367556, 0.027099388504334885, 0.010929591579259157, 0.00043109662821984817, 0.004778024516666755, 0.021948811463581706, 0.0009521672018926945, 0.0008206156450911711, 0.03442780163875788, 0.010145027248109579, 0.002690529181977779, 0.008273763389502191, 0.017200282887235924, 0.0021886480940613864, 0.006584444724423373, 0.009774207135072412, 0.0026586456183989526, 0.006056336433392003, 0.002663927993936774, 0.008085346407394603, 0.010530299704602885, 0.0019288521165461046, 0.007362058899355336, 0.005515020930131503]}, {'overall_acc': 0.837893864013267, 'bal_acc': 0.8016788348446926, 'avg_odds_diff': 0.08246707020805139, 'disp_imp': 0.3602273566103196, 'stat_par_diff': 0.22313381947730246, 'eq_opp_diff': 0.04873224195613979, 'theil_ind': 0.10054433157192681, 'TPR': 0.7298050139275766, 'TNR': 0.8735526557618085, 'FPR': 0.1264473442381915, 'FNR': 0.27019498607242337, 'GTPR': 1.0, 'GTNR': 1.0, 'GFPR': 0.0, 'GFNR': 0.0, 'PPV': 0.6556556556556556, 'NPV': 0.9074074074074074, 'FDR': 0.34434434434434436, 'FOR': 0.09259259259259259, 'ACC': 0.837893864013267, 'MCC': 0.5828622629900627, 'f1_score': 0.6907461112575798, 'fitness': 0.5003951927820114, 'solution': {'corr_type': 'spearman', 'l2': 0.0001, 'dropout': 0.07113874960873917, 'privileged_demotion': 0.05659311505925481, 'privileged_promotion': 0.2477923039109539, 'protected_demotion': 0.07840902950619255, 'protected_promotion': 0.45761406443006597}, 'corr': [0.08328567850059193, 0.001111046308196473, 1.0, 0.06519145220885113, 0.041081437424995974, 0.2620093610231739, 6.828531639252222e-05, 0.04488312683771957, 0.06152027583008096, 0.08489035501555554, 0.10412458229121761, 0.029068623716592842, 0.00246714369785769, 0.001203713338372324, 0.0056042125733153985, 0.006803700202040599, 0.009594516472667503, 0.017603489220481796, 0.018228995980900137, 0.01456416451058709, 0.025784272013045197, 0.012605194910038054, 0.02179906334861934, 0.03366558627631018, 0.016469294159551128, 0.00036205556729654916, 0.0016423387434043775, 0.04522361743234896, 0.059316843027272304, 0.23674643550173563, 0.018188293806793987, 0.43791487448505473, 0.04198283706059048, 0.17733114330569874, 0.10636105531769287, 0.17982708601444863, 0.28331344969482086, 0.009138645613559088, 0.2312641651796888, 0.029791710129796874, 0.09934492566960045, 0.09501820651618434, 0.031071837611008422, 0.16623846564218073, 0.09267341774053656, 0.0365861024341522, 0.0605783007602666, 0.017740131317865754, 0.022758889594143194, 0.13541062601606527, 0.5806801786652194, 0.17382098612018787, 0.04191597148740821, 0.10359130989695393, 0.32426774297726974, 0.3143461226011079, 0.012895971923139352, 0.0032352766633995493, 0.11534999903171005, 0.005577532270042713, 0.10306147050864006, 0.00935307845319163, 0.0034177330416999335, 0.008717659856474328, 0.00797399259752172, 0.006265064244531559, 0.008833304198524284, 0.00022739575227900762, 0.0013634465236934874, 0.0036756520863580593, 0.003356156300800902, 0.01534642700293074, 0.009819954069467044, 0.003110840970460055, 0.012240936347802996, 0.0, 0.013320817112057423, 0.0028748225774061866, 0.0034094616893367556, 0.027099388504334885, 0.010929591579259157, 0.00043109662821984817, 0.004778024516666755, 0.021948811463581706, 0.0009521672018926945, 0.0008206156450911711, 0.03442780163875788, 0.010145027248109579, 0.002690529181977779, 0.008273763389502191, 0.017200282887235924, 0.0021886480940613864, 0.006584444724423373, 0.009774207135072412, 0.0026586456183989526, 0.006056336433392003, 0.002663927993936774, 0.008085346407394603, 0.010530299704602885, 0.0019288521165461046, 0.007362058899355336, 0.005515020930131503]}, {'overall_acc': 0.8395522388059702, 'bal_acc': 0.8005416933946785, 'avg_odds_diff': 0.11266898836231064, 'disp_imp': 0.3038563018280794, 'stat_par_diff': 0.24407825155167137, 'eq_opp_diff': 0.08990459549881369, 'theil_ind': 0.10152465374162774, 'TPR': 0.7231197771587744, 'TNR': 0.8779636096305826, 'FPR': 0.12203639036941738, 'FNR': 0.27688022284122565, 'GTPR': 1.0, 'GTNR': 1.0, 'GFPR': 0.0, 'GFNR': 0.0, 'PPV': 0.6615698267074414, 'NPV': 0.9057641259006447, 'FDR': 0.3384301732925586, 'FOR': 0.09423587409935533, 'ACC': 0.8395522388059702, 'MCC': 0.5839649079133616, 'f1_score': 0.6909768432259782, 'fitness': 0.471295919551051, 'solution': {'corr_type': 'spearman', 'l2': 0.0001, 'dropout': 0.09002015438549678, 'privileged_demotion': 0.05062913493312546, 'privileged_promotion': 0.29204849762195223, 'protected_demotion': 0.22291773710376728, 'protected_promotion': 0.5211396612975103}, 'corr': [0.08328567850059193, 0.001111046308196473, 1.0, 0.06519145220885113, 0.041081437424995974, 0.2620093610231739, 6.828531639252222e-05, 0.04488312683771957, 0.06152027583008096, 0.08489035501555554, 0.10412458229121761, 0.029068623716592842, 0.00246714369785769, 0.001203713338372324, 0.0056042125733153985, 0.006803700202040599, 0.009594516472667503, 0.017603489220481796, 0.018228995980900137, 0.01456416451058709, 0.025784272013045197, 0.012605194910038054, 0.02179906334861934, 0.03366558627631018, 0.016469294159551128, 0.00036205556729654916, 0.0016423387434043775, 0.04522361743234896, 0.059316843027272304, 0.23674643550173563, 0.018188293806793987, 0.43791487448505473, 0.04198283706059048, 0.17733114330569874, 0.10636105531769287, 0.17982708601444863, 0.28331344969482086, 0.009138645613559088, 0.2312641651796888, 0.029791710129796874, 0.09934492566960045, 0.09501820651618434, 0.031071837611008422, 0.16623846564218073, 0.09267341774053656, 0.0365861024341522, 0.0605783007602666, 0.017740131317865754, 0.022758889594143194, 0.13541062601606527, 0.5806801786652194, 0.17382098612018787, 0.04191597148740821, 0.10359130989695393, 0.32426774297726974, 0.3143461226011079, 0.012895971923139352, 0.0032352766633995493, 0.11534999903171005, 0.005577532270042713, 0.10306147050864006, 0.00935307845319163, 0.0034177330416999335, 0.008717659856474328, 0.00797399259752172, 0.006265064244531559, 0.008833304198524284, 0.00022739575227900762, 0.0013634465236934874, 0.0036756520863580593, 0.003356156300800902, 0.01534642700293074, 0.009819954069467044, 0.003110840970460055, 0.012240936347802996, 0.0, 0.013320817112057423, 0.0028748225774061866, 0.0034094616893367556, 0.027099388504334885, 0.010929591579259157, 0.00043109662821984817, 0.004778024516666755, 0.021948811463581706, 0.0009521672018926945, 0.0008206156450911711, 0.03442780163875788, 0.010145027248109579, 0.002690529181977779, 0.008273763389502191, 0.017200282887235924, 0.0021886480940613864, 0.006584444724423373, 0.009774207135072412, 0.0026586456183989526, 0.006056336433392003, 0.002663927993936774, 0.008085346407394603, 0.010530299704602885, 0.0019288521165461046, 0.007362058899355336, 0.005515020930131503]}, {'overall_acc': 0.8463239358761747, 'bal_acc': 0.7854455928601525, 'avg_odds_diff': 0.06692704524399615, 'disp_imp': 0.3480591828702248, 'stat_par_diff': 0.1947806785604943, 'eq_opp_diff': 0.04364185090688877, 'theil_ind': 0.11176130684954842, 'TPR': 0.6646239554317549, 'TNR': 0.9062672302885499, 'FPR': 0.0937327697114501, 'FNR': 0.3353760445682451, 'GTPR': 1.0, 'GTNR': 1.0, 'GFPR': 0.0, 'GFNR': 0.0, 'PPV': 0.7005284791544334, 'NPV': 0.8911982649557202, 'FDR': 0.29947152084556666, 'FOR': 0.10880173504427977, 'ACC': 0.8463239358761747, 'MCC': 0.5812156076426896, 'f1_score': 0.68210405946255, 'fitness': 0.5142885623986935, 'solution': {'corr_type': 'spearman', 'l2': 0.0001, 'dropout': 0.09159332161622208, 'privileged_demotion': 0.22247640017454687, 'privileged_promotion': 0.2968584896535924, 'protected_demotion': 0.2801110683702961, 'protected_promotion': 0.5249568606755589}, 'corr': [0.08328567850059193, 0.001111046308196473, 1.0, 0.06519145220885113, 0.041081437424995974, 0.2620093610231739, 6.828531639252222e-05, 0.04488312683771957, 0.06152027583008096, 0.08489035501555554, 0.10412458229121761, 0.029068623716592842, 0.00246714369785769, 0.001203713338372324, 0.0056042125733153985, 0.006803700202040599, 0.009594516472667503, 0.017603489220481796, 0.018228995980900137, 0.01456416451058709, 0.025784272013045197, 0.012605194910038054, 0.02179906334861934, 0.03366558627631018, 0.016469294159551128, 0.00036205556729654916, 0.0016423387434043775, 0.04522361743234896, 0.059316843027272304, 0.23674643550173563, 0.018188293806793987, 0.43791487448505473, 0.04198283706059048, 0.17733114330569874, 0.10636105531769287, 0.17982708601444863, 0.28331344969482086, 0.009138645613559088, 0.2312641651796888, 0.029791710129796874, 0.09934492566960045, 0.09501820651618434, 0.031071837611008422, 0.16623846564218073, 0.09267341774053656, 0.0365861024341522, 0.0605783007602666, 0.017740131317865754, 0.022758889594143194, 0.13541062601606527, 0.5806801786652194, 0.17382098612018787, 0.04191597148740821, 0.10359130989695393, 0.32426774297726974, 0.3143461226011079, 0.012895971923139352, 0.0032352766633995493, 0.11534999903171005, 0.005577532270042713, 0.10306147050864006, 0.00935307845319163, 0.0034177330416999335, 0.008717659856474328, 0.00797399259752172, 0.006265064244531559, 0.008833304198524284, 0.00022739575227900762, 0.0013634465236934874, 0.0036756520863580593, 0.003356156300800902, 0.01534642700293074, 0.009819954069467044, 0.003110840970460055, 0.012240936347802996, 0.0, 0.013320817112057423, 0.0028748225774061866, 0.0034094616893367556, 0.027099388504334885, 0.010929591579259157, 0.00043109662821984817, 0.004778024516666755, 0.021948811463581706, 0.0009521672018926945, 0.0008206156450911711, 0.03442780163875788, 0.010145027248109579, 0.002690529181977779, 0.008273763389502191, 0.017200282887235924, 0.0021886480940613864, 0.006584444724423373, 0.009774207135072412, 0.0026586456183989526, 0.006056336433392003, 0.002663927993936774, 0.008085346407394603, 0.010530299704602885, 0.0019288521165461046, 0.007362058899355336, 0.005515020930131503]}, {'overall_acc': 0.832089552238806, 'bal_acc': 0.8159249462069431, 'avg_odds_diff': 0.09448280409703924, 'disp_imp': 0.3577218382506941, 'stat_par_diff': 0.25072538896156304, 'eq_opp_diff': 0.045222825601366035, 'theil_ind': 0.09047687818306473, 'TPR': 0.7838440111420613, 'TNR': 0.8480058812718251, 'FPR': 0.15199411872817498, 'FNR': 0.2161559888579387, 'GTPR': 1.0, 'GTNR': 1.0, 'GFPR': 0.0, 'GFNR': 0.0, 'PPV': 0.6298119964189794, 'NPV': 0.9224310275889644, 'FDR': 0.3701880035810206, 'FOR': 0.07756897241103558, 'ACC': 0.832089552238806, 'MCC': 0.5907069453677843, 'f1_score': 0.6984363365599404, 'fitness': 0.4962241412707451, 'solution': {'corr_type': 'spearman', 'l2': 0.0001, 'dropout': 0.0457681965744445, 'privileged_demotion': 0.054448719081731295, 'privileged_promotion': 0.29954021635266365, 'protected_demotion': 0.08537772170896785, 'protected_promotion': 0.522656979958356}, 'corr': [0.08328567850059193, 0.001111046308196473, 1.0, 0.06519145220885113, 0.041081437424995974, 0.2620093610231739, 6.828531639252222e-05, 0.04488312683771957, 0.06152027583008096, 0.08489035501555554, 0.10412458229121761, 0.029068623716592842, 0.00246714369785769, 0.001203713338372324, 0.0056042125733153985, 0.006803700202040599, 0.009594516472667503, 0.017603489220481796, 0.018228995980900137, 0.01456416451058709, 0.025784272013045197, 0.012605194910038054, 0.02179906334861934, 0.03366558627631018, 0.016469294159551128, 0.00036205556729654916, 0.0016423387434043775, 0.04522361743234896, 0.059316843027272304, 0.23674643550173563, 0.018188293806793987, 0.43791487448505473, 0.04198283706059048, 0.17733114330569874, 0.10636105531769287, 0.17982708601444863, 0.28331344969482086, 0.009138645613559088, 0.2312641651796888, 0.029791710129796874, 0.09934492566960045, 0.09501820651618434, 0.031071837611008422, 0.16623846564218073, 0.09267341774053656, 0.0365861024341522, 0.0605783007602666, 0.017740131317865754, 0.022758889594143194, 0.13541062601606527, 0.5806801786652194, 0.17382098612018787, 0.04191597148740821, 0.10359130989695393, 0.32426774297726974, 0.3143461226011079, 0.012895971923139352, 0.0032352766633995493, 0.11534999903171005, 0.005577532270042713, 0.10306147050864006, 0.00935307845319163, 0.0034177330416999335, 0.008717659856474328, 0.00797399259752172, 0.006265064244531559, 0.008833304198524284, 0.00022739575227900762, 0.0013634465236934874, 0.0036756520863580593, 0.003356156300800902, 0.01534642700293074, 0.009819954069467044, 0.003110840970460055, 0.012240936347802996, 0.0, 0.013320817112057423, 0.0028748225774061866, 0.0034094616893367556, 0.027099388504334885, 0.010929591579259157, 0.00043109662821984817, 0.004778024516666755, 0.021948811463581706, 0.0009521672018926945, 0.0008206156450911711, 0.03442780163875788, 0.010145027248109579, 0.002690529181977779, 0.008273763389502191, 0.017200282887235924, 0.0021886480940613864, 0.006584444724423373, 0.009774207135072412, 0.0026586456183989526, 0.006056336433392003, 0.002663927993936774, 0.008085346407394603, 0.010530299704602885, 0.0019288521165461046, 0.007362058899355336, 0.005515020930131503]}, {'overall_acc': 0.8352681039248203, 'bal_acc': 0.8081457253013973, 'avg_odds_diff': 0.09121608412138442, 'disp_imp': 0.3590727817493891, 'stat_par_diff': 0.23561955523393358, 'eq_opp_diff': 0.05517775417208548, 'theil_ind': 0.09601901718110209, 'TPR': 0.7543175487465181, 'TNR': 0.8619739018562764, 'FPR': 0.13802609814372357, 'FNR': 0.2456824512534819, 'GTPR': 1.0, 'GTNR': 1.0, 'GFPR': 0.0, 'GFNR': 0.0, 'PPV': 0.643230403800475, 'NPV': 0.9140518417462483, 'FDR': 0.3567695961995249, 'FOR': 0.08594815825375171, 'ACC': 0.8352681039248203, 'MCC': 0.5860446087996825, 'f1_score': 0.6943589743589743, 'fitness': 0.494828524678298, 'solution': {'corr_type': 'spearman', 'l2': 0.0001, 'dropout': 0.09026909114238908, 'privileged_demotion': 0.06471352689051457, 'privileged_promotion': 0.2947654420876733, 'protected_demotion': 0.2205122465263678, 'protected_promotion': 0.653340442143239}, 'corr': [0.08328567850059193, 0.001111046308196473, 1.0, 0.06519145220885113, 0.041081437424995974, 0.2620093610231739, 6.828531639252222e-05, 0.04488312683771957, 0.06152027583008096, 0.08489035501555554, 0.10412458229121761, 0.029068623716592842, 0.00246714369785769, 0.001203713338372324, 0.0056042125733153985, 0.006803700202040599, 0.009594516472667503, 0.017603489220481796, 0.018228995980900137, 0.01456416451058709, 0.025784272013045197, 0.012605194910038054, 0.02179906334861934, 0.03366558627631018, 0.016469294159551128, 0.00036205556729654916, 0.0016423387434043775, 0.04522361743234896, 0.059316843027272304, 0.23674643550173563, 0.018188293806793987, 0.43791487448505473, 0.04198283706059048, 0.17733114330569874, 0.10636105531769287, 0.17982708601444863, 0.28331344969482086, 0.009138645613559088, 0.2312641651796888, 0.029791710129796874, 0.09934492566960045, 0.09501820651618434, 0.031071837611008422, 0.16623846564218073, 0.09267341774053656, 0.0365861024341522, 0.0605783007602666, 0.017740131317865754, 0.022758889594143194, 0.13541062601606527, 0.5806801786652194, 0.17382098612018787, 0.04191597148740821, 0.10359130989695393, 0.32426774297726974, 0.3143461226011079, 0.012895971923139352, 0.0032352766633995493, 0.11534999903171005, 0.005577532270042713, 0.10306147050864006, 0.00935307845319163, 0.0034177330416999335, 0.008717659856474328, 0.00797399259752172, 0.006265064244531559, 0.008833304198524284, 0.00022739575227900762, 0.0013634465236934874, 0.0036756520863580593, 0.003356156300800902, 0.01534642700293074, 0.009819954069467044, 0.003110840970460055, 0.012240936347802996, 0.0, 0.013320817112057423, 0.0028748225774061866, 0.0034094616893367556, 0.027099388504334885, 0.010929591579259157, 0.00043109662821984817, 0.004778024516666755, 0.021948811463581706, 0.0009521672018926945, 0.0008206156450911711, 0.03442780163875788, 0.010145027248109579, 0.002690529181977779, 0.008273763389502191, 0.017200282887235924, 0.0021886480940613864, 0.006584444724423373, 0.009774207135072412, 0.0026586456183989526, 0.006056336433392003, 0.002663927993936774, 0.008085346407394603, 0.010530299704602885, 0.0019288521165461046, 0.007362058899355336, 0.005515020930131503]}, {'overall_acc': 0.8449419568822554, 'bal_acc': 0.7923662238477176, 'avg_odds_diff': 0.04838779038137455, 'disp_imp': 0.37746850147439903, 'stat_par_diff': 0.19390325363912161, 'eq_opp_diff': 0.004231651262297853, 'theil_ind': 0.10736351956051958, 'TPR': 0.6880222841225627, 'TNR': 0.8967101635728726, 'FPR': 0.10328983642712737, 'FNR': 0.31197771587743733, 'GTPR': 1.0, 'GTNR': 1.0, 'GFPR': 0.0, 'GFNR': 0.0, 'PPV': 0.6872565386755703, 'NPV': 0.8970398970398971, 'FDR': 0.3127434613244296, 'FOR': 0.10296010296010295, 'ACC': 0.8449419568822554, 'MCC': 0.5845144010506702, 'f1_score': 0.6876391982182628, 'fitness': 0.5361266106692957, 'solution': {'corr_type': 'spearman', 'l2': 0.0001, 'dropout': 0.05808357667100675, 'privileged_demotion': 0.22440488236171896, 'privileged_promotion': 0.2955592104775455, 'protected_demotion': 0.22485273510808046, 'protected_promotion': 0.528450111667186}, 'corr': [0.08328567850059193, 0.001111046308196473, 1.0, 0.06519145220885113, 0.041081437424995974, 0.2620093610231739, 6.828531639252222e-05, 0.04488312683771957, 0.06152027583008096, 0.08489035501555554, 0.10412458229121761, 0.029068623716592842, 0.00246714369785769, 0.001203713338372324, 0.0056042125733153985, 0.006803700202040599, 0.009594516472667503, 0.017603489220481796, 0.018228995980900137, 0.01456416451058709, 0.025784272013045197, 0.012605194910038054, 0.02179906334861934, 0.03366558627631018, 0.016469294159551128, 0.00036205556729654916, 0.0016423387434043775, 0.04522361743234896, 0.059316843027272304, 0.23674643550173563, 0.018188293806793987, 0.43791487448505473, 0.04198283706059048, 0.17733114330569874, 0.10636105531769287, 0.17982708601444863, 0.28331344969482086, 0.009138645613559088, 0.2312641651796888, 0.029791710129796874, 0.09934492566960045, 0.09501820651618434, 0.031071837611008422, 0.16623846564218073, 0.09267341774053656, 0.0365861024341522, 0.0605783007602666, 0.017740131317865754, 0.022758889594143194, 0.13541062601606527, 0.5806801786652194, 0.17382098612018787, 0.04191597148740821, 0.10359130989695393, 0.32426774297726974, 0.3143461226011079, 0.012895971923139352, 0.0032352766633995493, 0.11534999903171005, 0.005577532270042713, 0.10306147050864006, 0.00935307845319163, 0.0034177330416999335, 0.008717659856474328, 0.00797399259752172, 0.006265064244531559, 0.008833304198524284, 0.00022739575227900762, 0.0013634465236934874, 0.0036756520863580593, 0.003356156300800902, 0.01534642700293074, 0.009819954069467044, 0.003110840970460055, 0.012240936347802996, 0.0, 0.013320817112057423, 0.0028748225774061866, 0.0034094616893367556, 0.027099388504334885, 0.010929591579259157, 0.00043109662821984817, 0.004778024516666755, 0.021948811463581706, 0.0009521672018926945, 0.0008206156450911711, 0.03442780163875788, 0.010145027248109579, 0.002690529181977779, 0.008273763389502191, 0.017200282887235924, 0.0021886480940613864, 0.006584444724423373, 0.009774207135072412, 0.0026586456183989526, 0.006056336433392003, 0.002663927993936774, 0.008085346407394603, 0.010530299704602885, 0.0019288521165461046, 0.007362058899355336, 0.005515020930131503]}, {'overall_acc': 0.8330569375345495, 'bal_acc': 0.7943560678004975, 'avg_odds_diff': 0.07220748969948323, 'disp_imp': 0.581513189325223, 'stat_par_diff': 0.13317828216760833, 'eq_opp_diff': 0.10818880362159855, 'theil_ind': 0.10433575687135448, 'TPR': 0.7175487465181059, 'TNR': 0.8711633890828892, 'FPR': 0.12883661091711082, 'FNR': 0.28245125348189415, 'GTPR': 1.0, 'GTNR': 1.0, 'GFPR': 0.0, 'GFNR': 0.0, 'PPV': 0.6475615887380594, 'NPV': 0.9033733562035449, 'FDR': 0.3524384112619407, 'FOR': 0.09662664379645512, 'ACC': 0.8330569375345495, 'MCC': 0.5695103932447488, 'f1_score': 0.6807610993657506, 'fitness': 0.49730290354526563, 'solution': {'corr_type': 'spearman', 'l2': 0.001, 'dropout': 0.05966232639571808, 'privileged_demotion': 0.1033315145370112, 'privileged_promotion': 0.15922586470722294, 'protected_demotion': 0.025853989784658443, 'protected_promotion': 0.6575682104839071}, 'corr': [0.08328567850059193, 0.001111046308196473, 1.0, 0.06519145220885113, 0.041081437424995974, 0.2620093610231739, 6.828531639252222e-05, 0.04488312683771957, 0.06152027583008096, 0.08489035501555554, 0.10412458229121761, 0.029068623716592842, 0.00246714369785769, 0.001203713338372324, 0.0056042125733153985, 0.006803700202040599, 0.009594516472667503, 0.017603489220481796, 0.018228995980900137, 0.01456416451058709, 0.025784272013045197, 0.012605194910038054, 0.02179906334861934, 0.03366558627631018, 0.016469294159551128, 0.00036205556729654916, 0.0016423387434043775, 0.04522361743234896, 0.059316843027272304, 0.23674643550173563, 0.018188293806793987, 0.43791487448505473, 0.04198283706059048, 0.17733114330569874, 0.10636105531769287, 0.17982708601444863, 0.28331344969482086, 0.009138645613559088, 0.2312641651796888, 0.029791710129796874, 0.09934492566960045, 0.09501820651618434, 0.031071837611008422, 0.16623846564218073, 0.09267341774053656, 0.0365861024341522, 0.0605783007602666, 0.017740131317865754, 0.022758889594143194, 0.13541062601606527, 0.5806801786652194, 0.17382098612018787, 0.04191597148740821, 0.10359130989695393, 0.32426774297726974, 0.3143461226011079, 0.012895971923139352, 0.0032352766633995493, 0.11534999903171005, 0.005577532270042713, 0.10306147050864006, 0.00935307845319163, 0.0034177330416999335, 0.008717659856474328, 0.00797399259752172, 0.006265064244531559, 0.008833304198524284, 0.00022739575227900762, 0.0013634465236934874, 0.0036756520863580593, 0.003356156300800902, 0.01534642700293074, 0.009819954069467044, 0.003110840970460055, 0.012240936347802996, 0.0, 0.013320817112057423, 0.0028748225774061866, 0.0034094616893367556, 0.027099388504334885, 0.010929591579259157, 0.00043109662821984817, 0.004778024516666755, 0.021948811463581706, 0.0009521672018926945, 0.0008206156450911711, 0.03442780163875788, 0.010145027248109579, 0.002690529181977779, 0.008273763389502191, 0.017200282887235924, 0.0021886480940613864, 0.006584444724423373, 0.009774207135072412, 0.0026586456183989526, 0.006056336433392003, 0.002663927993936774, 0.008085346407394603, 0.010530299704602885, 0.0019288521165461046, 0.007362058899355336, 0.005515020930131503]}, {'overall_acc': 0.8448037589828634, 'bal_acc': 0.7784617361526714, 'avg_odds_diff': 0.05709985859053988, 'disp_imp': 0.45654554404717657, 'stat_par_diff': 0.15056361156725764, 'eq_opp_diff': 0.05743628944991008, 'theil_ind': 0.11584195947654326, 'TPR': 0.6467966573816156, 'TNR': 0.9101268149237273, 'FPR': 0.08987318507627275, 'FNR': 0.3532033426183844, 'GTPR': 1.0, 'GTNR': 1.0, 'GFPR': 0.0, 'GFNR': 0.0, 'PPV': 0.7036363636363636, 'NPV': 0.8865019692087361, 'FDR': 0.2963636363636364, 'FOR': 0.11349803079126387, 'ACC': 0.8448037589828634, 'MCC': 0.5732904058752241, 'f1_score': 0.6740203193033383, 'fitness': 0.5161905472846842, 'solution': {'corr_type': 'spearman', 'l2': 0.001, 'dropout': 0.060484003800359155, 'privileged_demotion': 0.11158113998561801, 'privileged_promotion': 0.14775317912384375, 'protected_demotion': 0.028881511710608425, 'protected_promotion': 0.36159830346573363}, 'corr': [0.08328567850059193, 0.001111046308196473, 1.0, 0.06519145220885113, 0.041081437424995974, 0.2620093610231739, 6.828531639252222e-05, 0.04488312683771957, 0.06152027583008096, 0.08489035501555554, 0.10412458229121761, 0.029068623716592842, 0.00246714369785769, 0.001203713338372324, 0.0056042125733153985, 0.006803700202040599, 0.009594516472667503, 0.017603489220481796, 0.018228995980900137, 0.01456416451058709, 0.025784272013045197, 0.012605194910038054, 0.02179906334861934, 0.03366558627631018, 0.016469294159551128, 0.00036205556729654916, 0.0016423387434043775, 0.04522361743234896, 0.059316843027272304, 0.23674643550173563, 0.018188293806793987, 0.43791487448505473, 0.04198283706059048, 0.17733114330569874, 0.10636105531769287, 0.17982708601444863, 0.28331344969482086, 0.009138645613559088, 0.2312641651796888, 0.029791710129796874, 0.09934492566960045, 0.09501820651618434, 0.031071837611008422, 0.16623846564218073, 0.09267341774053656, 0.0365861024341522, 0.0605783007602666, 0.017740131317865754, 0.022758889594143194, 0.13541062601606527, 0.5806801786652194, 0.17382098612018787, 0.04191597148740821, 0.10359130989695393, 0.32426774297726974, 0.3143461226011079, 0.012895971923139352, 0.0032352766633995493, 0.11534999903171005, 0.005577532270042713, 0.10306147050864006, 0.00935307845319163, 0.0034177330416999335, 0.008717659856474328, 0.00797399259752172, 0.006265064244531559, 0.008833304198524284, 0.00022739575227900762, 0.0013634465236934874, 0.0036756520863580593, 0.003356156300800902, 0.01534642700293074, 0.009819954069467044, 0.003110840970460055, 0.012240936347802996, 0.0, 0.013320817112057423, 0.0028748225774061866, 0.0034094616893367556, 0.027099388504334885, 0.010929591579259157, 0.00043109662821984817, 0.004778024516666755, 0.021948811463581706, 0.0009521672018926945, 0.0008206156450911711, 0.03442780163875788, 0.010145027248109579, 0.002690529181977779, 0.008273763389502191, 0.017200282887235924, 0.0021886480940613864, 0.006584444724423373, 0.009774207135072412, 0.0026586456183989526, 0.006056336433392003, 0.002663927993936774, 0.008085346407394603, 0.010530299704602885, 0.0019288521165461046, 0.007362058899355336, 0.005515020930131503]}, {'overall_acc': 0.8423161967938088, 'bal_acc': 0.7460092795902769, 'avg_odds_diff': 0.08493084005868076, 'disp_imp': 0.5858443467404166, 'stat_par_diff': 0.08851728408806259, 'eq_opp_diff': 0.15622859355299867, 'theil_ind': 0.13517740712862217, 'TPR': 0.5548746518105849, 'TNR': 0.9371439073699688, 'FPR': 0.06285609263003124, 'FNR': 0.445125348189415, 'GTPR': 1.0, 'GTNR': 1.0, 'GFPR': 0.0, 'GFNR': 0.0, 'PPV': 0.7443946188340808, 'NPV': 0.8645303492709393, 'FDR': 0.2556053811659193, 'FOR': 0.1354696507290607, 'ACC': 0.8423161967938088, 'MCC': 0.5473594663985419, 'f1_score': 0.6358123204596234, 'fitness': 0.46242862633986115, 'solution': {'corr_type': 'spearman', 'l2': 0.001, 'dropout': 0.0835897396657883, 'privileged_demotion': 0.34671830516280827, 'privileged_promotion': 0.1475431077661962, 'protected_demotion': 0.15408752382263613, 'protected_promotion': 0.6605460398992857}, 'corr': [0.08328567850059193, 0.001111046308196473, 1.0, 0.06519145220885113, 0.041081437424995974, 0.2620093610231739, 6.828531639252222e-05, 0.04488312683771957, 0.06152027583008096, 0.08489035501555554, 0.10412458229121761, 0.029068623716592842, 0.00246714369785769, 0.001203713338372324, 0.0056042125733153985, 0.006803700202040599, 0.009594516472667503, 0.017603489220481796, 0.018228995980900137, 0.01456416451058709, 0.025784272013045197, 0.012605194910038054, 0.02179906334861934, 0.03366558627631018, 0.016469294159551128, 0.00036205556729654916, 0.0016423387434043775, 0.04522361743234896, 0.059316843027272304, 0.23674643550173563, 0.018188293806793987, 0.43791487448505473, 0.04198283706059048, 0.17733114330569874, 0.10636105531769287, 0.17982708601444863, 0.28331344969482086, 0.009138645613559088, 0.2312641651796888, 0.029791710129796874, 0.09934492566960045, 0.09501820651618434, 0.031071837611008422, 0.16623846564218073, 0.09267341774053656, 0.0365861024341522, 0.0605783007602666, 0.017740131317865754, 0.022758889594143194, 0.13541062601606527, 0.5806801786652194, 0.17382098612018787, 0.04191597148740821, 0.10359130989695393, 0.32426774297726974, 0.3143461226011079, 0.012895971923139352, 0.0032352766633995493, 0.11534999903171005, 0.005577532270042713, 0.10306147050864006, 0.00935307845319163, 0.0034177330416999335, 0.008717659856474328, 0.00797399259752172, 0.006265064244531559, 0.008833304198524284, 0.00022739575227900762, 0.0013634465236934874, 0.0036756520863580593, 0.003356156300800902, 0.01534642700293074, 0.009819954069467044, 0.003110840970460055, 0.012240936347802996, 0.0, 0.013320817112057423, 0.0028748225774061866, 0.0034094616893367556, 0.027099388504334885, 0.010929591579259157, 0.00043109662821984817, 0.004778024516666755, 0.021948811463581706, 0.0009521672018926945, 0.0008206156450911711, 0.03442780163875788, 0.010145027248109579, 0.002690529181977779, 0.008273763389502191, 0.017200282887235924, 0.0021886480940613864, 0.006584444724423373, 0.009774207135072412, 0.0026586456183989526, 0.006056336433392003, 0.002663927993936774, 0.008085346407394603, 0.010530299704602885, 0.0019288521165461046, 0.007362058899355336, 0.005515020930131503]}, {'overall_acc': 0.8443891652846877, 'bal_acc': 0.7733329783819233, 'avg_odds_diff': 0.06041322993626399, 'disp_imp': 0.456255952627438, 'stat_par_diff': 0.1461869242116396, 'eq_opp_diff': 0.06549752305691514, 'theil_ind': 0.11891351980244144, 'TPR': 0.6323119777158774, 'TNR': 0.9143539790479691, 'FPR': 0.08564602095203087, 'FNR': 0.36768802228412256, 'GTPR': 1.0, 'GTNR': 1.0, 'GFPR': 0.0, 'GFNR': 0.0, 'PPV': 0.7089319175515303, 'NPV': 0.8828748890860693, 'FDR': 0.2910680824484697, 'FOR': 0.11712511091393078, 'ACC': 0.8443891652846877, 'MCC': 0.5687887430056084, 'f1_score': 0.6684334511189635, 'fitness': 0.5083755130693445, 'solution': {'corr_type': 'spearman', 'l2': 0.001, 'dropout': 0.05822250484364521, 'privileged_demotion': 0.16633484621403888, 'privileged_promotion': 0.15225507881253614, 'protected_demotion': 0.01984773842000552, 'protected_promotion': 0.3474557268894011}, 'corr': [0.08328567850059193, 0.001111046308196473, 1.0, 0.06519145220885113, 0.041081437424995974, 0.2620093610231739, 6.828531639252222e-05, 0.04488312683771957, 0.06152027583008096, 0.08489035501555554, 0.10412458229121761, 0.029068623716592842, 0.00246714369785769, 0.001203713338372324, 0.0056042125733153985, 0.006803700202040599, 0.009594516472667503, 0.017603489220481796, 0.018228995980900137, 0.01456416451058709, 0.025784272013045197, 0.012605194910038054, 0.02179906334861934, 0.03366558627631018, 0.016469294159551128, 0.00036205556729654916, 0.0016423387434043775, 0.04522361743234896, 0.059316843027272304, 0.23674643550173563, 0.018188293806793987, 0.43791487448505473, 0.04198283706059048, 0.17733114330569874, 0.10636105531769287, 0.17982708601444863, 0.28331344969482086, 0.009138645613559088, 0.2312641651796888, 0.029791710129796874, 0.09934492566960045, 0.09501820651618434, 0.031071837611008422, 0.16623846564218073, 0.09267341774053656, 0.0365861024341522, 0.0605783007602666, 0.017740131317865754, 0.022758889594143194, 0.13541062601606527, 0.5806801786652194, 0.17382098612018787, 0.04191597148740821, 0.10359130989695393, 0.32426774297726974, 0.3143461226011079, 0.012895971923139352, 0.0032352766633995493, 0.11534999903171005, 0.005577532270042713, 0.10306147050864006, 0.00935307845319163, 0.0034177330416999335, 0.008717659856474328, 0.00797399259752172, 0.006265064244531559, 0.008833304198524284, 0.00022739575227900762, 0.0013634465236934874, 0.0036756520863580593, 0.003356156300800902, 0.01534642700293074, 0.009819954069467044, 0.003110840970460055, 0.012240936347802996, 0.0, 0.013320817112057423, 0.0028748225774061866, 0.0034094616893367556, 0.027099388504334885, 0.010929591579259157, 0.00043109662821984817, 0.004778024516666755, 0.021948811463581706, 0.0009521672018926945, 0.0008206156450911711, 0.03442780163875788, 0.010145027248109579, 0.002690529181977779, 0.008273763389502191, 0.017200282887235924, 0.0021886480940613864, 0.006584444724423373, 0.009774207135072412, 0.0026586456183989526, 0.006056336433392003, 0.002663927993936774, 0.008085346407394603, 0.010530299704602885, 0.0019288521165461046, 0.007362058899355336, 0.005515020930131503]}, {'overall_acc': 0.8478441127694859, 'bal_acc': 0.757151340871614, 'avg_odds_diff': 0.044898225658472596, 'disp_imp': 0.3999147428689025, 'stat_par_diff': 0.1420283754070528, 'eq_opp_diff': 0.03656345243177239, 'theil_ind': 0.128883915766494, 'TPR': 0.577158774373259, 'TNR': 0.9371439073699688, 'FPR': 0.06285609263003124, 'FNR': 0.4228412256267409, 'GTPR': 1.0, 'GTNR': 1.0, 'GFPR': 0.0, 'GFNR': 0.0, 'PPV': 0.7518142235123367, 'NPV': 0.8704335950836463, 'FDR': 0.24818577648766327, 'FOR': 0.1295664049163537, 'ACC': 0.8478441127694859, 'MCC': 0.5657063918790273, 'f1_score': 0.6530097699338165, 'fitness': 0.5208081662205547, 'solution': {'corr_type': 'spearman', 'l2': 0.001, 'dropout': 0.05988526020765672, 'privileged_demotion': 0.24069571631890213, 'privileged_promotion': 0.1531349228851039, 'protected_demotion': 0.15576830372599465, 'protected_promotion': 0.2752535089847146}, 'corr': [0.08328567850059193, 0.001111046308196473, 1.0, 0.06519145220885113, 0.041081437424995974, 0.2620093610231739, 6.828531639252222e-05, 0.04488312683771957, 0.06152027583008096, 0.08489035501555554, 0.10412458229121761, 0.029068623716592842, 0.00246714369785769, 0.001203713338372324, 0.0056042125733153985, 0.006803700202040599, 0.009594516472667503, 0.017603489220481796, 0.018228995980900137, 0.01456416451058709, 0.025784272013045197, 0.012605194910038054, 0.02179906334861934, 0.03366558627631018, 0.016469294159551128, 0.00036205556729654916, 0.0016423387434043775, 0.04522361743234896, 0.059316843027272304, 0.23674643550173563, 0.018188293806793987, 0.43791487448505473, 0.04198283706059048, 0.17733114330569874, 0.10636105531769287, 0.17982708601444863, 0.28331344969482086, 0.009138645613559088, 0.2312641651796888, 0.029791710129796874, 0.09934492566960045, 0.09501820651618434, 0.031071837611008422, 0.16623846564218073, 0.09267341774053656, 0.0365861024341522, 0.0605783007602666, 0.017740131317865754, 0.022758889594143194, 0.13541062601606527, 0.5806801786652194, 0.17382098612018787, 0.04191597148740821, 0.10359130989695393, 0.32426774297726974, 0.3143461226011079, 0.012895971923139352, 0.0032352766633995493, 0.11534999903171005, 0.005577532270042713, 0.10306147050864006, 0.00935307845319163, 0.0034177330416999335, 0.008717659856474328, 0.00797399259752172, 0.006265064244531559, 0.008833304198524284, 0.00022739575227900762, 0.0013634465236934874, 0.0036756520863580593, 0.003356156300800902, 0.01534642700293074, 0.009819954069467044, 0.003110840970460055, 0.012240936347802996, 0.0, 0.013320817112057423, 0.0028748225774061866, 0.0034094616893367556, 0.027099388504334885, 0.010929591579259157, 0.00043109662821984817, 0.004778024516666755, 0.021948811463581706, 0.0009521672018926945, 0.0008206156450911711, 0.03442780163875788, 0.010145027248109579, 0.002690529181977779, 0.008273763389502191, 0.017200282887235924, 0.0021886480940613864, 0.006584444724423373, 0.009774207135072412, 0.0026586456183989526, 0.006056336433392003, 0.002663927993936774, 0.008085346407394603, 0.010530299704602885, 0.0019288521165461046, 0.007362058899355336, 0.005515020930131503]}, {'overall_acc': 0.8405196241017137, 'bal_acc': 0.7433213929726787, 'avg_odds_diff': 0.10445377920165365, 'disp_imp': 0.6370132148481216, 'stat_par_diff': 0.07594457123771883, 'eq_opp_diff': 0.20154573161651557, 'theil_ind': 0.13667395718869726, 'TPR': 0.5504178272980501, 'TNR': 0.9362249586473075, 'FPR': 0.06377504135269252, 'FNR': 0.44958217270194983, 'GTPR': 1.0, 'GTNR': 1.0, 'GFPR': 0.0, 'GFNR': 0.0, 'PPV': 0.7400749063670412, 'NPV': 0.8632435180477885, 'FDR': 0.2599250936329588, 'FOR': 0.1367564819522115, 'ACC': 0.8405196241017137, 'MCC': 0.5418492030716632, 'f1_score': 0.6313099041533546, 'fitness': 0.4373954238700095, 'solution': {'corr_type': 'spearman', 'l2': 0.0001, 'dropout': 0.08151942783648151, 'privileged_demotion': 0.2985774201387942, 'privileged_promotion': 0.17437621310101256, 'protected_demotion': 0.10200043416669044, 'protected_promotion': 0.5583407590257744}, 'corr': [0.08328567850059193, 0.001111046308196473, 1.0, 0.06519145220885113, 0.041081437424995974, 0.2620093610231739, 6.828531639252222e-05, 0.04488312683771957, 0.06152027583008096, 0.08489035501555554, 0.10412458229121761, 0.029068623716592842, 0.00246714369785769, 0.001203713338372324, 0.0056042125733153985, 0.006803700202040599, 0.009594516472667503, 0.017603489220481796, 0.018228995980900137, 0.01456416451058709, 0.025784272013045197, 0.012605194910038054, 0.02179906334861934, 0.03366558627631018, 0.016469294159551128, 0.00036205556729654916, 0.0016423387434043775, 0.04522361743234896, 0.059316843027272304, 0.23674643550173563, 0.018188293806793987, 0.43791487448505473, 0.04198283706059048, 0.17733114330569874, 0.10636105531769287, 0.17982708601444863, 0.28331344969482086, 0.009138645613559088, 0.2312641651796888, 0.029791710129796874, 0.09934492566960045, 0.09501820651618434, 0.031071837611008422, 0.16623846564218073, 0.09267341774053656, 0.0365861024341522, 0.0605783007602666, 0.017740131317865754, 0.022758889594143194, 0.13541062601606527, 0.5806801786652194, 0.17382098612018787, 0.04191597148740821, 0.10359130989695393, 0.32426774297726974, 0.3143461226011079, 0.012895971923139352, 0.0032352766633995493, 0.11534999903171005, 0.005577532270042713, 0.10306147050864006, 0.00935307845319163, 0.0034177330416999335, 0.008717659856474328, 0.00797399259752172, 0.006265064244531559, 0.008833304198524284, 0.00022739575227900762, 0.0013634465236934874, 0.0036756520863580593, 0.003356156300800902, 0.01534642700293074, 0.009819954069467044, 0.003110840970460055, 0.012240936347802996, 0.0, 0.013320817112057423, 0.0028748225774061866, 0.0034094616893367556, 0.027099388504334885, 0.010929591579259157, 0.00043109662821984817, 0.004778024516666755, 0.021948811463581706, 0.0009521672018926945, 0.0008206156450911711, 0.03442780163875788, 0.010145027248109579, 0.002690529181977779, 0.008273763389502191, 0.017200282887235924, 0.0021886480940613864, 0.006584444724423373, 0.009774207135072412, 0.0026586456183989526, 0.006056336433392003, 0.002663927993936774, 0.008085346407394603, 0.010530299704602885, 0.0019288521165461046, 0.007362058899355336, 0.005515020930131503]}, {'overall_acc': 0.8377556661138751, 'bal_acc': 0.7114317733048212, 'avg_odds_diff': 0.10412108200670674, 'disp_imp': 0.6302841659378161, 'stat_par_diff': 0.0600030615936987, 'eq_opp_diff': 0.2041715891153491, 'theil_ind': 0.1553857247245009, 'TPR': 0.46072423398328693, 'TNR': 0.9621393126263554, 'FPR': 0.03786068737364455, 'FNR': 0.5392757660167131, 'GTPR': 1.0, 'GTNR': 1.0, 'GFPR': 0.0, 'GFNR': 0.0, 'PPV': 0.8005808325266215, 'NPV': 0.8439464775108818, 'FDR': 0.1994191674733785, 'FOR': 0.15605352248911816, 'ACC': 0.8377556661138751, 'MCC': 0.5220604411456888, 'f1_score': 0.5848656294200849, 'fitness': 0.4179393591389821, 'solution': {'corr_type': 'spearman', 'l2': 0.0001, 'dropout': 0.08304519995661175, 'privileged_demotion': 0.37408339134850804, 'privileged_promotion': 0.00295181286923879, 'protected_demotion': 0.28802168480946283, 'protected_promotion': 0.47483798698431834}, 'corr': [0.08328567850059193, 0.001111046308196473, 1.0, 0.06519145220885113, 0.041081437424995974, 0.2620093610231739, 6.828531639252222e-05, 0.04488312683771957, 0.06152027583008096, 0.08489035501555554, 0.10412458229121761, 0.029068623716592842, 0.00246714369785769, 0.001203713338372324, 0.0056042125733153985, 0.006803700202040599, 0.009594516472667503, 0.017603489220481796, 0.018228995980900137, 0.01456416451058709, 0.025784272013045197, 0.012605194910038054, 0.02179906334861934, 0.03366558627631018, 0.016469294159551128, 0.00036205556729654916, 0.0016423387434043775, 0.04522361743234896, 0.059316843027272304, 0.23674643550173563, 0.018188293806793987, 0.43791487448505473, 0.04198283706059048, 0.17733114330569874, 0.10636105531769287, 0.17982708601444863, 0.28331344969482086, 0.009138645613559088, 0.2312641651796888, 0.029791710129796874, 0.09934492566960045, 0.09501820651618434, 0.031071837611008422, 0.16623846564218073, 0.09267341774053656, 0.0365861024341522, 0.0605783007602666, 0.017740131317865754, 0.022758889594143194, 0.13541062601606527, 0.5806801786652194, 0.17382098612018787, 0.04191597148740821, 0.10359130989695393, 0.32426774297726974, 0.3143461226011079, 0.012895971923139352, 0.0032352766633995493, 0.11534999903171005, 0.005577532270042713, 0.10306147050864006, 0.00935307845319163, 0.0034177330416999335, 0.008717659856474328, 0.00797399259752172, 0.006265064244531559, 0.008833304198524284, 0.00022739575227900762, 0.0013634465236934874, 0.0036756520863580593, 0.003356156300800902, 0.01534642700293074, 0.009819954069467044, 0.003110840970460055, 0.012240936347802996, 0.0, 0.013320817112057423, 0.0028748225774061866, 0.0034094616893367556, 0.027099388504334885, 0.010929591579259157, 0.00043109662821984817, 0.004778024516666755, 0.021948811463581706, 0.0009521672018926945, 0.0008206156450911711, 0.03442780163875788, 0.010145027248109579, 0.002690529181977779, 0.008273763389502191, 0.017200282887235924, 0.0021886480940613864, 0.006584444724423373, 0.009774207135072412, 0.0026586456183989526, 0.006056336433392003, 0.002663927993936774, 0.008085346407394603, 0.010530299704602885, 0.0019288521165461046, 0.007362058899355336, 0.005515020930131503]}]",mcc_odds,ftl_mlp_initializer,adult_dataset_reader,"{'loss': [0.40252617202082935, 0.36029705636448367, 0.3512539371695704, 0.3446898524141117, 0.3416181036963862, 0.33845916252203745, 0.3353835203527229, 0.33326869418669464, 0.33177523093671135, 0.3289681249227932, 0.32731621521072995, 0.3261444739325304, 0.3246005481132078, 0.3234927797223043, 0.3214973464350526, 0.32074880303453507, 0.3191934478232036, 0.31916186903700083], 'val_loss': [0.36781825513191285, 0.3622823440283949, 0.3569118529640554, 0.3551098273860084, 0.35383278007926433, 0.35471592112889666, 0.3527760092661221, 0.3518763000692301, 0.352252542494805, 0.3529971928771785, 0.35275333164277295, 0.35406888709205364, 0.35136045429046275, 0.35223249192393374, 0.35317221176828584, 0.352564893765895, 0.3538587272760287, 0.35360645415902864]}"
2,0.8327252625760089,0.7991396765004368,0.06349659762996585,0.4243384446169772,0.19814608528181413,0.024454043676505832,0.09886857619550013,0.734656206737425,0.8636231462634487,0.1363768537365513,0.265343793262575,1.0,1.0,0.0,0.0,0.6292490118577075,0.9117421335379893,0.3707509881422925,0.08825786646201074,0.8327252625760089,0.5689146090992383,0.6778794975516287,0.5444605654227325,"{'corr_type': 'spearman', 'l2': 0.001, 'dropout': 0.19414354682259785, 'privileged_demotion': 0.06857105465103248, 'privileged_promotion': 0.3013332847799245, 'protected_demotion': 0.07242260434912863, 'protected_promotion': 0.653783515840006}","[0.09563858545146327, 0.003054952456489482, 1.0, 0.06603184247725233, 0.04274467042844934, 0.26403976184410266, 0.002316611994104023, 0.043561910450541426, 0.06431909276752501, 0.08334748782624865, 0.10599551985760644, 0.0303418987516687, 0.00033115667645751846, 0.0033187484050483385, 0.008059392110158208, 0.006775877772675659, 0.010410599907172831, 0.016784403987602586, 0.024711639282546338, 0.012846913164249643, 0.028825878733478517, 0.009174556337162996, 0.013543315150133616, 0.029777169933551204, 0.015734532267674305, 0.0064949848646901915, 0.00023673189734223077, 0.048037777540269735, 0.05667990981467622, 0.23707014492590275, 0.019949338639825225, 0.4385760773024212, 0.0348189077283716, 0.18235660080851723, 0.10494967035806278, 0.1755401912026277, 0.27473104910621937, 0.012096433447037721, 0.22666720501967236, 0.028001382245018483, 0.10303215478421891, 0.09236910483772144, 0.037341110791409914, 0.17040606508341805, 0.09317152924980783, 0.03259956707875199, 0.06066849377840066, 0.022596232192735717, 0.02676459851807491, 0.13458431950880217, 0.5828629360092364, 0.17462755412687306, 0.04920348394080745, 0.10347087712987986, 0.3198347116495153, 0.31947165665129995, 0.006035163287819002, 0.0012925793897674324, 0.11627902717408514, 0.00959883057093511, 0.10091728280243036, 0.007534845639185456, 0.00044084989663410506, 0.01008511741654666, 0.0045108767791222125, 0.006081677624422711, 0.017163330402147688, 0.004995757066048247, 0.00542932171747065, 0.0024534692849909165, 0.0029610494260136422, 0.014370017220785422, 0.009328741871005384, 0.0019891389507164787, 0.0017283960181553681, 0.0075801620603702605, 0.009068238974385743, 0.004888025062910662, 0.005535166927793746, 0.027110952308811984, 0.009328741871005384, 0.004446470626638956, 0.009552947852991593, 0.023893056033889783, 0.0005125609822034093, 0.003269586176330878, 0.03148528461365612, 0.00014001422283797053, 0.004025540192023269, 0.005694312234113412, 0.011949196162207763, 0.004903354286200269, 0.008326848506956103, 0.01136757690535057, 0.0025290666217239874, 0.004927599956234782, 0.008396190212726262, 0.005053212100425241, 0.009227446594168518, 0.007451096060686748, 0.00015787956290343226, 0.005428393020751419]","[{'overall_acc': 0.4412658927584301, 'bal_acc': 0.3799026239929575, 'avg_odds_diff': 0.4569830465373271, 'disp_imp': 0.0973835982635941, 'stat_par_diff': 0.5570485933856704, 'eq_opp_diff': 0.13200654191712158, 'theil_ind': 0.27064025960668475, 'TPR': 0.2540453074433657, 'TNR': 0.5057599405425492, 'FPR': 0.49424005945745075, 'FNR': 0.7459546925566343, 'GTPR': 1.0, 'GTNR': 1.0, 'GFPR': 0.0, 'GFNR': 0.0, 'PPV': 0.15043117214947302, 'NPV': 0.6630937880633374, 'FDR': 0.849568827850527, 'FOR': 0.3369062119366626, 'ACC': 0.4412658927584301, 'MCC': -0.21163725082910298, 'f1_score': 0.1889669007021063, 'fitness': -0.3436437927462246, 'solution': {'corr_type': 'spearman', 'l2': 0.0001, 'dropout': 0.09381785315248813, 'privileged_demotion': 0.7525454290082342, 'privileged_promotion': 0.9976492279716553, 'protected_demotion': 0.1428803497456761, 'protected_promotion': 0.10781553686896483}, 'corr': [0.09516396700495222, 0.009981821688332263, 1.0, 0.06347492071424835, 0.04109704156886009, 0.26588526104811544, 0.0025873439500123272, 0.04292865968998173, 0.065998210573249, 0.08260645111461447, 0.1055445131637378, 0.027832272346642956, 0.0030510566673584054, 0.00413818775483743, 0.005320423434259286, 0.0059919964136058, 0.014592963246195445, 0.01644455228132834, 0.02149197211423564, 0.014583484940431705, 0.034805096253359084, 0.009070587829377022, 0.011714945286414173, 0.031631288785333916, 0.022195575343963558, 0.002896806349253043, 0.0017252206327069166, 0.04623399214893745, 0.059211603481235525, 0.2349448391855346, 0.0197860190396814, 0.4344202669455709, 0.03133834090780558, 0.18232271523282986, 0.10345965966453564, 0.17176497878117272, 0.27221176210051345, 0.012848939913179924, 0.2271742749556096, 0.02449665983155396, 0.10321676981344327, 0.09323616245663625, 0.03265247430736573, 0.1688523028255503, 0.09186132040235351, 0.036800282139146774, 0.059878909069858585, 0.017132884011599805, 0.025902238967996618, 0.1332561878469154, 0.5808076783487023, 0.17180615369203775, 0.04957588203959859, 0.10452223789560693, 0.3167011935435912, 0.3225640577475257, 0.005148161615407603, 0.0025263645213903195, 0.11533105027787278, 0.005843638873823742, 0.10100690935836013, 0.009246325871746864, 0.006645419970608643, 0.010379359167426097, 0.0015075338353145466, 0.0070590836693404475, 0.011730416210871956, 0.006400565072258058, 0.005837929342395944, 0.001604761886790091, 0.0019450063756789751, 0.01696963394956161, 0.00873837229595129, 0.007900681540613743, 0.00013968706004713027, 0.008505536561890407, 0.011673635815824243, 0.006818221810680846, 0.010728108703025641, 0.025042058880571857, 0.007043397984914324, 0.0013068778636076627, 0.008761908703005911, 0.025291394151194153, 0.006457038691846156, 0.00168399914209265, 0.03082402052253607, 0.003079016484824717, 0.0017652430061797515, 0.003934693295308597, 0.01043841630010288, 0.005625235577581248, 0.012281917222248433, 0.014939080341755668, 0.003189435216416357, 0.008212693933206384, 0.006192389737246408, 0.002381987318126804, 0.009427746616614812, 0.006279037138428923, 0.002607426311122796, 0.005998850691007238]}, {'overall_acc': 0.15519624101713653, 'bal_acc': 0.23550363852178963, 'avg_odds_diff': 0.0695680955233684, 'disp_imp': 1.1696976401416899, 'stat_par_diff': 0.12751866057754668, 'eq_opp_diff': 0.10438747406951143, 'theil_ind': 0.19305199565697606, 'TPR': 0.4002157497303128, 'TNR': 0.07079152731326645, 'FPR': 0.9292084726867336, 'FNR': 0.5997842502696872, 'GTPR': 1.0, 'GTNR': 1.0, 'GFPR': 0.0, 'GFNR': 0.0, 'PPV': 0.12920076615009576, 'NPV': 0.2551908908238446, 'FDR': 0.8707992338499042, 'FOR': 0.7448091091761554, 'ACC': 0.15519624101713653, 'MCC': -0.5706595602038449, 'f1_score': 0.19534026589443199, 'fitness': -0.6750470342733563, 'solution': {'corr_type': 'spearman', 'l2': 0.001, 'dropout': 0.09060499266840982, 'privileged_demotion': 0.9461869128902779, 'privileged_promotion': 0.8816745546964474, 'protected_demotion': 0.3829327650601422, 'protected_promotion': 0.7323352804292454}, 'corr': [0.09516396700495222, 0.009981821688332263, 1.0, 0.06347492071424835, 0.04109704156886009, 0.26588526104811544, 0.0025873439500123272, 0.04292865968998173, 0.065998210573249, 0.08260645111461447, 0.1055445131637378, 0.027832272346642956, 0.0030510566673584054, 0.00413818775483743, 0.005320423434259286, 0.0059919964136058, 0.014592963246195445, 0.01644455228132834, 0.02149197211423564, 0.014583484940431705, 0.034805096253359084, 0.009070587829377022, 0.011714945286414173, 0.031631288785333916, 0.022195575343963558, 0.002896806349253043, 0.0017252206327069166, 0.04623399214893745, 0.059211603481235525, 0.2349448391855346, 0.0197860190396814, 0.4344202669455709, 0.03133834090780558, 0.18232271523282986, 0.10345965966453564, 0.17176497878117272, 0.27221176210051345, 0.012848939913179924, 0.2271742749556096, 0.02449665983155396, 0.10321676981344327, 0.09323616245663625, 0.03265247430736573, 0.1688523028255503, 0.09186132040235351, 0.036800282139146774, 0.059878909069858585, 0.017132884011599805, 0.025902238967996618, 0.1332561878469154, 0.5808076783487023, 0.17180615369203775, 0.04957588203959859, 0.10452223789560693, 0.3167011935435912, 0.3225640577475257, 0.005148161615407603, 0.0025263645213903195, 0.11533105027787278, 0.005843638873823742, 0.10100690935836013, 0.009246325871746864, 0.006645419970608643, 0.010379359167426097, 0.0015075338353145466, 0.0070590836693404475, 0.011730416210871956, 0.006400565072258058, 0.005837929342395944, 0.001604761886790091, 0.0019450063756789751, 0.01696963394956161, 0.00873837229595129, 0.007900681540613743, 0.00013968706004713027, 0.008505536561890407, 0.011673635815824243, 0.006818221810680846, 0.010728108703025641, 0.025042058880571857, 0.007043397984914324, 0.0013068778636076627, 0.008761908703005911, 0.025291394151194153, 0.006457038691846156, 0.00168399914209265, 0.03082402052253607, 0.003079016484824717, 0.0017652430061797515, 0.003934693295308597, 0.01043841630010288, 0.005625235577581248, 0.012281917222248433, 0.014939080341755668, 0.003189435216416357, 0.008212693933206384, 0.006192389737246408, 0.002381987318126804, 0.009427746616614812, 0.006279037138428923, 0.002607426311122796, 0.005998850691007238]}, {'overall_acc': 0.8262852404643449, 'bal_acc': 0.6947691513964203, 'avg_odds_diff': 0.17140620389439917, 'disp_imp': 0.14365664144836582, 'stat_par_diff': 0.16171442762731272, 'eq_opp_diff': 0.2996396281585636, 'theil_ind': 0.1705088498825847, 'TPR': 0.4250269687162891, 'TNR': 0.9645113340765514, 'FPR': 0.035488665923448535, 'FNR': 0.5749730312837109, 'GTPR': 1.0, 'GTNR': 1.0, 'GFPR': 0.0, 'GFNR': 0.0, 'PPV': 0.804902962206333, 'NPV': 0.8296308134888924, 'FDR': 0.195097037793667, 'FOR': 0.17036918651110755, 'ACC': 0.8262852404643449, 'MCC': 0.4971671852094134, 'f1_score': 0.5563007412636781, 'fitness': 0.1975275570508498, 'solution': {'corr_type': 'spearman', 'l2': 0.01, 'dropout': 0.03643191848138854, 'privileged_demotion': 0.38295748824704723, 'privileged_promotion': 0.14490216274069034, 'protected_demotion': 0.3308909574857207, 'protected_promotion': 0.7316282214936519}, 'corr': [0.09516396700495222, 0.009981821688332263, 1.0, 0.06347492071424835, 0.04109704156886009, 0.26588526104811544, 0.0025873439500123272, 0.04292865968998173, 0.065998210573249, 0.08260645111461447, 0.1055445131637378, 0.027832272346642956, 0.0030510566673584054, 0.00413818775483743, 0.005320423434259286, 0.0059919964136058, 0.014592963246195445, 0.01644455228132834, 0.02149197211423564, 0.014583484940431705, 0.034805096253359084, 0.009070587829377022, 0.011714945286414173, 0.031631288785333916, 0.022195575343963558, 0.002896806349253043, 0.0017252206327069166, 0.04623399214893745, 0.059211603481235525, 0.2349448391855346, 0.0197860190396814, 0.4344202669455709, 0.03133834090780558, 0.18232271523282986, 0.10345965966453564, 0.17176497878117272, 0.27221176210051345, 0.012848939913179924, 0.2271742749556096, 0.02449665983155396, 0.10321676981344327, 0.09323616245663625, 0.03265247430736573, 0.1688523028255503, 0.09186132040235351, 0.036800282139146774, 0.059878909069858585, 0.017132884011599805, 0.025902238967996618, 0.1332561878469154, 0.5808076783487023, 0.17180615369203775, 0.04957588203959859, 0.10452223789560693, 0.3167011935435912, 0.3225640577475257, 0.005148161615407603, 0.0025263645213903195, 0.11533105027787278, 0.005843638873823742, 0.10100690935836013, 0.009246325871746864, 0.006645419970608643, 0.010379359167426097, 0.0015075338353145466, 0.0070590836693404475, 0.011730416210871956, 0.006400565072258058, 0.005837929342395944, 0.001604761886790091, 0.0019450063756789751, 0.01696963394956161, 0.00873837229595129, 0.007900681540613743, 0.00013968706004713027, 0.008505536561890407, 0.011673635815824243, 0.006818221810680846, 0.010728108703025641, 0.025042058880571857, 0.007043397984914324, 0.0013068778636076627, 0.008761908703005911, 0.025291394151194153, 0.006457038691846156, 0.00168399914209265, 0.03082402052253607, 0.003079016484824717, 0.0017652430061797515, 0.003934693295308597, 0.01043841630010288, 0.005625235577581248, 0.012281917222248433, 0.014939080341755668, 0.003189435216416357, 0.008212693933206384, 0.006192389737246408, 0.002381987318126804, 0.009427746616614812, 0.006279037138428923, 0.002607426311122796, 0.005998850691007238]}, {'overall_acc': 0.5597014925373134, 'bal_acc': 0.6101405981102055, 'avg_odds_diff': 0.5050724169941889, 'disp_imp': 2.496938404930083, 'stat_par_diff': 0.5502176492501276, 'eq_opp_diff': 0.22546250079649965, 'theil_ind': 0.1358510044765938, 'TPR': 0.7135922330097088, 'TNR': 0.5066889632107023, 'FPR': 0.49331103678929766, 'FNR': 0.28640776699029125, 'GTPR': 1.0, 'GTNR': 1.0, 'GFPR': 0.0, 'GFNR': 0.0, 'PPV': 0.332579185520362, 'NPV': 0.8370165745856354, 'FDR': 0.667420814479638, 'FOR': 0.16298342541436464, 'ACC': 0.5597014925373134, 'MCC': 0.19328413517425314, 'f1_score': 0.45370370370370366, 'fitness': -0.03217836562224652, 'solution': {'corr_type': 'spearman', 'l2': 0.0001, 'dropout': 0.0406636557810425, 'privileged_demotion': 0.0827235803349361, 'privileged_promotion': 0.3222357817309617, 'protected_demotion': 0.6230978315647832, 'protected_promotion': 0.7933400436090888}, 'corr': [0.09516396700495222, 0.009981821688332263, 1.0, 0.06347492071424835, 0.04109704156886009, 0.26588526104811544, 0.0025873439500123272, 0.04292865968998173, 0.065998210573249, 0.08260645111461447, 0.1055445131637378, 0.027832272346642956, 0.0030510566673584054, 0.00413818775483743, 0.005320423434259286, 0.0059919964136058, 0.014592963246195445, 0.01644455228132834, 0.02149197211423564, 0.014583484940431705, 0.034805096253359084, 0.009070587829377022, 0.011714945286414173, 0.031631288785333916, 0.022195575343963558, 0.002896806349253043, 0.0017252206327069166, 0.04623399214893745, 0.059211603481235525, 0.2349448391855346, 0.0197860190396814, 0.4344202669455709, 0.03133834090780558, 0.18232271523282986, 0.10345965966453564, 0.17176497878117272, 0.27221176210051345, 0.012848939913179924, 0.2271742749556096, 0.02449665983155396, 0.10321676981344327, 0.09323616245663625, 0.03265247430736573, 0.1688523028255503, 0.09186132040235351, 0.036800282139146774, 0.059878909069858585, 0.017132884011599805, 0.025902238967996618, 0.1332561878469154, 0.5808076783487023, 0.17180615369203775, 0.04957588203959859, 0.10452223789560693, 0.3167011935435912, 0.3225640577475257, 0.005148161615407603, 0.0025263645213903195, 0.11533105027787278, 0.005843638873823742, 0.10100690935836013, 0.009246325871746864, 0.006645419970608643, 0.010379359167426097, 0.0015075338353145466, 0.0070590836693404475, 0.011730416210871956, 0.006400565072258058, 0.005837929342395944, 0.001604761886790091, 0.0019450063756789751, 0.01696963394956161, 0.00873837229595129, 0.007900681540613743, 0.00013968706004713027, 0.008505536561890407, 0.011673635815824243, 0.006818221810680846, 0.010728108703025641, 0.025042058880571857, 0.007043397984914324, 0.0013068778636076627, 0.008761908703005911, 0.025291394151194153, 0.006457038691846156, 0.00168399914209265, 0.03082402052253607, 0.003079016484824717, 0.0017652430061797515, 0.003934693295308597, 0.01043841630010288, 0.005625235577581248, 0.012281917222248433, 0.014939080341755668, 0.003189435216416357, 0.008212693933206384, 0.006192389737246408, 0.002381987318126804, 0.009427746616614812, 0.006279037138428923, 0.002607426311122796, 0.005998850691007238]}, {'overall_acc': 0.7437810945273632, 'bal_acc': 0.5, 'avg_odds_diff': 0.0, 'disp_imp': nan, 'stat_par_diff': 0.0, 'eq_opp_diff': 0.0, 'theil_ind': 0.29600851522833466, 'TPR': 0.0, 'TNR': 1.0, 'FPR': 0.0, 'FNR': 1.0, 'GTPR': 1.0, 'GTNR': 1.0, 'GFPR': 0.0, 'GFNR': 0.0, 'PPV': 0.0, 'NPV': 0.7437810945273632, 'FDR': 0.0, 'FOR': 0.2562189054726368, 'ACC': 0.7437810945273632, 'MCC': 0.0, 'f1_score': 0, 'fitness': 0.0, 'solution': {'corr_type': 'spearman', 'l2': 0.01, 'dropout': 0.1028316562297966, 'privileged_demotion': 0.087802452460227, 'privileged_promotion': 0.949347132033847, 'protected_demotion': 0.3654292864207538, 'protected_promotion': 0.4227924438481996}, 'corr': [0.09516396700495222, 0.009981821688332263, 1.0, 0.06347492071424835, 0.04109704156886009, 0.26588526104811544, 0.0025873439500123272, 0.04292865968998173, 0.065998210573249, 0.08260645111461447, 0.1055445131637378, 0.027832272346642956, 0.0030510566673584054, 0.00413818775483743, 0.005320423434259286, 0.0059919964136058, 0.014592963246195445, 0.01644455228132834, 0.02149197211423564, 0.014583484940431705, 0.034805096253359084, 0.009070587829377022, 0.011714945286414173, 0.031631288785333916, 0.022195575343963558, 0.002896806349253043, 0.0017252206327069166, 0.04623399214893745, 0.059211603481235525, 0.2349448391855346, 0.0197860190396814, 0.4344202669455709, 0.03133834090780558, 0.18232271523282986, 0.10345965966453564, 0.17176497878117272, 0.27221176210051345, 0.012848939913179924, 0.2271742749556096, 0.02449665983155396, 0.10321676981344327, 0.09323616245663625, 0.03265247430736573, 0.1688523028255503, 0.09186132040235351, 0.036800282139146774, 0.059878909069858585, 0.017132884011599805, 0.025902238967996618, 0.1332561878469154, 0.5808076783487023, 0.17180615369203775, 0.04957588203959859, 0.10452223789560693, 0.3167011935435912, 0.3225640577475257, 0.005148161615407603, 0.0025263645213903195, 0.11533105027787278, 0.005843638873823742, 0.10100690935836013, 0.009246325871746864, 0.006645419970608643, 0.010379359167426097, 0.0015075338353145466, 0.0070590836693404475, 0.011730416210871956, 0.006400565072258058, 0.005837929342395944, 0.001604761886790091, 0.0019450063756789751, 0.01696963394956161, 0.00873837229595129, 0.007900681540613743, 0.00013968706004713027, 0.008505536561890407, 0.011673635815824243, 0.006818221810680846, 0.010728108703025641, 0.025042058880571857, 0.007043397984914324, 0.0013068778636076627, 0.008761908703005911, 0.025291394151194153, 0.006457038691846156, 0.00168399914209265, 0.03082402052253607, 0.003079016484824717, 0.0017652430061797515, 0.003934693295308597, 0.01043841630010288, 0.005625235577581248, 0.012281917222248433, 0.014939080341755668, 0.003189435216416357, 0.008212693933206384, 0.006192389737246408, 0.002381987318126804, 0.009427746616614812, 0.006279037138428923, 0.002607426311122796, 0.005998850691007238]}, {'overall_acc': 0.2406025428413488, 'bal_acc': 0.19268020333870903, 'avg_odds_diff': 0.13857467350460184, 'disp_imp': 1.738452977184196, 'stat_par_diff': 0.32726893307026866, 'eq_opp_diff': 0.04286938113747228, 'theil_ind': 0.30563301335341164, 'TPR': 0.09439050701186623, 'TNR': 0.2909698996655518, 'FPR': 0.7090301003344481, 'FNR': 0.9056094929881338, 'GTPR': 1.0, 'GTNR': 1.0, 'GFPR': 0.0, 'GFNR': 0.0, 'PPV': 0.043848659483838634, 'NPV': 0.48258859784283514, 'FDR': 0.9561513405161614, 'FOR': 0.5174114021571649, 'ACC': 0.2406025428413488, 'MCC': -0.5395094174983971, 'f1_score': 0.059880239520958084, 'fitness': -0.5823787986358694, 'solution': {'corr_type': 'spearman', 'l2': 0.001, 'dropout': 0.06467800699839443, 'privileged_demotion': 0.4435478373990881, 'privileged_promotion': 0.9965922233736925, 'protected_demotion': 0.19246342119906645, 'protected_promotion': 0.9277481076442724}, 'corr': [0.09516396700495222, 0.009981821688332263, 1.0, 0.06347492071424835, 0.04109704156886009, 0.26588526104811544, 0.0025873439500123272, 0.04292865968998173, 0.065998210573249, 0.08260645111461447, 0.1055445131637378, 0.027832272346642956, 0.0030510566673584054, 0.00413818775483743, 0.005320423434259286, 0.0059919964136058, 0.014592963246195445, 0.01644455228132834, 0.02149197211423564, 0.014583484940431705, 0.034805096253359084, 0.009070587829377022, 0.011714945286414173, 0.031631288785333916, 0.022195575343963558, 0.002896806349253043, 0.0017252206327069166, 0.04623399214893745, 0.059211603481235525, 0.2349448391855346, 0.0197860190396814, 0.4344202669455709, 0.03133834090780558, 0.18232271523282986, 0.10345965966453564, 0.17176497878117272, 0.27221176210051345, 0.012848939913179924, 0.2271742749556096, 0.02449665983155396, 0.10321676981344327, 0.09323616245663625, 0.03265247430736573, 0.1688523028255503, 0.09186132040235351, 0.036800282139146774, 0.059878909069858585, 0.017132884011599805, 0.025902238967996618, 0.1332561878469154, 0.5808076783487023, 0.17180615369203775, 0.04957588203959859, 0.10452223789560693, 0.3167011935435912, 0.3225640577475257, 0.005148161615407603, 0.0025263645213903195, 0.11533105027787278, 0.005843638873823742, 0.10100690935836013, 0.009246325871746864, 0.006645419970608643, 0.010379359167426097, 0.0015075338353145466, 0.0070590836693404475, 0.011730416210871956, 0.006400565072258058, 0.005837929342395944, 0.001604761886790091, 0.0019450063756789751, 0.01696963394956161, 0.00873837229595129, 0.007900681540613743, 0.00013968706004713027, 0.008505536561890407, 0.011673635815824243, 0.006818221810680846, 0.010728108703025641, 0.025042058880571857, 0.007043397984914324, 0.0013068778636076627, 0.008761908703005911, 0.025291394151194153, 0.006457038691846156, 0.00168399914209265, 0.03082402052253607, 0.003079016484824717, 0.0017652430061797515, 0.003934693295308597, 0.01043841630010288, 0.005625235577581248, 0.012281917222248433, 0.014939080341755668, 0.003189435216416357, 0.008212693933206384, 0.006192389737246408, 0.002381987318126804, 0.009427746616614812, 0.006279037138428923, 0.002607426311122796, 0.005998850691007238]}, {'overall_acc': 0.775428413488115, 'bal_acc': 0.5713047446901394, 'avg_odds_diff': 0.2373859420022909, 'disp_imp': 2.773989513038162, 'stat_par_diff': 0.052046799762689874, 'eq_opp_diff': 0.4517392012347514, 'theil_ind': 0.2483642853242049, 'TPR': 0.15264293419633226, 'TNR': 0.9899665551839465, 'FPR': 0.010033444816053512, 'FNR': 0.8473570658036678, 'GTPR': 1.0, 'GTNR': 1.0, 'GFPR': 0.0, 'GFNR': 0.0, 'PPV': 0.8397626112759644, 'NPV': 0.7722858385273228, 'FDR': 0.16023738872403562, 'FOR': 0.2277141614726772, 'ACC': 0.775428413488115, 'MCC': 0.2954385162812019, 'f1_score': 0.25832952989502517, 'fitness': -0.15630068495354954, 'solution': {'corr_type': 'spearman', 'l2': 0.0001, 'dropout': 0.12256533879197401, 'privileged_demotion': 0.9264098629067719, 'privileged_promotion': 0.05798233153538257, 'protected_demotion': 0.14053555280008512, 'protected_promotion': 0.1487733363612217}, 'corr': [0.09516396700495222, 0.009981821688332263, 1.0, 0.06347492071424835, 0.04109704156886009, 0.26588526104811544, 0.0025873439500123272, 0.04292865968998173, 0.065998210573249, 0.08260645111461447, 0.1055445131637378, 0.027832272346642956, 0.0030510566673584054, 0.00413818775483743, 0.005320423434259286, 0.0059919964136058, 0.014592963246195445, 0.01644455228132834, 0.02149197211423564, 0.014583484940431705, 0.034805096253359084, 0.009070587829377022, 0.011714945286414173, 0.031631288785333916, 0.022195575343963558, 0.002896806349253043, 0.0017252206327069166, 0.04623399214893745, 0.059211603481235525, 0.2349448391855346, 0.0197860190396814, 0.4344202669455709, 0.03133834090780558, 0.18232271523282986, 0.10345965966453564, 0.17176497878117272, 0.27221176210051345, 0.012848939913179924, 0.2271742749556096, 0.02449665983155396, 0.10321676981344327, 0.09323616245663625, 0.03265247430736573, 0.1688523028255503, 0.09186132040235351, 0.036800282139146774, 0.059878909069858585, 0.017132884011599805, 0.025902238967996618, 0.1332561878469154, 0.5808076783487023, 0.17180615369203775, 0.04957588203959859, 0.10452223789560693, 0.3167011935435912, 0.3225640577475257, 0.005148161615407603, 0.0025263645213903195, 0.11533105027787278, 0.005843638873823742, 0.10100690935836013, 0.009246325871746864, 0.006645419970608643, 0.010379359167426097, 0.0015075338353145466, 0.0070590836693404475, 0.011730416210871956, 0.006400565072258058, 0.005837929342395944, 0.001604761886790091, 0.0019450063756789751, 0.01696963394956161, 0.00873837229595129, 0.007900681540613743, 0.00013968706004713027, 0.008505536561890407, 0.011673635815824243, 0.006818221810680846, 0.010728108703025641, 0.025042058880571857, 0.007043397984914324, 0.0013068778636076627, 0.008761908703005911, 0.025291394151194153, 0.006457038691846156, 0.00168399914209265, 0.03082402052253607, 0.003079016484824717, 0.0017652430061797515, 0.003934693295308597, 0.01043841630010288, 0.005625235577581248, 0.012281917222248433, 0.014939080341755668, 0.003189435216416357, 0.008212693933206384, 0.006192389737246408, 0.002381987318126804, 0.009427746616614812, 0.006279037138428923, 0.002607426311122796, 0.005998850691007238]}, {'overall_acc': 0.1574074074074074, 'bal_acc': 0.2002188164070815, 'avg_odds_diff': 0.06898609266569711, 'disp_imp': 1.323187966232284, 'stat_par_diff': 0.21427896356185938, 'eq_opp_diff': 0.03980374248635332, 'theil_ind': 0.22879357878665196, 'TPR': 0.28802588996763756, 'TNR': 0.11241174284652546, 'FPR': 0.8875882571534746, 'FNR': 0.7119741100323624, 'GTPR': 1.0, 'GTNR': 1.0, 'GFPR': 0.0, 'GFNR': 0.0, 'PPV': 0.10054603652796083, 'NPV': 0.3142857142857143, 'FDR': 0.8994539634720392, 'FOR': 0.6857142857142857, 'ACC': 0.1574074074074074, 'MCC': -0.5923215855294695, 'f1_score': 0.14905792044661548, 'fitness': -0.6321253280158228, 'solution': {'corr_type': 'spearman', 'l2': 0.0001, 'dropout': 0.13957075904819505, 'privileged_demotion': 0.6816967469870614, 'privileged_promotion': 0.8265508449793375, 'protected_demotion': 0.20841173580635786, 'protected_promotion': 0.7937148843092642}, 'corr': [0.09516396700495222, 0.009981821688332263, 1.0, 0.06347492071424835, 0.04109704156886009, 0.26588526104811544, 0.0025873439500123272, 0.04292865968998173, 0.065998210573249, 0.08260645111461447, 0.1055445131637378, 0.027832272346642956, 0.0030510566673584054, 0.00413818775483743, 0.005320423434259286, 0.0059919964136058, 0.014592963246195445, 0.01644455228132834, 0.02149197211423564, 0.014583484940431705, 0.034805096253359084, 0.009070587829377022, 0.011714945286414173, 0.031631288785333916, 0.022195575343963558, 0.002896806349253043, 0.0017252206327069166, 0.04623399214893745, 0.059211603481235525, 0.2349448391855346, 0.0197860190396814, 0.4344202669455709, 0.03133834090780558, 0.18232271523282986, 0.10345965966453564, 0.17176497878117272, 0.27221176210051345, 0.012848939913179924, 0.2271742749556096, 0.02449665983155396, 0.10321676981344327, 0.09323616245663625, 0.03265247430736573, 0.1688523028255503, 0.09186132040235351, 0.036800282139146774, 0.059878909069858585, 0.017132884011599805, 0.025902238967996618, 0.1332561878469154, 0.5808076783487023, 0.17180615369203775, 0.04957588203959859, 0.10452223789560693, 0.3167011935435912, 0.3225640577475257, 0.005148161615407603, 0.0025263645213903195, 0.11533105027787278, 0.005843638873823742, 0.10100690935836013, 0.009246325871746864, 0.006645419970608643, 0.010379359167426097, 0.0015075338353145466, 0.0070590836693404475, 0.011730416210871956, 0.006400565072258058, 0.005837929342395944, 0.001604761886790091, 0.0019450063756789751, 0.01696963394956161, 0.00873837229595129, 0.007900681540613743, 0.00013968706004713027, 0.008505536561890407, 0.011673635815824243, 0.006818221810680846, 0.010728108703025641, 0.025042058880571857, 0.007043397984914324, 0.0013068778636076627, 0.008761908703005911, 0.025291394151194153, 0.006457038691846156, 0.00168399914209265, 0.03082402052253607, 0.003079016484824717, 0.0017652430061797515, 0.003934693295308597, 0.01043841630010288, 0.005625235577581248, 0.012281917222248433, 0.014939080341755668, 0.003189435216416357, 0.008212693933206384, 0.006192389737246408, 0.002381987318126804, 0.009427746616614812, 0.006279037138428923, 0.002607426311122796, 0.005998850691007238]}, {'overall_acc': 0.49640685461580986, 'bal_acc': 0.3794922304842102, 'avg_odds_diff': 0.47099823148993475, 'disp_imp': 0.17499347625829614, 'stat_par_diff': 0.3620483174436734, 'eq_opp_diff': 0.3618515607853132, 'theil_ind': 0.30852582639971654, 'TPR': 0.13969795037756202, 'TNR': 0.6192865105908584, 'FPR': 0.38071348940914157, 'FNR': 0.860302049622438, 'GTPR': 1.0, 'GTNR': 1.0, 'GFPR': 0.0, 'GFNR': 0.0, 'PPV': 0.11221837088388215, 'NPV': 0.6763392857142857, 'FDR': 0.8877816291161178, 'FOR': 0.3236607142857143, 'ACC': 0.49640685461580986, 'MCC': -0.22574518902756913, 'f1_score': 0.1244593945218645, 'fitness': -0.5875967498128823, 'solution': {'corr_type': 'spearman', 'l2': 0.001, 'dropout': 0.17044664242414923, 'privileged_demotion': 0.4116838543512754, 'privileged_promotion': 0.9777235017462178, 'protected_demotion': 0.1509179984485609, 'protected_promotion': 0.1655025581115397}, 'corr': [0.09516396700495222, 0.009981821688332263, 1.0, 0.06347492071424835, 0.04109704156886009, 0.26588526104811544, 0.0025873439500123272, 0.04292865968998173, 0.065998210573249, 0.08260645111461447, 0.1055445131637378, 0.027832272346642956, 0.0030510566673584054, 0.00413818775483743, 0.005320423434259286, 0.0059919964136058, 0.014592963246195445, 0.01644455228132834, 0.02149197211423564, 0.014583484940431705, 0.034805096253359084, 0.009070587829377022, 0.011714945286414173, 0.031631288785333916, 0.022195575343963558, 0.002896806349253043, 0.0017252206327069166, 0.04623399214893745, 0.059211603481235525, 0.2349448391855346, 0.0197860190396814, 0.4344202669455709, 0.03133834090780558, 0.18232271523282986, 0.10345965966453564, 0.17176497878117272, 0.27221176210051345, 0.012848939913179924, 0.2271742749556096, 0.02449665983155396, 0.10321676981344327, 0.09323616245663625, 0.03265247430736573, 0.1688523028255503, 0.09186132040235351, 0.036800282139146774, 0.059878909069858585, 0.017132884011599805, 0.025902238967996618, 0.1332561878469154, 0.5808076783487023, 0.17180615369203775, 0.04957588203959859, 0.10452223789560693, 0.3167011935435912, 0.3225640577475257, 0.005148161615407603, 0.0025263645213903195, 0.11533105027787278, 0.005843638873823742, 0.10100690935836013, 0.009246325871746864, 0.006645419970608643, 0.010379359167426097, 0.0015075338353145466, 0.0070590836693404475, 0.011730416210871956, 0.006400565072258058, 0.005837929342395944, 0.001604761886790091, 0.0019450063756789751, 0.01696963394956161, 0.00873837229595129, 0.007900681540613743, 0.00013968706004713027, 0.008505536561890407, 0.011673635815824243, 0.006818221810680846, 0.010728108703025641, 0.025042058880571857, 0.007043397984914324, 0.0013068778636076627, 0.008761908703005911, 0.025291394151194153, 0.006457038691846156, 0.00168399914209265, 0.03082402052253607, 0.003079016484824717, 0.0017652430061797515, 0.003934693295308597, 0.01043841630010288, 0.005625235577581248, 0.012281917222248433, 0.014939080341755668, 0.003189435216416357, 0.008212693933206384, 0.006192389737246408, 0.002381987318126804, 0.009427746616614812, 0.006279037138428923, 0.002607426311122796, 0.005998850691007238]}, {'overall_acc': 0.4854892205638474, 'bal_acc': 0.3366191872945778, 'avg_odds_diff': 0.5600084505321824, 'disp_imp': 1334.5687256538674, 'stat_par_diff': 0.8265921853226452, 'eq_opp_diff': 0.21722846441947566, 'theil_ind': 0.34467361458437823, 'TPR': 0.03128371089536138, 'TNR': 0.6419546636937942, 'FPR': 0.3580453363062059, 'FNR': 0.9687162891046386, 'GTPR': 1.0, 'GTNR': 1.0, 'GFPR': 0.0, 'GFNR': 0.0, 'PPV': 0.029219143576826197, 'NPV': 0.6579699104932394, 'FDR': 0.9707808564231738, 'FOR': 0.3420300895067606, 'ACC': 0.4854892205638474, 'MCC': -0.3197102018052742, 'f1_score': 0.03021620213597291, 'fitness': -0.5369386662247498, 'solution': {'corr_type': 'spearman', 'l2': 0.0001, 'dropout': 0.041408233517996496, 'privileged_demotion': 0.7276502314057636, 'privileged_promotion': 0.02893104014282899, 'protected_demotion': 0.49489150211812927, 'protected_promotion': 0.9987134819037313}, 'corr': [0.09516396700495222, 0.009981821688332263, 1.0, 0.06347492071424835, 0.04109704156886009, 0.26588526104811544, 0.0025873439500123272, 0.04292865968998173, 0.065998210573249, 0.08260645111461447, 0.1055445131637378, 0.027832272346642956, 0.0030510566673584054, 0.00413818775483743, 0.005320423434259286, 0.0059919964136058, 0.014592963246195445, 0.01644455228132834, 0.02149197211423564, 0.014583484940431705, 0.034805096253359084, 0.009070587829377022, 0.011714945286414173, 0.031631288785333916, 0.022195575343963558, 0.002896806349253043, 0.0017252206327069166, 0.04623399214893745, 0.059211603481235525, 0.2349448391855346, 0.0197860190396814, 0.4344202669455709, 0.03133834090780558, 0.18232271523282986, 0.10345965966453564, 0.17176497878117272, 0.27221176210051345, 0.012848939913179924, 0.2271742749556096, 0.02449665983155396, 0.10321676981344327, 0.09323616245663625, 0.03265247430736573, 0.1688523028255503, 0.09186132040235351, 0.036800282139146774, 0.059878909069858585, 0.017132884011599805, 0.025902238967996618, 0.1332561878469154, 0.5808076783487023, 0.17180615369203775, 0.04957588203959859, 0.10452223789560693, 0.3167011935435912, 0.3225640577475257, 0.005148161615407603, 0.0025263645213903195, 0.11533105027787278, 0.005843638873823742, 0.10100690935836013, 0.009246325871746864, 0.006645419970608643, 0.010379359167426097, 0.0015075338353145466, 0.0070590836693404475, 0.011730416210871956, 0.006400565072258058, 0.005837929342395944, 0.001604761886790091, 0.0019450063756789751, 0.01696963394956161, 0.00873837229595129, 0.007900681540613743, 0.00013968706004713027, 0.008505536561890407, 0.011673635815824243, 0.006818221810680846, 0.010728108703025641, 0.025042058880571857, 0.007043397984914324, 0.0013068778636076627, 0.008761908703005911, 0.025291394151194153, 0.006457038691846156, 0.00168399914209265, 0.03082402052253607, 0.003079016484824717, 0.0017652430061797515, 0.003934693295308597, 0.01043841630010288, 0.005625235577581248, 0.012281917222248433, 0.014939080341755668, 0.003189435216416357, 0.008212693933206384, 0.006192389737246408, 0.002381987318126804, 0.009427746616614812, 0.006279037138428923, 0.002607426311122796, 0.005998850691007238]}, {'overall_acc': 0.4749861802100608, 'bal_acc': 0.3380442900282495, 'avg_odds_diff': 0.674253749949006, 'disp_imp': 724.1819699499165, 'stat_par_diff': 0.8965065743180783, 'eq_opp_diff': 0.3882528691687376, 'theil_ind': 0.33612316868614683, 'TPR': 0.05717367853290183, 'TNR': 0.6189149015235972, 'FPR': 0.3810850984764028, 'FNR': 0.9428263214670982, 'GTPR': 1.0, 'GTNR': 1.0, 'GFPR': 0.0, 'GFNR': 0.0, 'PPV': 0.049142327306444133, 'NPV': 0.65583776333924, 'FDR': 0.9508576726935558, 'FOR': 0.34416223666076, 'ACC': 0.4749861802100608, 'MCC': -0.3091283192309618, 'f1_score': 0.05285464971328845, 'fitness': -0.6973811883996994, 'solution': {'corr_type': 'spearman', 'l2': 0.0001, 'dropout': 0.01737485069283209, 'privileged_demotion': 0.6639727977682456, 'privileged_promotion': 0.28924643882293866, 'protected_demotion': 0.4458648959388235, 'protected_promotion': 0.6786590408536887}, 'corr': [0.09516396700495222, 0.009981821688332263, 1.0, 0.06347492071424835, 0.04109704156886009, 0.26588526104811544, 0.0025873439500123272, 0.04292865968998173, 0.065998210573249, 0.08260645111461447, 0.1055445131637378, 0.027832272346642956, 0.0030510566673584054, 0.00413818775483743, 0.005320423434259286, 0.0059919964136058, 0.014592963246195445, 0.01644455228132834, 0.02149197211423564, 0.014583484940431705, 0.034805096253359084, 0.009070587829377022, 0.011714945286414173, 0.031631288785333916, 0.022195575343963558, 0.002896806349253043, 0.0017252206327069166, 0.04623399214893745, 0.059211603481235525, 0.2349448391855346, 0.0197860190396814, 0.4344202669455709, 0.03133834090780558, 0.18232271523282986, 0.10345965966453564, 0.17176497878117272, 0.27221176210051345, 0.012848939913179924, 0.2271742749556096, 0.02449665983155396, 0.10321676981344327, 0.09323616245663625, 0.03265247430736573, 0.1688523028255503, 0.09186132040235351, 0.036800282139146774, 0.059878909069858585, 0.017132884011599805, 0.025902238967996618, 0.1332561878469154, 0.5808076783487023, 0.17180615369203775, 0.04957588203959859, 0.10452223789560693, 0.3167011935435912, 0.3225640577475257, 0.005148161615407603, 0.0025263645213903195, 0.11533105027787278, 0.005843638873823742, 0.10100690935836013, 0.009246325871746864, 0.006645419970608643, 0.010379359167426097, 0.0015075338353145466, 0.0070590836693404475, 0.011730416210871956, 0.006400565072258058, 0.005837929342395944, 0.001604761886790091, 0.0019450063756789751, 0.01696963394956161, 0.00873837229595129, 0.007900681540613743, 0.00013968706004713027, 0.008505536561890407, 0.011673635815824243, 0.006818221810680846, 0.010728108703025641, 0.025042058880571857, 0.007043397984914324, 0.0013068778636076627, 0.008761908703005911, 0.025291394151194153, 0.006457038691846156, 0.00168399914209265, 0.03082402052253607, 0.003079016484824717, 0.0017652430061797515, 0.003934693295308597, 0.01043841630010288, 0.005625235577581248, 0.012281917222248433, 0.014939080341755668, 0.003189435216416357, 0.008212693933206384, 0.006192389737246408, 0.002381987318126804, 0.009427746616614812, 0.006279037138428923, 0.002607426311122796, 0.005998850691007238]}, {'overall_acc': 0.17095080154781647, 'bal_acc': 0.2913514303341234, 'avg_odds_diff': 0.16607059528957263, 'disp_imp': 1.0263872990675356, 'stat_par_diff': 0.022200223513017536, 'eq_opp_diff': 0.30070162769128383, 'theil_ind': 0.15346100231550752, 'TPR': 0.5382955771305286, 'TNR': 0.04440728353771832, 'FPR': 0.9555927164622817, 'FNR': 0.4617044228694714, 'GTPR': 1.0, 'GTNR': 1.0, 'GFPR': 0.0, 'GFNR': 0.0, 'PPV': 0.16251424849373067, 'NPV': 0.2182648401826484, 'FDR': 0.8374857515062694, 'FOR': 0.7817351598173516, 'ACC': 0.17095080154781647, 'MCC': -0.508329730499553, 'f1_score': 0.24965603502188868, 'fitness': -0.8090313581908368, 'solution': {'corr_type': 'spearman', 'l2': 0.0001, 'dropout': 0.07264667165513926, 'privileged_demotion': 0.858753681049336, 'privileged_promotion': 0.48629846883983585, 'protected_demotion': 0.3206940459240373, 'protected_promotion': 0.84646081237482}, 'corr': [0.09516396700495222, 0.009981821688332263, 1.0, 0.06347492071424835, 0.04109704156886009, 0.26588526104811544, 0.0025873439500123272, 0.04292865968998173, 0.065998210573249, 0.08260645111461447, 0.1055445131637378, 0.027832272346642956, 0.0030510566673584054, 0.00413818775483743, 0.005320423434259286, 0.0059919964136058, 0.014592963246195445, 0.01644455228132834, 0.02149197211423564, 0.014583484940431705, 0.034805096253359084, 0.009070587829377022, 0.011714945286414173, 0.031631288785333916, 0.022195575343963558, 0.002896806349253043, 0.0017252206327069166, 0.04623399214893745, 0.059211603481235525, 0.2349448391855346, 0.0197860190396814, 0.4344202669455709, 0.03133834090780558, 0.18232271523282986, 0.10345965966453564, 0.17176497878117272, 0.27221176210051345, 0.012848939913179924, 0.2271742749556096, 0.02449665983155396, 0.10321676981344327, 0.09323616245663625, 0.03265247430736573, 0.1688523028255503, 0.09186132040235351, 0.036800282139146774, 0.059878909069858585, 0.017132884011599805, 0.025902238967996618, 0.1332561878469154, 0.5808076783487023, 0.17180615369203775, 0.04957588203959859, 0.10452223789560693, 0.3167011935435912, 0.3225640577475257, 0.005148161615407603, 0.0025263645213903195, 0.11533105027787278, 0.005843638873823742, 0.10100690935836013, 0.009246325871746864, 0.006645419970608643, 0.010379359167426097, 0.0015075338353145466, 0.0070590836693404475, 0.011730416210871956, 0.006400565072258058, 0.005837929342395944, 0.001604761886790091, 0.0019450063756789751, 0.01696963394956161, 0.00873837229595129, 0.007900681540613743, 0.00013968706004713027, 0.008505536561890407, 0.011673635815824243, 0.006818221810680846, 0.010728108703025641, 0.025042058880571857, 0.007043397984914324, 0.0013068778636076627, 0.008761908703005911, 0.025291394151194153, 0.006457038691846156, 0.00168399914209265, 0.03082402052253607, 0.003079016484824717, 0.0017652430061797515, 0.003934693295308597, 0.01043841630010288, 0.005625235577581248, 0.012281917222248433, 0.014939080341755668, 0.003189435216416357, 0.008212693933206384, 0.006192389737246408, 0.002381987318126804, 0.009427746616614812, 0.006279037138428923, 0.002607426311122796, 0.005998850691007238]}, {'overall_acc': 0.17896627971254836, 'bal_acc': 0.3336878050892403, 'avg_odds_diff': 0.06944970695481983, 'disp_imp': 1.0561523832764141, 'stat_par_diff': 0.049527794257647084, 'eq_opp_diff': 0.13486686065858133, 'theil_ind': 0.12156830585914935, 'TPR': 0.6510248112189859, 'TNR': 0.016350798959494612, 'FPR': 0.9836492010405053, 'FNR': 0.348975188781014, 'GTPR': 1.0, 'GTNR': 1.0, 'GFPR': 0.0, 'GFNR': 0.0, 'PPV': 0.18566374403937855, 'NPV': 0.11972789115646258, 'FDR': 0.8143362559606214, 'FOR': 0.8802721088435375, 'ACC': 0.17896627971254836, 'MCC': -0.48067003599965197, 'f1_score': 0.2889287851585876, 'fitness': -0.6155368966582333, 'solution': {'corr_type': 'spearman', 'l2': 0.001, 'dropout': 0.07853774231209282, 'privileged_demotion': 0.8775299589556794, 'privileged_promotion': 0.35129892535552665, 'protected_demotion': 0.6136097364057602, 'protected_promotion': 0.5641268072583986}, 'corr': [0.09516396700495222, 0.009981821688332263, 1.0, 0.06347492071424835, 0.04109704156886009, 0.26588526104811544, 0.0025873439500123272, 0.04292865968998173, 0.065998210573249, 0.08260645111461447, 0.1055445131637378, 0.027832272346642956, 0.0030510566673584054, 0.00413818775483743, 0.005320423434259286, 0.0059919964136058, 0.014592963246195445, 0.01644455228132834, 0.02149197211423564, 0.014583484940431705, 0.034805096253359084, 0.009070587829377022, 0.011714945286414173, 0.031631288785333916, 0.022195575343963558, 0.002896806349253043, 0.0017252206327069166, 0.04623399214893745, 0.059211603481235525, 0.2349448391855346, 0.0197860190396814, 0.4344202669455709, 0.03133834090780558, 0.18232271523282986, 0.10345965966453564, 0.17176497878117272, 0.27221176210051345, 0.012848939913179924, 0.2271742749556096, 0.02449665983155396, 0.10321676981344327, 0.09323616245663625, 0.03265247430736573, 0.1688523028255503, 0.09186132040235351, 0.036800282139146774, 0.059878909069858585, 0.017132884011599805, 0.025902238967996618, 0.1332561878469154, 0.5808076783487023, 0.17180615369203775, 0.04957588203959859, 0.10452223789560693, 0.3167011935435912, 0.3225640577475257, 0.005148161615407603, 0.0025263645213903195, 0.11533105027787278, 0.005843638873823742, 0.10100690935836013, 0.009246325871746864, 0.006645419970608643, 0.010379359167426097, 0.0015075338353145466, 0.0070590836693404475, 0.011730416210871956, 0.006400565072258058, 0.005837929342395944, 0.001604761886790091, 0.0019450063756789751, 0.01696963394956161, 0.00873837229595129, 0.007900681540613743, 0.00013968706004713027, 0.008505536561890407, 0.011673635815824243, 0.006818221810680846, 0.010728108703025641, 0.025042058880571857, 0.007043397984914324, 0.0013068778636076627, 0.008761908703005911, 0.025291394151194153, 0.006457038691846156, 0.00168399914209265, 0.03082402052253607, 0.003079016484824717, 0.0017652430061797515, 0.003934693295308597, 0.01043841630010288, 0.005625235577581248, 0.012281917222248433, 0.014939080341755668, 0.003189435216416357, 0.008212693933206384, 0.006192389737246408, 0.002381987318126804, 0.009427746616614812, 0.006279037138428923, 0.002607426311122796, 0.005998850691007238]}, {'overall_acc': 0.5590105030403538, 'bal_acc': 0.5287086043734419, 'avg_odds_diff': 0.7800675439324377, 'disp_imp': 6.657056812708388, 'stat_par_diff': 0.8345327612135929, 'eq_opp_diff': 0.6144375296474869, 'theil_ind': 0.20632006012207577, 'TPR': 0.4665587918015103, 'TNR': 0.5908584169453734, 'FPR': 0.40914158305462656, 'FNR': 0.5334412081984897, 'GTPR': 1.0, 'GTNR': 1.0, 'GFPR': 0.0, 'GFNR': 0.0, 'PPV': 0.2820345614607108, 'NPV': 0.7627728472055649, 'FDR': 0.7179654385392892, 'FOR': 0.23722715279443513, 'ACC': 0.5590105030403538, 'MCC': 0.050721951232168494, 'f1_score': 0.3515545620808779, 'fitness': -0.5637155784153184, 'solution': {'corr_type': 'spearman', 'l2': 0.01, 'dropout': 0.07169800956357524, 'privileged_demotion': 0.6425855040565331, 'privileged_promotion': 0.2221519214920813, 'protected_demotion': 0.9544028154108479, 'protected_promotion': 0.061993709639600936}, 'corr': [0.09516396700495222, 0.009981821688332263, 1.0, 0.06347492071424835, 0.04109704156886009, 0.26588526104811544, 0.0025873439500123272, 0.04292865968998173, 0.065998210573249, 0.08260645111461447, 0.1055445131637378, 0.027832272346642956, 0.0030510566673584054, 0.00413818775483743, 0.005320423434259286, 0.0059919964136058, 0.014592963246195445, 0.01644455228132834, 0.02149197211423564, 0.014583484940431705, 0.034805096253359084, 0.009070587829377022, 0.011714945286414173, 0.031631288785333916, 0.022195575343963558, 0.002896806349253043, 0.0017252206327069166, 0.04623399214893745, 0.059211603481235525, 0.2349448391855346, 0.0197860190396814, 0.4344202669455709, 0.03133834090780558, 0.18232271523282986, 0.10345965966453564, 0.17176497878117272, 0.27221176210051345, 0.012848939913179924, 0.2271742749556096, 0.02449665983155396, 0.10321676981344327, 0.09323616245663625, 0.03265247430736573, 0.1688523028255503, 0.09186132040235351, 0.036800282139146774, 0.059878909069858585, 0.017132884011599805, 0.025902238967996618, 0.1332561878469154, 0.5808076783487023, 0.17180615369203775, 0.04957588203959859, 0.10452223789560693, 0.3167011935435912, 0.3225640577475257, 0.005148161615407603, 0.0025263645213903195, 0.11533105027787278, 0.005843638873823742, 0.10100690935836013, 0.009246325871746864, 0.006645419970608643, 0.010379359167426097, 0.0015075338353145466, 0.0070590836693404475, 0.011730416210871956, 0.006400565072258058, 0.005837929342395944, 0.001604761886790091, 0.0019450063756789751, 0.01696963394956161, 0.00873837229595129, 0.007900681540613743, 0.00013968706004713027, 0.008505536561890407, 0.011673635815824243, 0.006818221810680846, 0.010728108703025641, 0.025042058880571857, 0.007043397984914324, 0.0013068778636076627, 0.008761908703005911, 0.025291394151194153, 0.006457038691846156, 0.00168399914209265, 0.03082402052253607, 0.003079016484824717, 0.0017652430061797515, 0.003934693295308597, 0.01043841630010288, 0.005625235577581248, 0.012281917222248433, 0.014939080341755668, 0.003189435216416357, 0.008212693933206384, 0.006192389737246408, 0.002381987318126804, 0.009427746616614812, 0.006279037138428923, 0.002607426311122796, 0.005998850691007238]}, {'overall_acc': 0.5724156992813709, 'bal_acc': 0.6268197118766979, 'avg_odds_diff': 0.5737298121694708, 'disp_imp': 3.0306849148329134, 'stat_par_diff': 0.6675247313014805, 'eq_opp_diff': 0.3012326274576439, 'theil_ind': 0.12903801936852594, 'TPR': 0.738403451995685, 'TNR': 0.5152359717577109, 'FPR': 0.4847640282422891, 'FNR': 0.261596548004315, 'GTPR': 1.0, 'GTNR': 1.0, 'GFPR': 0.0, 'GFNR': 0.0, 'PPV': 0.3441427853192559, 'NPV': 0.8511356660527931, 'FDR': 0.6558572146807441, 'FOR': 0.14886433394720688, 'ACC': 0.5724156992813709, 'MCC': 0.22255406955942647, 'f1_score': 0.4694787379972566, 'fitness': -0.07867855789821743, 'solution': {'corr_type': 'spearman', 'l2': 0.01, 'dropout': 0.0021782779025245613, 'privileged_demotion': 0.22744372453097772, 'privileged_promotion': 0.3507306232807743, 'protected_demotion': 0.949950121197728, 'protected_promotion': 0.5130535899949391}, 'corr': [0.09516396700495222, 0.009981821688332263, 1.0, 0.06347492071424835, 0.04109704156886009, 0.26588526104811544, 0.0025873439500123272, 0.04292865968998173, 0.065998210573249, 0.08260645111461447, 0.1055445131637378, 0.027832272346642956, 0.0030510566673584054, 0.00413818775483743, 0.005320423434259286, 0.0059919964136058, 0.014592963246195445, 0.01644455228132834, 0.02149197211423564, 0.014583484940431705, 0.034805096253359084, 0.009070587829377022, 0.011714945286414173, 0.031631288785333916, 0.022195575343963558, 0.002896806349253043, 0.0017252206327069166, 0.04623399214893745, 0.059211603481235525, 0.2349448391855346, 0.0197860190396814, 0.4344202669455709, 0.03133834090780558, 0.18232271523282986, 0.10345965966453564, 0.17176497878117272, 0.27221176210051345, 0.012848939913179924, 0.2271742749556096, 0.02449665983155396, 0.10321676981344327, 0.09323616245663625, 0.03265247430736573, 0.1688523028255503, 0.09186132040235351, 0.036800282139146774, 0.059878909069858585, 0.017132884011599805, 0.025902238967996618, 0.1332561878469154, 0.5808076783487023, 0.17180615369203775, 0.04957588203959859, 0.10452223789560693, 0.3167011935435912, 0.3225640577475257, 0.005148161615407603, 0.0025263645213903195, 0.11533105027787278, 0.005843638873823742, 0.10100690935836013, 0.009246325871746864, 0.006645419970608643, 0.010379359167426097, 0.0015075338353145466, 0.0070590836693404475, 0.011730416210871956, 0.006400565072258058, 0.005837929342395944, 0.001604761886790091, 0.0019450063756789751, 0.01696963394956161, 0.00873837229595129, 0.007900681540613743, 0.00013968706004713027, 0.008505536561890407, 0.011673635815824243, 0.006818221810680846, 0.010728108703025641, 0.025042058880571857, 0.007043397984914324, 0.0013068778636076627, 0.008761908703005911, 0.025291394151194153, 0.006457038691846156, 0.00168399914209265, 0.03082402052253607, 0.003079016484824717, 0.0017652430061797515, 0.003934693295308597, 0.01043841630010288, 0.005625235577581248, 0.012281917222248433, 0.014939080341755668, 0.003189435216416357, 0.008212693933206384, 0.006192389737246408, 0.002381987318126804, 0.009427746616614812, 0.006279037138428923, 0.002607426311122796, 0.005998850691007238]}, {'overall_acc': 0.5196241017136539, 'bal_acc': 0.6505539861386209, 'avg_odds_diff': 0.35783517602375703, 'disp_imp': 1.8171146270975291, 'stat_par_diff': 0.44704949019716056, 'eq_opp_diff': 0.09451795841209831, 'theil_ind': 0.07894621554140943, 'TPR': 0.919093851132686, 'TNR': 0.3820141211445559, 'FPR': 0.6179858788554441, 'FNR': 0.08090614886731391, 'GTPR': 1.0, 'GTNR': 1.0, 'GFPR': 0.0, 'GFNR': 0.0, 'PPV': 0.33876739562624253, 'NPV': 0.9320036264732547, 'FDR': 0.6612326043737574, 'FOR': 0.06799637352674524, 'ACC': 0.5196241017136539, 'MCC': 0.28553688626133034, 'f1_score': 0.4950610110400929, 'fitness': 0.19101892784923202, 'solution': {'corr_type': 'spearman', 'l2': 0.01, 'dropout': 0.13459197588791616, 'privileged_demotion': 0.11401811078809378, 'privileged_promotion': 0.6371552531968959, 'protected_demotion': 0.8885894936946789, 'protected_promotion': 0.4234330690247013}, 'corr': [0.09516396700495222, 0.009981821688332263, 1.0, 0.06347492071424835, 0.04109704156886009, 0.26588526104811544, 0.0025873439500123272, 0.04292865968998173, 0.065998210573249, 0.08260645111461447, 0.1055445131637378, 0.027832272346642956, 0.0030510566673584054, 0.00413818775483743, 0.005320423434259286, 0.0059919964136058, 0.014592963246195445, 0.01644455228132834, 0.02149197211423564, 0.014583484940431705, 0.034805096253359084, 0.009070587829377022, 0.011714945286414173, 0.031631288785333916, 0.022195575343963558, 0.002896806349253043, 0.0017252206327069166, 0.04623399214893745, 0.059211603481235525, 0.2349448391855346, 0.0197860190396814, 0.4344202669455709, 0.03133834090780558, 0.18232271523282986, 0.10345965966453564, 0.17176497878117272, 0.27221176210051345, 0.012848939913179924, 0.2271742749556096, 0.02449665983155396, 0.10321676981344327, 0.09323616245663625, 0.03265247430736573, 0.1688523028255503, 0.09186132040235351, 0.036800282139146774, 0.059878909069858585, 0.017132884011599805, 0.025902238967996618, 0.1332561878469154, 0.5808076783487023, 0.17180615369203775, 0.04957588203959859, 0.10452223789560693, 0.3167011935435912, 0.3225640577475257, 0.005148161615407603, 0.0025263645213903195, 0.11533105027787278, 0.005843638873823742, 0.10100690935836013, 0.009246325871746864, 0.006645419970608643, 0.010379359167426097, 0.0015075338353145466, 0.0070590836693404475, 0.011730416210871956, 0.006400565072258058, 0.005837929342395944, 0.001604761886790091, 0.0019450063756789751, 0.01696963394956161, 0.00873837229595129, 0.007900681540613743, 0.00013968706004713027, 0.008505536561890407, 0.011673635815824243, 0.006818221810680846, 0.010728108703025641, 0.025042058880571857, 0.007043397984914324, 0.0013068778636076627, 0.008761908703005911, 0.025291394151194153, 0.006457038691846156, 0.00168399914209265, 0.03082402052253607, 0.003079016484824717, 0.0017652430061797515, 0.003934693295308597, 0.01043841630010288, 0.005625235577581248, 0.012281917222248433, 0.014939080341755668, 0.003189435216416357, 0.008212693933206384, 0.006192389737246408, 0.002381987318126804, 0.009427746616614812, 0.006279037138428923, 0.002607426311122796, 0.005998850691007238]}, {'overall_acc': 0.5245992260917635, 'bal_acc': 0.6470038567970184, 'avg_odds_diff': 0.38670156320122934, 'disp_imp': 1.9190717836616493, 'stat_par_diff': 0.4787148691345079, 'eq_opp_diff': 0.11909262759924388, 'theil_ind': 0.08476141475360904, 'TPR': 0.8980582524271845, 'TNR': 0.3959494611668525, 'FPR': 0.6040505388331475, 'FNR': 0.10194174757281553, 'GTPR': 1.0, 'GTNR': 1.0, 'GFPR': 0.0, 'GFNR': 0.0, 'PPV': 0.3386899918633035, 'NPV': 0.9185344827586207, 'FDR': 0.6613100081366965, 'FOR': 0.0814655172413793, 'ACC': 0.5245992260917635, 'MCC': 0.2750017812015394, 'f1_score': 0.49187592319054657, 'fitness': 0.1559091536022955, 'solution': {'corr_type': 'spearman', 'l2': 0.01, 'dropout': 0.19925245988913096, 'privileged_demotion': 0.15903482661919932, 'privileged_promotion': 0.6590104915348198, 'protected_demotion': 0.912809084572536, 'protected_promotion': 0.4023598933307597}, 'corr': [0.09516396700495222, 0.009981821688332263, 1.0, 0.06347492071424835, 0.04109704156886009, 0.26588526104811544, 0.0025873439500123272, 0.04292865968998173, 0.065998210573249, 0.08260645111461447, 0.1055445131637378, 0.027832272346642956, 0.0030510566673584054, 0.00413818775483743, 0.005320423434259286, 0.0059919964136058, 0.014592963246195445, 0.01644455228132834, 0.02149197211423564, 0.014583484940431705, 0.034805096253359084, 0.009070587829377022, 0.011714945286414173, 0.031631288785333916, 0.022195575343963558, 0.002896806349253043, 0.0017252206327069166, 0.04623399214893745, 0.059211603481235525, 0.2349448391855346, 0.0197860190396814, 0.4344202669455709, 0.03133834090780558, 0.18232271523282986, 0.10345965966453564, 0.17176497878117272, 0.27221176210051345, 0.012848939913179924, 0.2271742749556096, 0.02449665983155396, 0.10321676981344327, 0.09323616245663625, 0.03265247430736573, 0.1688523028255503, 0.09186132040235351, 0.036800282139146774, 0.059878909069858585, 0.017132884011599805, 0.025902238967996618, 0.1332561878469154, 0.5808076783487023, 0.17180615369203775, 0.04957588203959859, 0.10452223789560693, 0.3167011935435912, 0.3225640577475257, 0.005148161615407603, 0.0025263645213903195, 0.11533105027787278, 0.005843638873823742, 0.10100690935836013, 0.009246325871746864, 0.006645419970608643, 0.010379359167426097, 0.0015075338353145466, 0.0070590836693404475, 0.011730416210871956, 0.006400565072258058, 0.005837929342395944, 0.001604761886790091, 0.0019450063756789751, 0.01696963394956161, 0.00873837229595129, 0.007900681540613743, 0.00013968706004713027, 0.008505536561890407, 0.011673635815824243, 0.006818221810680846, 0.010728108703025641, 0.025042058880571857, 0.007043397984914324, 0.0013068778636076627, 0.008761908703005911, 0.025291394151194153, 0.006457038691846156, 0.00168399914209265, 0.03082402052253607, 0.003079016484824717, 0.0017652430061797515, 0.003934693295308597, 0.01043841630010288, 0.005625235577581248, 0.012281917222248433, 0.014939080341755668, 0.003189435216416357, 0.008212693933206384, 0.006192389737246408, 0.002381987318126804, 0.009427746616614812, 0.006279037138428923, 0.002607426311122796, 0.005998850691007238]}, {'overall_acc': 0.5295743504698729, 'bal_acc': 0.6492876290259152, 'avg_odds_diff': 0.390917001216219, 'disp_imp': 1.9466961542061836, 'stat_par_diff': 0.4848883814622167, 'eq_opp_diff': 0.11849790786092051, 'theil_ind': 0.08580243315192213, 'TPR': 0.8948220064724919, 'TNR': 0.40375325157933856, 'FPR': 0.5962467484206615, 'FNR': 0.10517799352750809, 'GTPR': 1.0, 'GTNR': 1.0, 'GFPR': 0.0, 'GFNR': 0.0, 'PPV': 0.34079704190632704, 'NPV': 0.917652027027027, 'FDR': 0.659202958093673, 'FOR': 0.08234797297297297, 'ACC': 0.5295743504698729, 'MCC': 0.2777885840887481, 'f1_score': 0.4936030943171675, 'fitness': 0.1592906762278276, 'solution': {'corr_type': 'spearman', 'l2': 0.01, 'dropout': 0.00538006842251014, 'privileged_demotion': 0.10005481677706324, 'privileged_promotion': 0.6645596105073179, 'protected_demotion': 0.9693207525946819, 'protected_promotion': 0.4168693382213104}, 'corr': [0.09516396700495222, 0.009981821688332263, 1.0, 0.06347492071424835, 0.04109704156886009, 0.26588526104811544, 0.0025873439500123272, 0.04292865968998173, 0.065998210573249, 0.08260645111461447, 0.1055445131637378, 0.027832272346642956, 0.0030510566673584054, 0.00413818775483743, 0.005320423434259286, 0.0059919964136058, 0.014592963246195445, 0.01644455228132834, 0.02149197211423564, 0.014583484940431705, 0.034805096253359084, 0.009070587829377022, 0.011714945286414173, 0.031631288785333916, 0.022195575343963558, 0.002896806349253043, 0.0017252206327069166, 0.04623399214893745, 0.059211603481235525, 0.2349448391855346, 0.0197860190396814, 0.4344202669455709, 0.03133834090780558, 0.18232271523282986, 0.10345965966453564, 0.17176497878117272, 0.27221176210051345, 0.012848939913179924, 0.2271742749556096, 0.02449665983155396, 0.10321676981344327, 0.09323616245663625, 0.03265247430736573, 0.1688523028255503, 0.09186132040235351, 0.036800282139146774, 0.059878909069858585, 0.017132884011599805, 0.025902238967996618, 0.1332561878469154, 0.5808076783487023, 0.17180615369203775, 0.04957588203959859, 0.10452223789560693, 0.3167011935435912, 0.3225640577475257, 0.005148161615407603, 0.0025263645213903195, 0.11533105027787278, 0.005843638873823742, 0.10100690935836013, 0.009246325871746864, 0.006645419970608643, 0.010379359167426097, 0.0015075338353145466, 0.0070590836693404475, 0.011730416210871956, 0.006400565072258058, 0.005837929342395944, 0.001604761886790091, 0.0019450063756789751, 0.01696963394956161, 0.00873837229595129, 0.007900681540613743, 0.00013968706004713027, 0.008505536561890407, 0.011673635815824243, 0.006818221810680846, 0.010728108703025641, 0.025042058880571857, 0.007043397984914324, 0.0013068778636076627, 0.008761908703005911, 0.025291394151194153, 0.006457038691846156, 0.00168399914209265, 0.03082402052253607, 0.003079016484824717, 0.0017652430061797515, 0.003934693295308597, 0.01043841630010288, 0.005625235577581248, 0.012281917222248433, 0.014939080341755668, 0.003189435216416357, 0.008212693933206384, 0.006192389737246408, 0.002381987318126804, 0.009427746616614812, 0.006279037138428923, 0.002607426311122796, 0.005998850691007238]}, {'overall_acc': 0.554726368159204, 'bal_acc': 0.6471030728101221, 'avg_odds_diff': 0.46563214224650745, 'disp_imp': 2.298258934666338, 'stat_par_diff': 0.5608800480139076, 'eq_opp_diff': 0.18655083791763127, 'theil_ind': 0.10213233738731932, 'TPR': 0.8365695792880259, 'TNR': 0.4576365663322185, 'FPR': 0.5423634336677815, 'FNR': 0.1634304207119741, 'GTPR': 1.0, 'GTNR': 1.0, 'GFPR': 0.0, 'GFNR': 0.0, 'PPV': 0.34697986577181206, 'NPV': 0.8904555314533622, 'FDR': 0.6530201342281879, 'FOR': 0.10954446854663774, 'ACC': 0.554726368159204, 'MCC': 0.2643008759944435, 'f1_score': 0.49051233396584437, 'fitness': 0.07775003807681224, 'solution': {'corr_type': 'spearman', 'l2': 0.01, 'dropout': 0.14216613057904448, 'privileged_demotion': 0.30099646998699486, 'privileged_promotion': 0.6362699576730053, 'protected_demotion': 0.7612785624645297, 'protected_promotion': 0.29613942294595524}, 'corr': [0.09516396700495222, 0.009981821688332263, 1.0, 0.06347492071424835, 0.04109704156886009, 0.26588526104811544, 0.0025873439500123272, 0.04292865968998173, 0.065998210573249, 0.08260645111461447, 0.1055445131637378, 0.027832272346642956, 0.0030510566673584054, 0.00413818775483743, 0.005320423434259286, 0.0059919964136058, 0.014592963246195445, 0.01644455228132834, 0.02149197211423564, 0.014583484940431705, 0.034805096253359084, 0.009070587829377022, 0.011714945286414173, 0.031631288785333916, 0.022195575343963558, 0.002896806349253043, 0.0017252206327069166, 0.04623399214893745, 0.059211603481235525, 0.2349448391855346, 0.0197860190396814, 0.4344202669455709, 0.03133834090780558, 0.18232271523282986, 0.10345965966453564, 0.17176497878117272, 0.27221176210051345, 0.012848939913179924, 0.2271742749556096, 0.02449665983155396, 0.10321676981344327, 0.09323616245663625, 0.03265247430736573, 0.1688523028255503, 0.09186132040235351, 0.036800282139146774, 0.059878909069858585, 0.017132884011599805, 0.025902238967996618, 0.1332561878469154, 0.5808076783487023, 0.17180615369203775, 0.04957588203959859, 0.10452223789560693, 0.3167011935435912, 0.3225640577475257, 0.005148161615407603, 0.0025263645213903195, 0.11533105027787278, 0.005843638873823742, 0.10100690935836013, 0.009246325871746864, 0.006645419970608643, 0.010379359167426097, 0.0015075338353145466, 0.0070590836693404475, 0.011730416210871956, 0.006400565072258058, 0.005837929342395944, 0.001604761886790091, 0.0019450063756789751, 0.01696963394956161, 0.00873837229595129, 0.007900681540613743, 0.00013968706004713027, 0.008505536561890407, 0.011673635815824243, 0.006818221810680846, 0.010728108703025641, 0.025042058880571857, 0.007043397984914324, 0.0013068778636076627, 0.008761908703005911, 0.025291394151194153, 0.006457038691846156, 0.00168399914209265, 0.03082402052253607, 0.003079016484824717, 0.0017652430061797515, 0.003934693295308597, 0.01043841630010288, 0.005625235577581248, 0.012281917222248433, 0.014939080341755668, 0.003189435216416357, 0.008212693933206384, 0.006192389737246408, 0.002381987318126804, 0.009427746616614812, 0.006279037138428923, 0.002607426311122796, 0.005998850691007238]}, {'overall_acc': 0.5472636815920398, 'bal_acc': 0.660471979593972, 'avg_odds_diff': 0.373754191935503, 'disp_imp': 1.9007205062854278, 'stat_par_diff': 0.4537100401495605, 'eq_opp_diff': 0.11664294867710256, 'theil_ind': 0.08690273540777717, 'TPR': 0.8926645091693636, 'TNR': 0.4282794500185805, 'FPR': 0.5717205499814195, 'FNR': 0.10733549083063647, 'GTPR': 1.0, 'GTNR': 1.0, 'GFPR': 0.0, 'GFNR': 0.0, 'PPV': 0.34974640743871516, 'NPV': 0.9205271565495208, 'FDR': 0.6502535925612849, 'FOR': 0.07947284345047924, 'ACC': 0.5472636815920398, 'MCC': 0.2945210819113303, 'f1_score': 0.5025812329183116, 'fitness': 0.17787813323422774, 'solution': {'corr_type': 'spearman', 'l2': 0.01, 'dropout': 0.1290129463195455, 'privileged_demotion': 0.16034943097846877, 'privileged_promotion': 0.6761640747712869, 'protected_demotion': 0.6550188704349096, 'protected_promotion': 0.3586136151736618}, 'corr': [0.09516396700495222, 0.009981821688332263, 1.0, 0.06347492071424835, 0.04109704156886009, 0.26588526104811544, 0.0025873439500123272, 0.04292865968998173, 0.065998210573249, 0.08260645111461447, 0.1055445131637378, 0.027832272346642956, 0.0030510566673584054, 0.00413818775483743, 0.005320423434259286, 0.0059919964136058, 0.014592963246195445, 0.01644455228132834, 0.02149197211423564, 0.014583484940431705, 0.034805096253359084, 0.009070587829377022, 0.011714945286414173, 0.031631288785333916, 0.022195575343963558, 0.002896806349253043, 0.0017252206327069166, 0.04623399214893745, 0.059211603481235525, 0.2349448391855346, 0.0197860190396814, 0.4344202669455709, 0.03133834090780558, 0.18232271523282986, 0.10345965966453564, 0.17176497878117272, 0.27221176210051345, 0.012848939913179924, 0.2271742749556096, 0.02449665983155396, 0.10321676981344327, 0.09323616245663625, 0.03265247430736573, 0.1688523028255503, 0.09186132040235351, 0.036800282139146774, 0.059878909069858585, 0.017132884011599805, 0.025902238967996618, 0.1332561878469154, 0.5808076783487023, 0.17180615369203775, 0.04957588203959859, 0.10452223789560693, 0.3167011935435912, 0.3225640577475257, 0.005148161615407603, 0.0025263645213903195, 0.11533105027787278, 0.005843638873823742, 0.10100690935836013, 0.009246325871746864, 0.006645419970608643, 0.010379359167426097, 0.0015075338353145466, 0.0070590836693404475, 0.011730416210871956, 0.006400565072258058, 0.005837929342395944, 0.001604761886790091, 0.0019450063756789751, 0.01696963394956161, 0.00873837229595129, 0.007900681540613743, 0.00013968706004713027, 0.008505536561890407, 0.011673635815824243, 0.006818221810680846, 0.010728108703025641, 0.025042058880571857, 0.007043397984914324, 0.0013068778636076627, 0.008761908703005911, 0.025291394151194153, 0.006457038691846156, 0.00168399914209265, 0.03082402052253607, 0.003079016484824717, 0.0017652430061797515, 0.003934693295308597, 0.01043841630010288, 0.005625235577581248, 0.012281917222248433, 0.014939080341755668, 0.003189435216416357, 0.008212693933206384, 0.006192389737246408, 0.002381987318126804, 0.009427746616614812, 0.006279037138428923, 0.002607426311122796, 0.005998850691007238]}, {'overall_acc': 0.4925373134328358, 'bal_acc': 0.6440129449838188, 'avg_odds_diff': 0.2851140161669058, 'disp_imp': 1.5805450867880266, 'stat_par_diff': 0.36056167993487764, 'eq_opp_diff': 0.052930056710775, 'theil_ind': 0.06822422032366784, 'TPR': 0.9546925566343042, 'TNR': 0.3333333333333333, 'FPR': 0.6666666666666666, 'FNR': 0.045307443365695796, 'GTPR': 1.0, 'GTNR': 1.0, 'GFPR': 0.0, 'GFNR': 0.0, 'PPV': 0.3303471444568869, 'NPV': 0.9552715654952076, 'FDR': 0.6696528555431132, 'FOR': 0.04472843450479233, 'ACC': 0.4925373134328358, 'MCC': 0.28681977464142977, 'f1_score': 0.4908485856905158, 'fitness': 0.23388971793065477, 'solution': {'corr_type': 'spearman', 'l2': 0.01, 'dropout': 0.12318710939809778, 'privileged_demotion': 0.0343645236628912, 'privileged_promotion': 0.6751332211124313, 'protected_demotion': 0.6768020778080337, 'protected_promotion': 0.3670307645461161}, 'corr': [0.09516396700495222, 0.009981821688332263, 1.0, 0.06347492071424835, 0.04109704156886009, 0.26588526104811544, 0.0025873439500123272, 0.04292865968998173, 0.065998210573249, 0.08260645111461447, 0.1055445131637378, 0.027832272346642956, 0.0030510566673584054, 0.00413818775483743, 0.005320423434259286, 0.0059919964136058, 0.014592963246195445, 0.01644455228132834, 0.02149197211423564, 0.014583484940431705, 0.034805096253359084, 0.009070587829377022, 0.011714945286414173, 0.031631288785333916, 0.022195575343963558, 0.002896806349253043, 0.0017252206327069166, 0.04623399214893745, 0.059211603481235525, 0.2349448391855346, 0.0197860190396814, 0.4344202669455709, 0.03133834090780558, 0.18232271523282986, 0.10345965966453564, 0.17176497878117272, 0.27221176210051345, 0.012848939913179924, 0.2271742749556096, 0.02449665983155396, 0.10321676981344327, 0.09323616245663625, 0.03265247430736573, 0.1688523028255503, 0.09186132040235351, 0.036800282139146774, 0.059878909069858585, 0.017132884011599805, 0.025902238967996618, 0.1332561878469154, 0.5808076783487023, 0.17180615369203775, 0.04957588203959859, 0.10452223789560693, 0.3167011935435912, 0.3225640577475257, 0.005148161615407603, 0.0025263645213903195, 0.11533105027787278, 0.005843638873823742, 0.10100690935836013, 0.009246325871746864, 0.006645419970608643, 0.010379359167426097, 0.0015075338353145466, 0.0070590836693404475, 0.011730416210871956, 0.006400565072258058, 0.005837929342395944, 0.001604761886790091, 0.0019450063756789751, 0.01696963394956161, 0.00873837229595129, 0.007900681540613743, 0.00013968706004713027, 0.008505536561890407, 0.011673635815824243, 0.006818221810680846, 0.010728108703025641, 0.025042058880571857, 0.007043397984914324, 0.0013068778636076627, 0.008761908703005911, 0.025291394151194153, 0.006457038691846156, 0.00168399914209265, 0.03082402052253607, 0.003079016484824717, 0.0017652430061797515, 0.003934693295308597, 0.01043841630010288, 0.005625235577581248, 0.012281917222248433, 0.014939080341755668, 0.003189435216416357, 0.008212693933206384, 0.006192389737246408, 0.002381987318126804, 0.009427746616614812, 0.006279037138428923, 0.002607426311122796, 0.005998850691007238]}, {'overall_acc': 0.5409065782200111, 'bal_acc': 0.6471824456206052, 'avg_odds_diff': 0.43265616697584275, 'disp_imp': 2.11736307482832, 'stat_par_diff': 0.5270536983126146, 'eq_opp_diff': 0.15752993068683052, 'theil_ind': 0.09411405731959549, 'TPR': 0.8651564185544768, 'TNR': 0.42920847268673357, 'FPR': 0.5707915273132664, 'FNR': 0.1348435814455232, 'GTPR': 1.0, 'GTNR': 1.0, 'GFPR': 0.0, 'GFNR': 0.0, 'PPV': 0.34302822925577414, 'NPV': 0.90234375, 'FDR': 0.6569717707442259, 'FOR': 0.09765625, 'ACC': 0.5409065782200111, 'MCC': 0.26875434133659404, 'f1_score': 0.491271056661562, 'fitness': 0.11122441064976352, 'solution': {'corr_type': 'spearman', 'l2': 0.01, 'dropout': 0.18439794498744677, 'privileged_demotion': 0.2538174082539275, 'privileged_promotion': 0.6604655800661482, 'protected_demotion': 0.7926371535725447, 'protected_promotion': 0.3452874521812201}, 'corr': [0.09516396700495222, 0.009981821688332263, 1.0, 0.06347492071424835, 0.04109704156886009, 0.26588526104811544, 0.0025873439500123272, 0.04292865968998173, 0.065998210573249, 0.08260645111461447, 0.1055445131637378, 0.027832272346642956, 0.0030510566673584054, 0.00413818775483743, 0.005320423434259286, 0.0059919964136058, 0.014592963246195445, 0.01644455228132834, 0.02149197211423564, 0.014583484940431705, 0.034805096253359084, 0.009070587829377022, 0.011714945286414173, 0.031631288785333916, 0.022195575343963558, 0.002896806349253043, 0.0017252206327069166, 0.04623399214893745, 0.059211603481235525, 0.2349448391855346, 0.0197860190396814, 0.4344202669455709, 0.03133834090780558, 0.18232271523282986, 0.10345965966453564, 0.17176497878117272, 0.27221176210051345, 0.012848939913179924, 0.2271742749556096, 0.02449665983155396, 0.10321676981344327, 0.09323616245663625, 0.03265247430736573, 0.1688523028255503, 0.09186132040235351, 0.036800282139146774, 0.059878909069858585, 0.017132884011599805, 0.025902238967996618, 0.1332561878469154, 0.5808076783487023, 0.17180615369203775, 0.04957588203959859, 0.10452223789560693, 0.3167011935435912, 0.3225640577475257, 0.005148161615407603, 0.0025263645213903195, 0.11533105027787278, 0.005843638873823742, 0.10100690935836013, 0.009246325871746864, 0.006645419970608643, 0.010379359167426097, 0.0015075338353145466, 0.0070590836693404475, 0.011730416210871956, 0.006400565072258058, 0.005837929342395944, 0.001604761886790091, 0.0019450063756789751, 0.01696963394956161, 0.00873837229595129, 0.007900681540613743, 0.00013968706004713027, 0.008505536561890407, 0.011673635815824243, 0.006818221810680846, 0.010728108703025641, 0.025042058880571857, 0.007043397984914324, 0.0013068778636076627, 0.008761908703005911, 0.025291394151194153, 0.006457038691846156, 0.00168399914209265, 0.03082402052253607, 0.003079016484824717, 0.0017652430061797515, 0.003934693295308597, 0.01043841630010288, 0.005625235577581248, 0.012281917222248433, 0.014939080341755668, 0.003189435216416357, 0.008212693933206384, 0.006192389737246408, 0.002381987318126804, 0.009427746616614812, 0.006279037138428923, 0.002607426311122796, 0.005998850691007238]}, {'overall_acc': 0.8287728026533997, 'bal_acc': 0.8086998012071883, 'avg_odds_diff': 0.11368456683458304, 'disp_imp': 0.3321036104014694, 'stat_par_diff': 0.2643986534030547, 'eq_opp_diff': 0.07845344548048394, 'theil_ind': 0.09634455926583266, 'TPR': 0.767529665587918, 'TNR': 0.8498699368264586, 'FPR': 0.15013006317354144, 'FNR': 0.23247033441208198, 'GTPR': 1.0, 'GTNR': 1.0, 'GFPR': 0.0, 'GFNR': 0.0, 'PPV': 0.6378305692514568, 'NPV': 0.9138861138861138, 'FDR': 0.36216943074854324, 'FOR': 0.08611388611388611, 'ACC': 0.8287728026533997, 'MCC': 0.5836348694299499, 'f1_score': 0.6966952264381885, 'fitness': 0.505181423949466, 'solution': {'corr_type': 'spearman', 'l2': 0.01, 'dropout': 0.14657683006201364, 'privileged_demotion': 0.2869900630735082, 'privileged_promotion': 0.5682738727784481, 'protected_demotion': 0.0022484772071189596, 'protected_promotion': 0.3113220627054291}, 'corr': [0.09516396700495222, 0.009981821688332263, 1.0, 0.06347492071424835, 0.04109704156886009, 0.26588526104811544, 0.0025873439500123272, 0.04292865968998173, 0.065998210573249, 0.08260645111461447, 0.1055445131637378, 0.027832272346642956, 0.0030510566673584054, 0.00413818775483743, 0.005320423434259286, 0.0059919964136058, 0.014592963246195445, 0.01644455228132834, 0.02149197211423564, 0.014583484940431705, 0.034805096253359084, 0.009070587829377022, 0.011714945286414173, 0.031631288785333916, 0.022195575343963558, 0.002896806349253043, 0.0017252206327069166, 0.04623399214893745, 0.059211603481235525, 0.2349448391855346, 0.0197860190396814, 0.4344202669455709, 0.03133834090780558, 0.18232271523282986, 0.10345965966453564, 0.17176497878117272, 0.27221176210051345, 0.012848939913179924, 0.2271742749556096, 0.02449665983155396, 0.10321676981344327, 0.09323616245663625, 0.03265247430736573, 0.1688523028255503, 0.09186132040235351, 0.036800282139146774, 0.059878909069858585, 0.017132884011599805, 0.025902238967996618, 0.1332561878469154, 0.5808076783487023, 0.17180615369203775, 0.04957588203959859, 0.10452223789560693, 0.3167011935435912, 0.3225640577475257, 0.005148161615407603, 0.0025263645213903195, 0.11533105027787278, 0.005843638873823742, 0.10100690935836013, 0.009246325871746864, 0.006645419970608643, 0.010379359167426097, 0.0015075338353145466, 0.0070590836693404475, 0.011730416210871956, 0.006400565072258058, 0.005837929342395944, 0.001604761886790091, 0.0019450063756789751, 0.01696963394956161, 0.00873837229595129, 0.007900681540613743, 0.00013968706004713027, 0.008505536561890407, 0.011673635815824243, 0.006818221810680846, 0.010728108703025641, 0.025042058880571857, 0.007043397984914324, 0.0013068778636076627, 0.008761908703005911, 0.025291394151194153, 0.006457038691846156, 0.00168399914209265, 0.03082402052253607, 0.003079016484824717, 0.0017652430061797515, 0.003934693295308597, 0.01043841630010288, 0.005625235577581248, 0.012281917222248433, 0.014939080341755668, 0.003189435216416357, 0.008212693933206384, 0.006192389737246408, 0.002381987318126804, 0.009427746616614812, 0.006279037138428923, 0.002607426311122796, 0.005998850691007238]}, {'overall_acc': 0.7816473189607518, 'bal_acc': 0.8144985261912235, 'avg_odds_diff': 0.17994317662909937, 'disp_imp': 0.33300705945886994, 'stat_par_diff': 0.3544433560065675, 'eq_opp_diff': 0.10702831290754222, 'theil_ind': 0.07866185461481473, 'TPR': 0.8818770226537217, 'TNR': 0.7471200297287254, 'FPR': 0.2528799702712746, 'FNR': 0.11812297734627832, 'GTPR': 1.0, 'GTNR': 1.0, 'GFPR': 0.0, 'GFNR': 0.0, 'PPV': 0.5457276368491322, 'NPV': 0.9483490566037736, 'FDR': 0.45427236315086783, 'FOR': 0.05165094339622642, 'ACC': 0.7816473189607518, 'MCC': 0.5574699846922196, 'f1_score': 0.6742268041237114, 'fitness': 0.4504416717846774, 'solution': {'corr_type': 'spearman', 'l2': 0.01, 'dropout': 0.1638411983268048, 'privileged_demotion': 0.0007409187595484035, 'privileged_promotion': 0.5383652999866189, 'protected_demotion': 0.01031149181303792, 'protected_promotion': 0.6252803702222332}, 'corr': [0.09516396700495222, 0.009981821688332263, 1.0, 0.06347492071424835, 0.04109704156886009, 0.26588526104811544, 0.0025873439500123272, 0.04292865968998173, 0.065998210573249, 0.08260645111461447, 0.1055445131637378, 0.027832272346642956, 0.0030510566673584054, 0.00413818775483743, 0.005320423434259286, 0.0059919964136058, 0.014592963246195445, 0.01644455228132834, 0.02149197211423564, 0.014583484940431705, 0.034805096253359084, 0.009070587829377022, 0.011714945286414173, 0.031631288785333916, 0.022195575343963558, 0.002896806349253043, 0.0017252206327069166, 0.04623399214893745, 0.059211603481235525, 0.2349448391855346, 0.0197860190396814, 0.4344202669455709, 0.03133834090780558, 0.18232271523282986, 0.10345965966453564, 0.17176497878117272, 0.27221176210051345, 0.012848939913179924, 0.2271742749556096, 0.02449665983155396, 0.10321676981344327, 0.09323616245663625, 0.03265247430736573, 0.1688523028255503, 0.09186132040235351, 0.036800282139146774, 0.059878909069858585, 0.017132884011599805, 0.025902238967996618, 0.1332561878469154, 0.5808076783487023, 0.17180615369203775, 0.04957588203959859, 0.10452223789560693, 0.3167011935435912, 0.3225640577475257, 0.005148161615407603, 0.0025263645213903195, 0.11533105027787278, 0.005843638873823742, 0.10100690935836013, 0.009246325871746864, 0.006645419970608643, 0.010379359167426097, 0.0015075338353145466, 0.0070590836693404475, 0.011730416210871956, 0.006400565072258058, 0.005837929342395944, 0.001604761886790091, 0.0019450063756789751, 0.01696963394956161, 0.00873837229595129, 0.007900681540613743, 0.00013968706004713027, 0.008505536561890407, 0.011673635815824243, 0.006818221810680846, 0.010728108703025641, 0.025042058880571857, 0.007043397984914324, 0.0013068778636076627, 0.008761908703005911, 0.025291394151194153, 0.006457038691846156, 0.00168399914209265, 0.03082402052253607, 0.003079016484824717, 0.0017652430061797515, 0.003934693295308597, 0.01043841630010288, 0.005625235577581248, 0.012281917222248433, 0.014939080341755668, 0.003189435216416357, 0.008212693933206384, 0.006192389737246408, 0.002381987318126804, 0.009427746616614812, 0.006279037138428923, 0.002607426311122796, 0.005998850691007238]}, {'overall_acc': 0.5269485903814262, 'bal_acc': 0.6491135500211059, 'avg_odds_diff': 0.3791150670261511, 'disp_imp': 1.8993747490543311, 'stat_par_diff': 0.4697560672746589, 'eq_opp_diff': 0.11282683035619467, 'theil_ind': 0.08441146529910527, 'TPR': 0.8996763754045307, 'TNR': 0.39855072463768115, 'FPR': 0.6014492753623188, 'FNR': 0.10032362459546926, 'GTPR': 1.0, 'GTNR': 1.0, 'GFPR': 0.0, 'GFNR': 0.0, 'PPV': 0.3400611620795107, 'NPV': 0.9202059202059202, 'FDR': 0.6599388379204894, 'FOR': 0.07979407979407979, 'ACC': 0.5269485903814262, 'MCC': 0.2786013230162983, 'f1_score': 0.4935641367066134, 'fitness': 0.16577449266010363, 'solution': {'corr_type': 'spearman', 'l2': 0.01, 'dropout': 0.1632552433334222, 'privileged_demotion': 0.01593977293411175, 'privileged_promotion': 0.5485308158864964, 'protected_demotion': 0.7949144803490718, 'protected_promotion': 0.6003171472575859}, 'corr': [0.09516396700495222, 0.009981821688332263, 1.0, 0.06347492071424835, 0.04109704156886009, 0.26588526104811544, 0.0025873439500123272, 0.04292865968998173, 0.065998210573249, 0.08260645111461447, 0.1055445131637378, 0.027832272346642956, 0.0030510566673584054, 0.00413818775483743, 0.005320423434259286, 0.0059919964136058, 0.014592963246195445, 0.01644455228132834, 0.02149197211423564, 0.014583484940431705, 0.034805096253359084, 0.009070587829377022, 0.011714945286414173, 0.031631288785333916, 0.022195575343963558, 0.002896806349253043, 0.0017252206327069166, 0.04623399214893745, 0.059211603481235525, 0.2349448391855346, 0.0197860190396814, 0.4344202669455709, 0.03133834090780558, 0.18232271523282986, 0.10345965966453564, 0.17176497878117272, 0.27221176210051345, 0.012848939913179924, 0.2271742749556096, 0.02449665983155396, 0.10321676981344327, 0.09323616245663625, 0.03265247430736573, 0.1688523028255503, 0.09186132040235351, 0.036800282139146774, 0.059878909069858585, 0.017132884011599805, 0.025902238967996618, 0.1332561878469154, 0.5808076783487023, 0.17180615369203775, 0.04957588203959859, 0.10452223789560693, 0.3167011935435912, 0.3225640577475257, 0.005148161615407603, 0.0025263645213903195, 0.11533105027787278, 0.005843638873823742, 0.10100690935836013, 0.009246325871746864, 0.006645419970608643, 0.010379359167426097, 0.0015075338353145466, 0.0070590836693404475, 0.011730416210871956, 0.006400565072258058, 0.005837929342395944, 0.001604761886790091, 0.0019450063756789751, 0.01696963394956161, 0.00873837229595129, 0.007900681540613743, 0.00013968706004713027, 0.008505536561890407, 0.011673635815824243, 0.006818221810680846, 0.010728108703025641, 0.025042058880571857, 0.007043397984914324, 0.0013068778636076627, 0.008761908703005911, 0.025291394151194153, 0.006457038691846156, 0.00168399914209265, 0.03082402052253607, 0.003079016484824717, 0.0017652430061797515, 0.003934693295308597, 0.01043841630010288, 0.005625235577581248, 0.012281917222248433, 0.014939080341755668, 0.003189435216416357, 0.008212693933206384, 0.006192389737246408, 0.002381987318126804, 0.009427746616614812, 0.006279037138428923, 0.002607426311122796, 0.005998850691007238]}, {'overall_acc': 0.5261194029850746, 'bal_acc': 0.6517382645495773, 'avg_odds_diff': 0.37543981285306205, 'disp_imp': 1.8835233201168615, 'stat_par_diff': 0.4673181197312325, 'eq_opp_diff': 0.1058601134215501, 'theil_ind': 0.08178430291323463, 'TPR': 0.9093851132686084, 'TNR': 0.39409141583054624, 'FPR': 0.6059085841694537, 'FNR': 0.09061488673139159, 'GTPR': 1.0, 'GTNR': 1.0, 'GFPR': 0.0, 'GFNR': 0.0, 'PPV': 0.34081261370527594, 'NPV': 0.926605504587156, 'FDR': 0.6591873862947241, 'FOR': 0.07339449541284404, 'ACC': 0.5261194029850746, 'MCC': 0.2848773812671241, 'f1_score': 0.49580943978826647, 'fitness': 0.17901726784557398, 'solution': {'corr_type': 'spearman', 'l2': 0.01, 'dropout': 0.15977011052056705, 'privileged_demotion': 0.014346950114274514, 'privileged_promotion': 0.4995515281387857, 'protected_demotion': 0.8110445803678633, 'protected_promotion': 0.5984236148213434}, 'corr': [0.09516396700495222, 0.009981821688332263, 1.0, 0.06347492071424835, 0.04109704156886009, 0.26588526104811544, 0.0025873439500123272, 0.04292865968998173, 0.065998210573249, 0.08260645111461447, 0.1055445131637378, 0.027832272346642956, 0.0030510566673584054, 0.00413818775483743, 0.005320423434259286, 0.0059919964136058, 0.014592963246195445, 0.01644455228132834, 0.02149197211423564, 0.014583484940431705, 0.034805096253359084, 0.009070587829377022, 0.011714945286414173, 0.031631288785333916, 0.022195575343963558, 0.002896806349253043, 0.0017252206327069166, 0.04623399214893745, 0.059211603481235525, 0.2349448391855346, 0.0197860190396814, 0.4344202669455709, 0.03133834090780558, 0.18232271523282986, 0.10345965966453564, 0.17176497878117272, 0.27221176210051345, 0.012848939913179924, 0.2271742749556096, 0.02449665983155396, 0.10321676981344327, 0.09323616245663625, 0.03265247430736573, 0.1688523028255503, 0.09186132040235351, 0.036800282139146774, 0.059878909069858585, 0.017132884011599805, 0.025902238967996618, 0.1332561878469154, 0.5808076783487023, 0.17180615369203775, 0.04957588203959859, 0.10452223789560693, 0.3167011935435912, 0.3225640577475257, 0.005148161615407603, 0.0025263645213903195, 0.11533105027787278, 0.005843638873823742, 0.10100690935836013, 0.009246325871746864, 0.006645419970608643, 0.010379359167426097, 0.0015075338353145466, 0.0070590836693404475, 0.011730416210871956, 0.006400565072258058, 0.005837929342395944, 0.001604761886790091, 0.0019450063756789751, 0.01696963394956161, 0.00873837229595129, 0.007900681540613743, 0.00013968706004713027, 0.008505536561890407, 0.011673635815824243, 0.006818221810680846, 0.010728108703025641, 0.025042058880571857, 0.007043397984914324, 0.0013068778636076627, 0.008761908703005911, 0.025291394151194153, 0.006457038691846156, 0.00168399914209265, 0.03082402052253607, 0.003079016484824717, 0.0017652430061797515, 0.003934693295308597, 0.01043841630010288, 0.005625235577581248, 0.012281917222248433, 0.014939080341755668, 0.003189435216416357, 0.008212693933206384, 0.006192389737246408, 0.002381987318126804, 0.009427746616614812, 0.006279037138428923, 0.002607426311122796, 0.005998850691007238]}, {'overall_acc': 0.8054173576561636, 'bal_acc': 0.818279558254231, 'avg_odds_diff': 0.25801673005890235, 'disp_imp': 0.21372934580826694, 'stat_par_diff': 0.3945974006263884, 'eq_opp_diff': 0.23856757503026693, 'theil_ind': 0.08360837189005184, 'TPR': 0.8446601941747572, 'TNR': 0.791898922333705, 'FPR': 0.20810107766629507, 'FNR': 0.1553398058252427, 'GTPR': 1.0, 'GTNR': 1.0, 'GFPR': 0.0, 'GFNR': 0.0, 'PPV': 0.5830230826507818, 'NPV': 0.9367032967032967, 'FDR': 0.41697691734921816, 'FOR': 0.0632967032967033, 'ACC': 0.8054173576561636, 'MCC': 0.5751839400294259, 'f1_score': 0.6898678414096917, 'fitness': 0.3366163649991589, 'solution': {'corr_type': 'spearman', 'l2': 0.01, 'dropout': 0.16036549071429568, 'privileged_demotion': 0.004956504980256349, 'privileged_promotion': 0.5025056030272474, 'protected_demotion': 0.05812925298060341, 'protected_promotion': 0.26450411282074926}, 'corr': [0.09516396700495222, 0.009981821688332263, 1.0, 0.06347492071424835, 0.04109704156886009, 0.26588526104811544, 0.0025873439500123272, 0.04292865968998173, 0.065998210573249, 0.08260645111461447, 0.1055445131637378, 0.027832272346642956, 0.0030510566673584054, 0.00413818775483743, 0.005320423434259286, 0.0059919964136058, 0.014592963246195445, 0.01644455228132834, 0.02149197211423564, 0.014583484940431705, 0.034805096253359084, 0.009070587829377022, 0.011714945286414173, 0.031631288785333916, 0.022195575343963558, 0.002896806349253043, 0.0017252206327069166, 0.04623399214893745, 0.059211603481235525, 0.2349448391855346, 0.0197860190396814, 0.4344202669455709, 0.03133834090780558, 0.18232271523282986, 0.10345965966453564, 0.17176497878117272, 0.27221176210051345, 0.012848939913179924, 0.2271742749556096, 0.02449665983155396, 0.10321676981344327, 0.09323616245663625, 0.03265247430736573, 0.1688523028255503, 0.09186132040235351, 0.036800282139146774, 0.059878909069858585, 0.017132884011599805, 0.025902238967996618, 0.1332561878469154, 0.5808076783487023, 0.17180615369203775, 0.04957588203959859, 0.10452223789560693, 0.3167011935435912, 0.3225640577475257, 0.005148161615407603, 0.0025263645213903195, 0.11533105027787278, 0.005843638873823742, 0.10100690935836013, 0.009246325871746864, 0.006645419970608643, 0.010379359167426097, 0.0015075338353145466, 0.0070590836693404475, 0.011730416210871956, 0.006400565072258058, 0.005837929342395944, 0.001604761886790091, 0.0019450063756789751, 0.01696963394956161, 0.00873837229595129, 0.007900681540613743, 0.00013968706004713027, 0.008505536561890407, 0.011673635815824243, 0.006818221810680846, 0.010728108703025641, 0.025042058880571857, 0.007043397984914324, 0.0013068778636076627, 0.008761908703005911, 0.025291394151194153, 0.006457038691846156, 0.00168399914209265, 0.03082402052253607, 0.003079016484824717, 0.0017652430061797515, 0.003934693295308597, 0.01043841630010288, 0.005625235577581248, 0.012281917222248433, 0.014939080341755668, 0.003189435216416357, 0.008212693933206384, 0.006192389737246408, 0.002381987318126804, 0.009427746616614812, 0.006279037138428923, 0.002607426311122796, 0.005998850691007238]}, {'overall_acc': 0.572277501381979, 'bal_acc': 0.5770502538126008, 'avg_odds_diff': 0.6886332083163389, 'disp_imp': 4.4978647131432465, 'stat_par_diff': 0.7653385808303095, 'eq_opp_diff': 0.46516995532521965, 'theil_ind': 0.17136759161405338, 'TPR': 0.5868392664509169, 'TNR': 0.5672612411742847, 'FPR': 0.43273875882571533, 'FNR': 0.41316073354908306, 'GTPR': 1.0, 'GTNR': 1.0, 'GFPR': 0.0, 'GFNR': 0.0, 'PPV': 0.31840796019900497, 'NPV': 0.7994239329667452, 'FDR': 0.681592039800995, 'FOR': 0.20057606703325478, 'ACC': 0.572277501381979, 'MCC': 0.13475145472788272, 'f1_score': 0.4128248909125403, 'fitness': -0.3304185005973369, 'solution': {'corr_type': 'spearman', 'l2': 0.01, 'dropout': 0.15715423665190317, 'privileged_demotion': 0.3166820052829046, 'privileged_promotion': 0.17217650059424006, 'protected_demotion': 0.8042095451704885, 'protected_promotion': 0.6225430294616205}, 'corr': [0.09516396700495222, 0.009981821688332263, 1.0, 0.06347492071424835, 0.04109704156886009, 0.26588526104811544, 0.0025873439500123272, 0.04292865968998173, 0.065998210573249, 0.08260645111461447, 0.1055445131637378, 0.027832272346642956, 0.0030510566673584054, 0.00413818775483743, 0.005320423434259286, 0.0059919964136058, 0.014592963246195445, 0.01644455228132834, 0.02149197211423564, 0.014583484940431705, 0.034805096253359084, 0.009070587829377022, 0.011714945286414173, 0.031631288785333916, 0.022195575343963558, 0.002896806349253043, 0.0017252206327069166, 0.04623399214893745, 0.059211603481235525, 0.2349448391855346, 0.0197860190396814, 0.4344202669455709, 0.03133834090780558, 0.18232271523282986, 0.10345965966453564, 0.17176497878117272, 0.27221176210051345, 0.012848939913179924, 0.2271742749556096, 0.02449665983155396, 0.10321676981344327, 0.09323616245663625, 0.03265247430736573, 0.1688523028255503, 0.09186132040235351, 0.036800282139146774, 0.059878909069858585, 0.017132884011599805, 0.025902238967996618, 0.1332561878469154, 0.5808076783487023, 0.17180615369203775, 0.04957588203959859, 0.10452223789560693, 0.3167011935435912, 0.3225640577475257, 0.005148161615407603, 0.0025263645213903195, 0.11533105027787278, 0.005843638873823742, 0.10100690935836013, 0.009246325871746864, 0.006645419970608643, 0.010379359167426097, 0.0015075338353145466, 0.0070590836693404475, 0.011730416210871956, 0.006400565072258058, 0.005837929342395944, 0.001604761886790091, 0.0019450063756789751, 0.01696963394956161, 0.00873837229595129, 0.007900681540613743, 0.00013968706004713027, 0.008505536561890407, 0.011673635815824243, 0.006818221810680846, 0.010728108703025641, 0.025042058880571857, 0.007043397984914324, 0.0013068778636076627, 0.008761908703005911, 0.025291394151194153, 0.006457038691846156, 0.00168399914209265, 0.03082402052253607, 0.003079016484824717, 0.0017652430061797515, 0.003934693295308597, 0.01043841630010288, 0.005625235577581248, 0.012281917222248433, 0.014939080341755668, 0.003189435216416357, 0.008212693933206384, 0.006192389737246408, 0.002381987318126804, 0.009427746616614812, 0.006279037138428923, 0.002607426311122796, 0.005998850691007238]}, {'overall_acc': 0.8003040353786622, 'bal_acc': 0.8144886045899131, 'avg_odds_diff': 0.2627662598904127, 'disp_imp': 0.2108645739107557, 'stat_par_diff': 0.4014155824445701, 'eq_opp_diff': 0.23730733558477235, 'theil_ind': 0.0847319623868885, 'TPR': 0.8435814455231931, 'TNR': 0.7853957636566332, 'FPR': 0.21460423634336678, 'FNR': 0.15641855447680691, 'GTPR': 1.0, 'GTNR': 1.0, 'GFPR': 0.0, 'GFNR': 0.0, 'PPV': 0.5752114748069143, 'NPV': 0.93579809608147, 'FDR': 0.4247885251930857, 'FOR': 0.06420190391852999, 'ACC': 0.8003040353786622, 'MCC': 0.5669333062729306, 'f1_score': 0.6840148698884757, 'fitness': 0.32962597068815824, 'solution': {'corr_type': 'spearman', 'l2': 0.01, 'dropout': 0.1649041656079513, 'privileged_demotion': 0.005110112015009126, 'privileged_promotion': 0.49893037875393464, 'protected_demotion': 0.037738497128372586, 'protected_promotion': 0.2505412904093458}, 'corr': [0.09516396700495222, 0.009981821688332263, 1.0, 0.06347492071424835, 0.04109704156886009, 0.26588526104811544, 0.0025873439500123272, 0.04292865968998173, 0.065998210573249, 0.08260645111461447, 0.1055445131637378, 0.027832272346642956, 0.0030510566673584054, 0.00413818775483743, 0.005320423434259286, 0.0059919964136058, 0.014592963246195445, 0.01644455228132834, 0.02149197211423564, 0.014583484940431705, 0.034805096253359084, 0.009070587829377022, 0.011714945286414173, 0.031631288785333916, 0.022195575343963558, 0.002896806349253043, 0.0017252206327069166, 0.04623399214893745, 0.059211603481235525, 0.2349448391855346, 0.0197860190396814, 0.4344202669455709, 0.03133834090780558, 0.18232271523282986, 0.10345965966453564, 0.17176497878117272, 0.27221176210051345, 0.012848939913179924, 0.2271742749556096, 0.02449665983155396, 0.10321676981344327, 0.09323616245663625, 0.03265247430736573, 0.1688523028255503, 0.09186132040235351, 0.036800282139146774, 0.059878909069858585, 0.017132884011599805, 0.025902238967996618, 0.1332561878469154, 0.5808076783487023, 0.17180615369203775, 0.04957588203959859, 0.10452223789560693, 0.3167011935435912, 0.3225640577475257, 0.005148161615407603, 0.0025263645213903195, 0.11533105027787278, 0.005843638873823742, 0.10100690935836013, 0.009246325871746864, 0.006645419970608643, 0.010379359167426097, 0.0015075338353145466, 0.0070590836693404475, 0.011730416210871956, 0.006400565072258058, 0.005837929342395944, 0.001604761886790091, 0.0019450063756789751, 0.01696963394956161, 0.00873837229595129, 0.007900681540613743, 0.00013968706004713027, 0.008505536561890407, 0.011673635815824243, 0.006818221810680846, 0.010728108703025641, 0.025042058880571857, 0.007043397984914324, 0.0013068778636076627, 0.008761908703005911, 0.025291394151194153, 0.006457038691846156, 0.00168399914209265, 0.03082402052253607, 0.003079016484824717, 0.0017652430061797515, 0.003934693295308597, 0.01043841630010288, 0.005625235577581248, 0.012281917222248433, 0.014939080341755668, 0.003189435216416357, 0.008212693933206384, 0.006192389737246408, 0.002381987318126804, 0.009427746616614812, 0.006279037138428923, 0.002607426311122796, 0.005998850691007238]}, {'overall_acc': 0.7976782752902156, 'bal_acc': 0.8206787818438304, 'avg_odds_diff': 0.16027301514782274, 'disp_imp': 0.3347293579433709, 'stat_par_diff': 0.33346003670028557, 'eq_opp_diff': 0.09502063819091922, 'theil_ind': 0.07954911863693921, 'TPR': 0.8678532901833873, 'TNR': 0.7735042735042735, 'FPR': 0.2264957264957265, 'FNR': 0.13214670981661272, 'GTPR': 1.0, 'GTNR': 1.0, 'GFPR': 0.0, 'GFNR': 0.0, 'PPV': 0.5689533239038189, 'NPV': 0.9444192377495463, 'FDR': 0.431046676096181, 'FOR': 0.05558076225045372, 'ACC': 0.7976782752902156, 'MCC': 0.5738077861149112, 'f1_score': 0.6873131140538231, 'fitness': 0.478787147923992, 'solution': {'corr_type': 'spearman', 'l2': 0.01, 'dropout': 0.15715206237180898, 'privileged_demotion': 0.000807000468234495, 'privileged_promotion': 0.46359728109794063, 'protected_demotion': 0.020598978946745984, 'protected_promotion': 0.5689804288867905}, 'corr': [0.09516396700495222, 0.009981821688332263, 1.0, 0.06347492071424835, 0.04109704156886009, 0.26588526104811544, 0.0025873439500123272, 0.04292865968998173, 0.065998210573249, 0.08260645111461447, 0.1055445131637378, 0.027832272346642956, 0.0030510566673584054, 0.00413818775483743, 0.005320423434259286, 0.0059919964136058, 0.014592963246195445, 0.01644455228132834, 0.02149197211423564, 0.014583484940431705, 0.034805096253359084, 0.009070587829377022, 0.011714945286414173, 0.031631288785333916, 0.022195575343963558, 0.002896806349253043, 0.0017252206327069166, 0.04623399214893745, 0.059211603481235525, 0.2349448391855346, 0.0197860190396814, 0.4344202669455709, 0.03133834090780558, 0.18232271523282986, 0.10345965966453564, 0.17176497878117272, 0.27221176210051345, 0.012848939913179924, 0.2271742749556096, 0.02449665983155396, 0.10321676981344327, 0.09323616245663625, 0.03265247430736573, 0.1688523028255503, 0.09186132040235351, 0.036800282139146774, 0.059878909069858585, 0.017132884011599805, 0.025902238967996618, 0.1332561878469154, 0.5808076783487023, 0.17180615369203775, 0.04957588203959859, 0.10452223789560693, 0.3167011935435912, 0.3225640577475257, 0.005148161615407603, 0.0025263645213903195, 0.11533105027787278, 0.005843638873823742, 0.10100690935836013, 0.009246325871746864, 0.006645419970608643, 0.010379359167426097, 0.0015075338353145466, 0.0070590836693404475, 0.011730416210871956, 0.006400565072258058, 0.005837929342395944, 0.001604761886790091, 0.0019450063756789751, 0.01696963394956161, 0.00873837229595129, 0.007900681540613743, 0.00013968706004713027, 0.008505536561890407, 0.011673635815824243, 0.006818221810680846, 0.010728108703025641, 0.025042058880571857, 0.007043397984914324, 0.0013068778636076627, 0.008761908703005911, 0.025291394151194153, 0.006457038691846156, 0.00168399914209265, 0.03082402052253607, 0.003079016484824717, 0.0017652430061797515, 0.003934693295308597, 0.01043841630010288, 0.005625235577581248, 0.012281917222248433, 0.014939080341755668, 0.003189435216416357, 0.008212693933206384, 0.006192389737246408, 0.002381987318126804, 0.009427746616614812, 0.006279037138428923, 0.002607426311122796, 0.005998850691007238]}, {'overall_acc': 0.8355444997236042, 'bal_acc': 0.7324613147745271, 'avg_odds_diff': 0.08091351357192497, 'disp_imp': 0.5594251580764853, 'stat_par_diff': 0.09039066488224175, 'eq_opp_diff': 0.14825513476774071, 'theil_ind': 0.14740823873870063, 'TPR': 0.5210355987055016, 'TNR': 0.9438870308435526, 'FPR': 0.056112969156447416, 'FNR': 0.47896440129449835, 'GTPR': 1.0, 'GTNR': 1.0, 'GFPR': 0.0, 'GFNR': 0.0, 'PPV': 0.7618296529968455, 'NPV': 0.8512064343163539, 'FDR': 0.23817034700315456, 'FOR': 0.1487935656836461, 'ACC': 0.8355444997236042, 'MCC': 0.5338673521785317, 'f1_score': 0.6188340807174888, 'fitness': 0.38561221741079094, 'solution': {'corr_type': 'spearman', 'l2': 0.01, 'dropout': 0.15579093580288622, 'privileged_demotion': 0.5464982402381178, 'privileged_promotion': 0.4203456896121981, 'protected_demotion': 0.0009638561026871328, 'protected_promotion': 0.26096177729396636}, 'corr': [0.09516396700495222, 0.009981821688332263, 1.0, 0.06347492071424835, 0.04109704156886009, 0.26588526104811544, 0.0025873439500123272, 0.04292865968998173, 0.065998210573249, 0.08260645111461447, 0.1055445131637378, 0.027832272346642956, 0.0030510566673584054, 0.00413818775483743, 0.005320423434259286, 0.0059919964136058, 0.014592963246195445, 0.01644455228132834, 0.02149197211423564, 0.014583484940431705, 0.034805096253359084, 0.009070587829377022, 0.011714945286414173, 0.031631288785333916, 0.022195575343963558, 0.002896806349253043, 0.0017252206327069166, 0.04623399214893745, 0.059211603481235525, 0.2349448391855346, 0.0197860190396814, 0.4344202669455709, 0.03133834090780558, 0.18232271523282986, 0.10345965966453564, 0.17176497878117272, 0.27221176210051345, 0.012848939913179924, 0.2271742749556096, 0.02449665983155396, 0.10321676981344327, 0.09323616245663625, 0.03265247430736573, 0.1688523028255503, 0.09186132040235351, 0.036800282139146774, 0.059878909069858585, 0.017132884011599805, 0.025902238967996618, 0.1332561878469154, 0.5808076783487023, 0.17180615369203775, 0.04957588203959859, 0.10452223789560693, 0.3167011935435912, 0.3225640577475257, 0.005148161615407603, 0.0025263645213903195, 0.11533105027787278, 0.005843638873823742, 0.10100690935836013, 0.009246325871746864, 0.006645419970608643, 0.010379359167426097, 0.0015075338353145466, 0.0070590836693404475, 0.011730416210871956, 0.006400565072258058, 0.005837929342395944, 0.001604761886790091, 0.0019450063756789751, 0.01696963394956161, 0.00873837229595129, 0.007900681540613743, 0.00013968706004713027, 0.008505536561890407, 0.011673635815824243, 0.006818221810680846, 0.010728108703025641, 0.025042058880571857, 0.007043397984914324, 0.0013068778636076627, 0.008761908703005911, 0.025291394151194153, 0.006457038691846156, 0.00168399914209265, 0.03082402052253607, 0.003079016484824717, 0.0017652430061797515, 0.003934693295308597, 0.01043841630010288, 0.005625235577581248, 0.012281917222248433, 0.014939080341755668, 0.003189435216416357, 0.008212693933206384, 0.006192389737246408, 0.002381987318126804, 0.009427746616614812, 0.006279037138428923, 0.002607426311122796, 0.005998850691007238]}, {'overall_acc': 0.8351299060254284, 'bal_acc': 0.7348343814152172, 'avg_odds_diff': 0.07973140519732137, 'disp_imp': 0.5364485556342282, 'stat_par_diff': 0.09845679438182094, 'eq_opp_diff': 0.13880333892653085, 'theil_ind': 0.14588107856394883, 'TPR': 0.529126213592233, 'TNR': 0.9405425492382015, 'FPR': 0.059457450761798585, 'FNR': 0.470873786407767, 'GTPR': 1.0, 'GTNR': 1.0, 'GFPR': 0.0, 'GFNR': 0.0, 'PPV': 0.7540353574173713, 'NPV': 0.8529064869418702, 'FDR': 0.24596464258262873, 'FOR': 0.14709351305812973, 'ACC': 0.8351299060254284, 'MCC': 0.5339116267232126, 'f1_score': 0.6218700475435817, 'fitness': 0.3951082877966817, 'solution': {'corr_type': 'spearman', 'l2': 0.01, 'dropout': 0.1854411055005136, 'privileged_demotion': 0.531464706743319, 'privileged_promotion': 0.4394348141959446, 'protected_demotion': 0.01618350064307323, 'protected_promotion': 0.2527177756470162}, 'corr': [0.09516396700495222, 0.009981821688332263, 1.0, 0.06347492071424835, 0.04109704156886009, 0.26588526104811544, 0.0025873439500123272, 0.04292865968998173, 0.065998210573249, 0.08260645111461447, 0.1055445131637378, 0.027832272346642956, 0.0030510566673584054, 0.00413818775483743, 0.005320423434259286, 0.0059919964136058, 0.014592963246195445, 0.01644455228132834, 0.02149197211423564, 0.014583484940431705, 0.034805096253359084, 0.009070587829377022, 0.011714945286414173, 0.031631288785333916, 0.022195575343963558, 0.002896806349253043, 0.0017252206327069166, 0.04623399214893745, 0.059211603481235525, 0.2349448391855346, 0.0197860190396814, 0.4344202669455709, 0.03133834090780558, 0.18232271523282986, 0.10345965966453564, 0.17176497878117272, 0.27221176210051345, 0.012848939913179924, 0.2271742749556096, 0.02449665983155396, 0.10321676981344327, 0.09323616245663625, 0.03265247430736573, 0.1688523028255503, 0.09186132040235351, 0.036800282139146774, 0.059878909069858585, 0.017132884011599805, 0.025902238967996618, 0.1332561878469154, 0.5808076783487023, 0.17180615369203775, 0.04957588203959859, 0.10452223789560693, 0.3167011935435912, 0.3225640577475257, 0.005148161615407603, 0.0025263645213903195, 0.11533105027787278, 0.005843638873823742, 0.10100690935836013, 0.009246325871746864, 0.006645419970608643, 0.010379359167426097, 0.0015075338353145466, 0.0070590836693404475, 0.011730416210871956, 0.006400565072258058, 0.005837929342395944, 0.001604761886790091, 0.0019450063756789751, 0.01696963394956161, 0.00873837229595129, 0.007900681540613743, 0.00013968706004713027, 0.008505536561890407, 0.011673635815824243, 0.006818221810680846, 0.010728108703025641, 0.025042058880571857, 0.007043397984914324, 0.0013068778636076627, 0.008761908703005911, 0.025291394151194153, 0.006457038691846156, 0.00168399914209265, 0.03082402052253607, 0.003079016484824717, 0.0017652430061797515, 0.003934693295308597, 0.01043841630010288, 0.005625235577581248, 0.012281917222248433, 0.014939080341755668, 0.003189435216416357, 0.008212693933206384, 0.006192389737246408, 0.002381987318126804, 0.009427746616614812, 0.006279037138428923, 0.002607426311122796, 0.005998850691007238]}, {'overall_acc': 0.4455500276395799, 'bal_acc': 0.39020755989941297, 'avg_odds_diff': 0.5470305227163126, 'disp_imp': 0.20012067056877098, 'stat_par_diff': 0.4787707473888989, 'eq_opp_diff': 0.3724432361249761, 'theil_ind': 0.2635338847619133, 'TPR': 0.2766990291262136, 'TNR': 0.5037160906726124, 'FPR': 0.4962839093273876, 'FNR': 0.7233009708737864, 'GTPR': 1.0, 'GTNR': 1.0, 'GFPR': 0.0, 'GFNR': 0.0, 'PPV': 0.1611180904522613, 'NPV': 0.6690523198420533, 'FDR': 0.8388819095477387, 'FOR': 0.3309476801579467, 'ACC': 0.4455500276395799, 'MCC': -0.19311139300967584, 'f1_score': 0.20365224295355297, 'fitness': -0.5655546291346519, 'solution': {'corr_type': 'spearman', 'l2': 0.01, 'dropout': 0.11321130844517568, 'privileged_demotion': 0.5752662023371664, 'privileged_promotion': 0.8133181446456689, 'protected_demotion': 0.02792223023662226, 'protected_promotion': 0.25405073183874316}, 'corr': [0.09516396700495222, 0.009981821688332263, 1.0, 0.06347492071424835, 0.04109704156886009, 0.26588526104811544, 0.0025873439500123272, 0.04292865968998173, 0.065998210573249, 0.08260645111461447, 0.1055445131637378, 0.027832272346642956, 0.0030510566673584054, 0.00413818775483743, 0.005320423434259286, 0.0059919964136058, 0.014592963246195445, 0.01644455228132834, 0.02149197211423564, 0.014583484940431705, 0.034805096253359084, 0.009070587829377022, 0.011714945286414173, 0.031631288785333916, 0.022195575343963558, 0.002896806349253043, 0.0017252206327069166, 0.04623399214893745, 0.059211603481235525, 0.2349448391855346, 0.0197860190396814, 0.4344202669455709, 0.03133834090780558, 0.18232271523282986, 0.10345965966453564, 0.17176497878117272, 0.27221176210051345, 0.012848939913179924, 0.2271742749556096, 0.02449665983155396, 0.10321676981344327, 0.09323616245663625, 0.03265247430736573, 0.1688523028255503, 0.09186132040235351, 0.036800282139146774, 0.059878909069858585, 0.017132884011599805, 0.025902238967996618, 0.1332561878469154, 0.5808076783487023, 0.17180615369203775, 0.04957588203959859, 0.10452223789560693, 0.3167011935435912, 0.3225640577475257, 0.005148161615407603, 0.0025263645213903195, 0.11533105027787278, 0.005843638873823742, 0.10100690935836013, 0.009246325871746864, 0.006645419970608643, 0.010379359167426097, 0.0015075338353145466, 0.0070590836693404475, 0.011730416210871956, 0.006400565072258058, 0.005837929342395944, 0.001604761886790091, 0.0019450063756789751, 0.01696963394956161, 0.00873837229595129, 0.007900681540613743, 0.00013968706004713027, 0.008505536561890407, 0.011673635815824243, 0.006818221810680846, 0.010728108703025641, 0.025042058880571857, 0.007043397984914324, 0.0013068778636076627, 0.008761908703005911, 0.025291394151194153, 0.006457038691846156, 0.00168399914209265, 0.03082402052253607, 0.003079016484824717, 0.0017652430061797515, 0.003934693295308597, 0.01043841630010288, 0.005625235577581248, 0.012281917222248433, 0.014939080341755668, 0.003189435216416357, 0.008212693933206384, 0.006192389737246408, 0.002381987318126804, 0.009427746616614812, 0.006279037138428923, 0.002607426311122796, 0.005998850691007238]}, {'overall_acc': 0.8385848535102266, 'bal_acc': 0.7313230365151007, 'avg_odds_diff': 0.05966588039838347, 'disp_imp': 0.4715470398336337, 'stat_par_diff': 0.10710999048000111, 'eq_opp_diff': 0.0939657186550838, 'theil_ind': 0.14831024619611666, 'TPR': 0.511326860841424, 'TNR': 0.9513192121887774, 'FPR': 0.04868078781122259, 'FNR': 0.4886731391585761, 'GTPR': 1.0, 'GTNR': 1.0, 'GFPR': 0.0, 'GFNR': 0.0, 'PPV': 0.7834710743801653, 'NPV': 0.8496515101228012, 'FDR': 0.21652892561983472, 'FOR': 0.15034848987719882, 'ACC': 0.8385848535102266, 'MCC': 0.5412131534497561, 'f1_score': 0.618798955613577, 'fitness': 0.44724743479467227, 'solution': {'corr_type': 'spearman', 'l2': 0.01, 'dropout': 0.18651906617846986, 'privileged_demotion': 0.5487199431836887, 'privileged_promotion': 0.39860357744335395, 'protected_demotion': 0.017304829180575854, 'protected_promotion': 0.005397670618453199}, 'corr': [0.09516396700495222, 0.009981821688332263, 1.0, 0.06347492071424835, 0.04109704156886009, 0.26588526104811544, 0.0025873439500123272, 0.04292865968998173, 0.065998210573249, 0.08260645111461447, 0.1055445131637378, 0.027832272346642956, 0.0030510566673584054, 0.00413818775483743, 0.005320423434259286, 0.0059919964136058, 0.014592963246195445, 0.01644455228132834, 0.02149197211423564, 0.014583484940431705, 0.034805096253359084, 0.009070587829377022, 0.011714945286414173, 0.031631288785333916, 0.022195575343963558, 0.002896806349253043, 0.0017252206327069166, 0.04623399214893745, 0.059211603481235525, 0.2349448391855346, 0.0197860190396814, 0.4344202669455709, 0.03133834090780558, 0.18232271523282986, 0.10345965966453564, 0.17176497878117272, 0.27221176210051345, 0.012848939913179924, 0.2271742749556096, 0.02449665983155396, 0.10321676981344327, 0.09323616245663625, 0.03265247430736573, 0.1688523028255503, 0.09186132040235351, 0.036800282139146774, 0.059878909069858585, 0.017132884011599805, 0.025902238967996618, 0.1332561878469154, 0.5808076783487023, 0.17180615369203775, 0.04957588203959859, 0.10452223789560693, 0.3167011935435912, 0.3225640577475257, 0.005148161615407603, 0.0025263645213903195, 0.11533105027787278, 0.005843638873823742, 0.10100690935836013, 0.009246325871746864, 0.006645419970608643, 0.010379359167426097, 0.0015075338353145466, 0.0070590836693404475, 0.011730416210871956, 0.006400565072258058, 0.005837929342395944, 0.001604761886790091, 0.0019450063756789751, 0.01696963394956161, 0.00873837229595129, 0.007900681540613743, 0.00013968706004713027, 0.008505536561890407, 0.011673635815824243, 0.006818221810680846, 0.010728108703025641, 0.025042058880571857, 0.007043397984914324, 0.0013068778636076627, 0.008761908703005911, 0.025291394151194153, 0.006457038691846156, 0.00168399914209265, 0.03082402052253607, 0.003079016484824717, 0.0017652430061797515, 0.003934693295308597, 0.01043841630010288, 0.005625235577581248, 0.012281917222248433, 0.014939080341755668, 0.003189435216416357, 0.008212693933206384, 0.006192389737246408, 0.002381987318126804, 0.009427746616614812, 0.006279037138428923, 0.002607426311122796, 0.005998850691007238]}, {'overall_acc': 0.8273908236594804, 'bal_acc': 0.7395318086538011, 'avg_odds_diff': 0.12788149276449645, 'disp_imp': 0.7225073211976831, 'stat_par_diff': 0.06203452034382373, 'eq_opp_diff': 0.24790609092132, 'theil_ind': 0.14208879440278346, 'TPR': 0.5593311758360302, 'TNR': 0.919732441471572, 'FPR': 0.0802675585284281, 'FNR': 0.4406688241639698, 'GTPR': 1.0, 'GTNR': 1.0, 'GFPR': 0.0, 'GFNR': 0.0, 'PPV': 0.7059223961878829, 'NPV': 0.8583318883301543, 'FDR': 0.29407760381211706, 'FOR': 0.14166811166984566, 'ACC': 0.8273908236594804, 'MCC': 0.5199170112840354, 'f1_score': 0.6241348179356004, 'fitness': 0.27201092036271546, 'solution': {'corr_type': 'spearman', 'l2': 0.001, 'dropout': 0.1786712499848502, 'privileged_demotion': 0.5616519094258994, 'privileged_promotion': 0.4187274855929163, 'protected_demotion': 0.00737368191392908, 'protected_promotion': 0.5005858521543369}, 'corr': [0.09516396700495222, 0.009981821688332263, 1.0, 0.06347492071424835, 0.04109704156886009, 0.26588526104811544, 0.0025873439500123272, 0.04292865968998173, 0.065998210573249, 0.08260645111461447, 0.1055445131637378, 0.027832272346642956, 0.0030510566673584054, 0.00413818775483743, 0.005320423434259286, 0.0059919964136058, 0.014592963246195445, 0.01644455228132834, 0.02149197211423564, 0.014583484940431705, 0.034805096253359084, 0.009070587829377022, 0.011714945286414173, 0.031631288785333916, 0.022195575343963558, 0.002896806349253043, 0.0017252206327069166, 0.04623399214893745, 0.059211603481235525, 0.2349448391855346, 0.0197860190396814, 0.4344202669455709, 0.03133834090780558, 0.18232271523282986, 0.10345965966453564, 0.17176497878117272, 0.27221176210051345, 0.012848939913179924, 0.2271742749556096, 0.02449665983155396, 0.10321676981344327, 0.09323616245663625, 0.03265247430736573, 0.1688523028255503, 0.09186132040235351, 0.036800282139146774, 0.059878909069858585, 0.017132884011599805, 0.025902238967996618, 0.1332561878469154, 0.5808076783487023, 0.17180615369203775, 0.04957588203959859, 0.10452223789560693, 0.3167011935435912, 0.3225640577475257, 0.005148161615407603, 0.0025263645213903195, 0.11533105027787278, 0.005843638873823742, 0.10100690935836013, 0.009246325871746864, 0.006645419970608643, 0.010379359167426097, 0.0015075338353145466, 0.0070590836693404475, 0.011730416210871956, 0.006400565072258058, 0.005837929342395944, 0.001604761886790091, 0.0019450063756789751, 0.01696963394956161, 0.00873837229595129, 0.007900681540613743, 0.00013968706004713027, 0.008505536561890407, 0.011673635815824243, 0.006818221810680846, 0.010728108703025641, 0.025042058880571857, 0.007043397984914324, 0.0013068778636076627, 0.008761908703005911, 0.025291394151194153, 0.006457038691846156, 0.00168399914209265, 0.03082402052253607, 0.003079016484824717, 0.0017652430061797515, 0.003934693295308597, 0.01043841630010288, 0.005625235577581248, 0.012281917222248433, 0.014939080341755668, 0.003189435216416357, 0.008212693933206384, 0.006192389737246408, 0.002381987318126804, 0.009427746616614812, 0.006279037138428923, 0.002607426311122796, 0.005998850691007238]}, {'overall_acc': 0.8322277501381979, 'bal_acc': 0.7475565801863817, 'avg_odds_diff': 0.11110776061133325, 'disp_imp': 0.6565558209958123, 'stat_par_diff': 0.07968756467390553, 'eq_opp_diff': 0.21776654418272057, 'theil_ind': 0.13746323991812603, 'TPR': 0.5738942826321467, 'TNR': 0.9212188777406168, 'FPR': 0.07878112225938314, 'FNR': 0.4261057173678533, 'GTPR': 1.0, 'GTNR': 1.0, 'GFPR': 0.0, 'GFNR': 0.0, 'PPV': 0.7150537634408602, 'NPV': 0.8625608907446068, 'FDR': 0.2849462365591398, 'FOR': 0.13743910925539318, 'ACC': 0.8322277501381979, 'MCC': 0.5347752957190407, 'f1_score': 0.6367444643925794, 'fitness': 0.31700875153632013, 'solution': {'corr_type': 'spearman', 'l2': 0.01, 'dropout': 0.17870797822314488, 'privileged_demotion': 0.508896491948692, 'privileged_promotion': 0.40010674276274605, 'protected_demotion': 0.008147717752971318, 'protected_promotion': 0.52515905144056}, 'corr': [0.09516396700495222, 0.009981821688332263, 1.0, 0.06347492071424835, 0.04109704156886009, 0.26588526104811544, 0.0025873439500123272, 0.04292865968998173, 0.065998210573249, 0.08260645111461447, 0.1055445131637378, 0.027832272346642956, 0.0030510566673584054, 0.00413818775483743, 0.005320423434259286, 0.0059919964136058, 0.014592963246195445, 0.01644455228132834, 0.02149197211423564, 0.014583484940431705, 0.034805096253359084, 0.009070587829377022, 0.011714945286414173, 0.031631288785333916, 0.022195575343963558, 0.002896806349253043, 0.0017252206327069166, 0.04623399214893745, 0.059211603481235525, 0.2349448391855346, 0.0197860190396814, 0.4344202669455709, 0.03133834090780558, 0.18232271523282986, 0.10345965966453564, 0.17176497878117272, 0.27221176210051345, 0.012848939913179924, 0.2271742749556096, 0.02449665983155396, 0.10321676981344327, 0.09323616245663625, 0.03265247430736573, 0.1688523028255503, 0.09186132040235351, 0.036800282139146774, 0.059878909069858585, 0.017132884011599805, 0.025902238967996618, 0.1332561878469154, 0.5808076783487023, 0.17180615369203775, 0.04957588203959859, 0.10452223789560693, 0.3167011935435912, 0.3225640577475257, 0.005148161615407603, 0.0025263645213903195, 0.11533105027787278, 0.005843638873823742, 0.10100690935836013, 0.009246325871746864, 0.006645419970608643, 0.010379359167426097, 0.0015075338353145466, 0.0070590836693404475, 0.011730416210871956, 0.006400565072258058, 0.005837929342395944, 0.001604761886790091, 0.0019450063756789751, 0.01696963394956161, 0.00873837229595129, 0.007900681540613743, 0.00013968706004713027, 0.008505536561890407, 0.011673635815824243, 0.006818221810680846, 0.010728108703025641, 0.025042058880571857, 0.007043397984914324, 0.0013068778636076627, 0.008761908703005911, 0.025291394151194153, 0.006457038691846156, 0.00168399914209265, 0.03082402052253607, 0.003079016484824717, 0.0017652430061797515, 0.003934693295308597, 0.01043841630010288, 0.005625235577581248, 0.012281917222248433, 0.014939080341755668, 0.003189435216416357, 0.008212693933206384, 0.006192389737246408, 0.002381987318126804, 0.009427746616614812, 0.006279037138428923, 0.002607426311122796, 0.005998850691007238]}, {'overall_acc': 0.8325041459369817, 'bal_acc': 0.8096170983465201, 'avg_odds_diff': 0.09656479810536922, 'disp_imp': 0.34514764385920826, 'stat_par_diff': 0.2526052373791029, 'eq_opp_diff': 0.05528061567652909, 'theil_ind': 0.09655348403724487, 'TPR': 0.7626752966558792, 'TNR': 0.856558900037161, 'FPR': 0.1434410999628391, 'FNR': 0.2373247033441208, 'GTPR': 1.0, 'GTNR': 1.0, 'GFPR': 0.0, 'GFNR': 0.0, 'PPV': 0.646843549862763, 'NPV': 0.9128712871287129, 'FDR': 0.35315645013723695, 'FOR': 0.08712871287128712, 'ACC': 0.8325041459369817, 'MCC': 0.5887228273658093, 'f1_score': 0.7000000000000001, 'fitness': 0.5334422116892802, 'solution': {'corr_type': 'spearman', 'l2': 0.001, 'dropout': 0.1859042298628456, 'privileged_demotion': 0.19233405338636955, 'privileged_promotion': 0.4148328979881002, 'protected_demotion': 0.08947686130050299, 'protected_promotion': 0.5115277935942362}, 'corr': [0.09516396700495222, 0.009981821688332263, 1.0, 0.06347492071424835, 0.04109704156886009, 0.26588526104811544, 0.0025873439500123272, 0.04292865968998173, 0.065998210573249, 0.08260645111461447, 0.1055445131637378, 0.027832272346642956, 0.0030510566673584054, 0.00413818775483743, 0.005320423434259286, 0.0059919964136058, 0.014592963246195445, 0.01644455228132834, 0.02149197211423564, 0.014583484940431705, 0.034805096253359084, 0.009070587829377022, 0.011714945286414173, 0.031631288785333916, 0.022195575343963558, 0.002896806349253043, 0.0017252206327069166, 0.04623399214893745, 0.059211603481235525, 0.2349448391855346, 0.0197860190396814, 0.4344202669455709, 0.03133834090780558, 0.18232271523282986, 0.10345965966453564, 0.17176497878117272, 0.27221176210051345, 0.012848939913179924, 0.2271742749556096, 0.02449665983155396, 0.10321676981344327, 0.09323616245663625, 0.03265247430736573, 0.1688523028255503, 0.09186132040235351, 0.036800282139146774, 0.059878909069858585, 0.017132884011599805, 0.025902238967996618, 0.1332561878469154, 0.5808076783487023, 0.17180615369203775, 0.04957588203959859, 0.10452223789560693, 0.3167011935435912, 0.3225640577475257, 0.005148161615407603, 0.0025263645213903195, 0.11533105027787278, 0.005843638873823742, 0.10100690935836013, 0.009246325871746864, 0.006645419970608643, 0.010379359167426097, 0.0015075338353145466, 0.0070590836693404475, 0.011730416210871956, 0.006400565072258058, 0.005837929342395944, 0.001604761886790091, 0.0019450063756789751, 0.01696963394956161, 0.00873837229595129, 0.007900681540613743, 0.00013968706004713027, 0.008505536561890407, 0.011673635815824243, 0.006818221810680846, 0.010728108703025641, 0.025042058880571857, 0.007043397984914324, 0.0013068778636076627, 0.008761908703005911, 0.025291394151194153, 0.006457038691846156, 0.00168399914209265, 0.03082402052253607, 0.003079016484824717, 0.0017652430061797515, 0.003934693295308597, 0.01043841630010288, 0.005625235577581248, 0.012281917222248433, 0.014939080341755668, 0.003189435216416357, 0.008212693933206384, 0.006192389737246408, 0.002381987318126804, 0.009427746616614812, 0.006279037138428923, 0.002607426311122796, 0.005998850691007238]}, {'overall_acc': 0.8189607517965727, 'bal_acc': 0.8171304564297388, 'avg_odds_diff': 0.16740735330582202, 'disp_imp': 0.2917826006306808, 'stat_par_diff': 0.31606396335490283, 'eq_opp_diff': 0.13638905998881357, 'theil_ind': 0.08819938832140874, 'TPR': 0.8133764832793959, 'TNR': 0.8208844295800818, 'FPR': 0.17911557041991824, 'FNR': 0.1866235167206041, 'GTPR': 1.0, 'GTNR': 1.0, 'GFPR': 0.0, 'GFNR': 0.0, 'PPV': 0.610032362459547, 'NPV': 0.9273719563392108, 'FDR': 0.38996763754045305, 'FOR': 0.07262804366078925, 'ACC': 0.8189607517965727, 'MCC': 0.5838275034767768, 'f1_score': 0.6971798428109108, 'fitness': 0.44743844348796324, 'solution': {'corr_type': 'spearman', 'l2': 0.001, 'dropout': 0.18660139352569283, 'privileged_demotion': 0.18657436263091243, 'privileged_promotion': 0.586025048682413, 'protected_demotion': 0.08397709005199884, 'protected_promotion': 0.46684150536467495}, 'corr': [0.09516396700495222, 0.009981821688332263, 1.0, 0.06347492071424835, 0.04109704156886009, 0.26588526104811544, 0.0025873439500123272, 0.04292865968998173, 0.065998210573249, 0.08260645111461447, 0.1055445131637378, 0.027832272346642956, 0.0030510566673584054, 0.00413818775483743, 0.005320423434259286, 0.0059919964136058, 0.014592963246195445, 0.01644455228132834, 0.02149197211423564, 0.014583484940431705, 0.034805096253359084, 0.009070587829377022, 0.011714945286414173, 0.031631288785333916, 0.022195575343963558, 0.002896806349253043, 0.0017252206327069166, 0.04623399214893745, 0.059211603481235525, 0.2349448391855346, 0.0197860190396814, 0.4344202669455709, 0.03133834090780558, 0.18232271523282986, 0.10345965966453564, 0.17176497878117272, 0.27221176210051345, 0.012848939913179924, 0.2271742749556096, 0.02449665983155396, 0.10321676981344327, 0.09323616245663625, 0.03265247430736573, 0.1688523028255503, 0.09186132040235351, 0.036800282139146774, 0.059878909069858585, 0.017132884011599805, 0.025902238967996618, 0.1332561878469154, 0.5808076783487023, 0.17180615369203775, 0.04957588203959859, 0.10452223789560693, 0.3167011935435912, 0.3225640577475257, 0.005148161615407603, 0.0025263645213903195, 0.11533105027787278, 0.005843638873823742, 0.10100690935836013, 0.009246325871746864, 0.006645419970608643, 0.010379359167426097, 0.0015075338353145466, 0.0070590836693404475, 0.011730416210871956, 0.006400565072258058, 0.005837929342395944, 0.001604761886790091, 0.0019450063756789751, 0.01696963394956161, 0.00873837229595129, 0.007900681540613743, 0.00013968706004713027, 0.008505536561890407, 0.011673635815824243, 0.006818221810680846, 0.010728108703025641, 0.025042058880571857, 0.007043397984914324, 0.0013068778636076627, 0.008761908703005911, 0.025291394151194153, 0.006457038691846156, 0.00168399914209265, 0.03082402052253607, 0.003079016484824717, 0.0017652430061797515, 0.003934693295308597, 0.01043841630010288, 0.005625235577581248, 0.012281917222248433, 0.014939080341755668, 0.003189435216416357, 0.008212693933206384, 0.006192389737246408, 0.002381987318126804, 0.009427746616614812, 0.006279037138428923, 0.002607426311122796, 0.005998850691007238]}, {'overall_acc': 0.44168048645660585, 'bal_acc': 0.4022794428028704, 'avg_odds_diff': 0.5876001904181531, 'disp_imp': 0.25452420701168615, 'stat_par_diff': 0.4620717725134177, 'eq_opp_diff': 0.4645327556055875, 'theil_ind': 0.2491318991869787, 'TPR': 0.3214670981661273, 'TNR': 0.4830917874396135, 'FPR': 0.5169082125603864, 'FNR': 0.6785329018338727, 'GTPR': 1.0, 'GTNR': 1.0, 'GFPR': 0.0, 'GFNR': 0.0, 'PPV': 0.17643576080521017, 'NPV': 0.673924313115604, 'FDR': 0.8235642391947898, 'FOR': 0.3260756868843961, 'ACC': 0.44168048645660585, 'MCC': -0.1710140167085454, 'f1_score': 0.22782874617737003, 'fitness': -0.6355467723141329, 'solution': {'corr_type': 'spearman', 'l2': 0.01, 'dropout': 0.18285064986634314, 'privileged_demotion': 0.5105889697565078, 'privileged_promotion': 0.7599555255766699, 'protected_demotion': 0.08387731325032674, 'protected_promotion': 0.49803442109546003}, 'corr': [0.09516396700495222, 0.009981821688332263, 1.0, 0.06347492071424835, 0.04109704156886009, 0.26588526104811544, 0.0025873439500123272, 0.04292865968998173, 0.065998210573249, 0.08260645111461447, 0.1055445131637378, 0.027832272346642956, 0.0030510566673584054, 0.00413818775483743, 0.005320423434259286, 0.0059919964136058, 0.014592963246195445, 0.01644455228132834, 0.02149197211423564, 0.014583484940431705, 0.034805096253359084, 0.009070587829377022, 0.011714945286414173, 0.031631288785333916, 0.022195575343963558, 0.002896806349253043, 0.0017252206327069166, 0.04623399214893745, 0.059211603481235525, 0.2349448391855346, 0.0197860190396814, 0.4344202669455709, 0.03133834090780558, 0.18232271523282986, 0.10345965966453564, 0.17176497878117272, 0.27221176210051345, 0.012848939913179924, 0.2271742749556096, 0.02449665983155396, 0.10321676981344327, 0.09323616245663625, 0.03265247430736573, 0.1688523028255503, 0.09186132040235351, 0.036800282139146774, 0.059878909069858585, 0.017132884011599805, 0.025902238967996618, 0.1332561878469154, 0.5808076783487023, 0.17180615369203775, 0.04957588203959859, 0.10452223789560693, 0.3167011935435912, 0.3225640577475257, 0.005148161615407603, 0.0025263645213903195, 0.11533105027787278, 0.005843638873823742, 0.10100690935836013, 0.009246325871746864, 0.006645419970608643, 0.010379359167426097, 0.0015075338353145466, 0.0070590836693404475, 0.011730416210871956, 0.006400565072258058, 0.005837929342395944, 0.001604761886790091, 0.0019450063756789751, 0.01696963394956161, 0.00873837229595129, 0.007900681540613743, 0.00013968706004713027, 0.008505536561890407, 0.011673635815824243, 0.006818221810680846, 0.010728108703025641, 0.025042058880571857, 0.007043397984914324, 0.0013068778636076627, 0.008761908703005911, 0.025291394151194153, 0.006457038691846156, 0.00168399914209265, 0.03082402052253607, 0.003079016484824717, 0.0017652430061797515, 0.003934693295308597, 0.01043841630010288, 0.005625235577581248, 0.012281917222248433, 0.014939080341755668, 0.003189435216416357, 0.008212693933206384, 0.006192389737246408, 0.002381987318126804, 0.009427746616614812, 0.006279037138428923, 0.002607426311122796, 0.005998850691007238]}, {'overall_acc': 0.8264234383637369, 'bal_acc': 0.8147222132025846, 'avg_odds_diff': 0.2357044487603612, 'disp_imp': 0.20706057884223666, 'stat_par_diff': 0.34682908152706304, 'eq_opp_diff': 0.25431348810206533, 'theil_ind': 0.09172160487060102, 'TPR': 0.790722761596548, 'TNR': 0.8387216648086213, 'FPR': 0.16127833519137866, 'FNR': 0.209277238403452, 'GTPR': 1.0, 'GTNR': 1.0, 'GFPR': 0.0, 'GFNR': 0.0, 'PPV': 0.6281062553556127, 'NPV': 0.9208486332109344, 'FDR': 0.3718937446443873, 'FOR': 0.07915136678906569, 'ACC': 0.8264234383637369, 'MCC': 0.5878236087093507, 'f1_score': 0.7000955109837631, 'fitness': 0.33351012060728535, 'solution': {'corr_type': 'spearman', 'l2': 0.01, 'dropout': 0.19830467598253435, 'privileged_demotion': 0.17459434390644274, 'privileged_promotion': 0.5541800362594801, 'protected_demotion': 0.11118521184535375, 'protected_promotion': 0.020840166377970402}, 'corr': [0.09516396700495222, 0.009981821688332263, 1.0, 0.06347492071424835, 0.04109704156886009, 0.26588526104811544, 0.0025873439500123272, 0.04292865968998173, 0.065998210573249, 0.08260645111461447, 0.1055445131637378, 0.027832272346642956, 0.0030510566673584054, 0.00413818775483743, 0.005320423434259286, 0.0059919964136058, 0.014592963246195445, 0.01644455228132834, 0.02149197211423564, 0.014583484940431705, 0.034805096253359084, 0.009070587829377022, 0.011714945286414173, 0.031631288785333916, 0.022195575343963558, 0.002896806349253043, 0.0017252206327069166, 0.04623399214893745, 0.059211603481235525, 0.2349448391855346, 0.0197860190396814, 0.4344202669455709, 0.03133834090780558, 0.18232271523282986, 0.10345965966453564, 0.17176497878117272, 0.27221176210051345, 0.012848939913179924, 0.2271742749556096, 0.02449665983155396, 0.10321676981344327, 0.09323616245663625, 0.03265247430736573, 0.1688523028255503, 0.09186132040235351, 0.036800282139146774, 0.059878909069858585, 0.017132884011599805, 0.025902238967996618, 0.1332561878469154, 0.5808076783487023, 0.17180615369203775, 0.04957588203959859, 0.10452223789560693, 0.3167011935435912, 0.3225640577475257, 0.005148161615407603, 0.0025263645213903195, 0.11533105027787278, 0.005843638873823742, 0.10100690935836013, 0.009246325871746864, 0.006645419970608643, 0.010379359167426097, 0.0015075338353145466, 0.0070590836693404475, 0.011730416210871956, 0.006400565072258058, 0.005837929342395944, 0.001604761886790091, 0.0019450063756789751, 0.01696963394956161, 0.00873837229595129, 0.007900681540613743, 0.00013968706004713027, 0.008505536561890407, 0.011673635815824243, 0.006818221810680846, 0.010728108703025641, 0.025042058880571857, 0.007043397984914324, 0.0013068778636076627, 0.008761908703005911, 0.025291394151194153, 0.006457038691846156, 0.00168399914209265, 0.03082402052253607, 0.003079016484824717, 0.0017652430061797515, 0.003934693295308597, 0.01043841630010288, 0.005625235577581248, 0.012281917222248433, 0.014939080341755668, 0.003189435216416357, 0.008212693933206384, 0.006192389737246408, 0.002381987318126804, 0.009427746616614812, 0.006279037138428923, 0.002607426311122796, 0.005998850691007238]}, {'overall_acc': 0.8173023770038695, 'bal_acc': 0.8190209724612426, 'avg_odds_diff': 0.12589792498705546, 'disp_imp': 0.3479573342286803, 'stat_par_diff': 0.289377612825784, 'eq_opp_diff': 0.07709408607860213, 'theil_ind': 0.08645774484387676, 'TPR': 0.8225458468176915, 'TNR': 0.8154960981047937, 'FPR': 0.18450390189520624, 'FNR': 0.17745415318230853, 'GTPR': 1.0, 'GTNR': 1.0, 'GFPR': 0.0, 'GFNR': 0.0, 'PPV': 0.6056393963463066, 'NPV': 0.93026706231454, 'FDR': 0.3943606036536934, 'FOR': 0.06973293768545995, 'ACC': 0.8173023770038695, 'MCC': 0.5847484922430224, 'f1_score': 0.6976212259835316, 'fitness': 0.5076544061644203, 'solution': {'corr_type': 'spearman', 'l2': 0.001, 'dropout': 0.14222991299360463, 'privileged_demotion': 0.1906350802174555, 'privileged_promotion': 0.5724946073291123, 'protected_demotion': 0.10173816270672087, 'protected_promotion': 0.6537442790339683}, 'corr': [0.09516396700495222, 0.009981821688332263, 1.0, 0.06347492071424835, 0.04109704156886009, 0.26588526104811544, 0.0025873439500123272, 0.04292865968998173, 0.065998210573249, 0.08260645111461447, 0.1055445131637378, 0.027832272346642956, 0.0030510566673584054, 0.00413818775483743, 0.005320423434259286, 0.0059919964136058, 0.014592963246195445, 0.01644455228132834, 0.02149197211423564, 0.014583484940431705, 0.034805096253359084, 0.009070587829377022, 0.011714945286414173, 0.031631288785333916, 0.022195575343963558, 0.002896806349253043, 0.0017252206327069166, 0.04623399214893745, 0.059211603481235525, 0.2349448391855346, 0.0197860190396814, 0.4344202669455709, 0.03133834090780558, 0.18232271523282986, 0.10345965966453564, 0.17176497878117272, 0.27221176210051345, 0.012848939913179924, 0.2271742749556096, 0.02449665983155396, 0.10321676981344327, 0.09323616245663625, 0.03265247430736573, 0.1688523028255503, 0.09186132040235351, 0.036800282139146774, 0.059878909069858585, 0.017132884011599805, 0.025902238967996618, 0.1332561878469154, 0.5808076783487023, 0.17180615369203775, 0.04957588203959859, 0.10452223789560693, 0.3167011935435912, 0.3225640577475257, 0.005148161615407603, 0.0025263645213903195, 0.11533105027787278, 0.005843638873823742, 0.10100690935836013, 0.009246325871746864, 0.006645419970608643, 0.010379359167426097, 0.0015075338353145466, 0.0070590836693404475, 0.011730416210871956, 0.006400565072258058, 0.005837929342395944, 0.001604761886790091, 0.0019450063756789751, 0.01696963394956161, 0.00873837229595129, 0.007900681540613743, 0.00013968706004713027, 0.008505536561890407, 0.011673635815824243, 0.006818221810680846, 0.010728108703025641, 0.025042058880571857, 0.007043397984914324, 0.0013068778636076627, 0.008761908703005911, 0.025291394151194153, 0.006457038691846156, 0.00168399914209265, 0.03082402052253607, 0.003079016484824717, 0.0017652430061797515, 0.003934693295308597, 0.01043841630010288, 0.005625235577581248, 0.012281917222248433, 0.014939080341755668, 0.003189435216416357, 0.008212693933206384, 0.006192389737246408, 0.002381987318126804, 0.009427746616614812, 0.006279037138428923, 0.002607426311122796, 0.005998850691007238]}, {'overall_acc': 0.49516307352128247, 'bal_acc': 0.4755342331323758, 'avg_odds_diff': 0.40841217323398527, 'disp_imp': 0.12174168296441049, 'stat_par_diff': 0.5841143641606534, 'eq_opp_diff': 0.06467577154266052, 'theil_ind': 0.2156507498982099, 'TPR': 0.43527508090614886, 'TNR': 0.5157933853586028, 'FPR': 0.48420661464139725, 'FNR': 0.5647249190938511, 'GTPR': 1.0, 'GTNR': 1.0, 'GFPR': 0.0, 'GFNR': 0.0, 'PPV': 0.23644887196015235, 'NPV': 0.7261313104891447, 'FDR': 0.7635511280398476, 'FOR': 0.27386868951085536, 'ACC': 0.49516307352128247, 'MCC': -0.04279029171259599, 'f1_score': 0.30643630149990503, 'fitness': -0.10746606325525651, 'solution': {'corr_type': 'spearman', 'l2': 0.01, 'dropout': 0.1467308372646891, 'privileged_demotion': 0.46595179469980735, 'privileged_promotion': 0.5723865536787869, 'protected_demotion': 0.09339356632622389, 'protected_promotion': 0.020865216604232684}, 'corr': [0.09516396700495222, 0.009981821688332263, 1.0, 0.06347492071424835, 0.04109704156886009, 0.26588526104811544, 0.0025873439500123272, 0.04292865968998173, 0.065998210573249, 0.08260645111461447, 0.1055445131637378, 0.027832272346642956, 0.0030510566673584054, 0.00413818775483743, 0.005320423434259286, 0.0059919964136058, 0.014592963246195445, 0.01644455228132834, 0.02149197211423564, 0.014583484940431705, 0.034805096253359084, 0.009070587829377022, 0.011714945286414173, 0.031631288785333916, 0.022195575343963558, 0.002896806349253043, 0.0017252206327069166, 0.04623399214893745, 0.059211603481235525, 0.2349448391855346, 0.0197860190396814, 0.4344202669455709, 0.03133834090780558, 0.18232271523282986, 0.10345965966453564, 0.17176497878117272, 0.27221176210051345, 0.012848939913179924, 0.2271742749556096, 0.02449665983155396, 0.10321676981344327, 0.09323616245663625, 0.03265247430736573, 0.1688523028255503, 0.09186132040235351, 0.036800282139146774, 0.059878909069858585, 0.017132884011599805, 0.025902238967996618, 0.1332561878469154, 0.5808076783487023, 0.17180615369203775, 0.04957588203959859, 0.10452223789560693, 0.3167011935435912, 0.3225640577475257, 0.005148161615407603, 0.0025263645213903195, 0.11533105027787278, 0.005843638873823742, 0.10100690935836013, 0.009246325871746864, 0.006645419970608643, 0.010379359167426097, 0.0015075338353145466, 0.0070590836693404475, 0.011730416210871956, 0.006400565072258058, 0.005837929342395944, 0.001604761886790091, 0.0019450063756789751, 0.01696963394956161, 0.00873837229595129, 0.007900681540613743, 0.00013968706004713027, 0.008505536561890407, 0.011673635815824243, 0.006818221810680846, 0.010728108703025641, 0.025042058880571857, 0.007043397984914324, 0.0013068778636076627, 0.008761908703005911, 0.025291394151194153, 0.006457038691846156, 0.00168399914209265, 0.03082402052253607, 0.003079016484824717, 0.0017652430061797515, 0.003934693295308597, 0.01043841630010288, 0.005625235577581248, 0.012281917222248433, 0.014939080341755668, 0.003189435216416357, 0.008212693933206384, 0.006192389737246408, 0.002381987318126804, 0.009427746616614812, 0.006279037138428923, 0.002607426311122796, 0.005998850691007238]}, {'overall_acc': 0.8367882808181316, 'bal_acc': 0.8098452951766586, 'avg_odds_diff': 0.0693395309302343, 'disp_imp': 0.4398926577725053, 'stat_par_diff': 0.20193952731135914, 'eq_opp_diff': 0.046055379735633006, 'theil_ind': 0.09730081281231004, 'TPR': 0.7545846817691478, 'TNR': 0.8651059085841695, 'FPR': 0.13489409141583056, 'FNR': 0.24541531823085222, 'GTPR': 1.0, 'GTNR': 1.0, 'GFPR': 0.0, 'GFNR': 0.0, 'PPV': 0.6583529411764706, 'NPV': 0.910976325572295, 'FDR': 0.3416470588235294, 'FOR': 0.08902367442770495, 'ACC': 0.8367882808181316, 'MCC': 0.5939764216001876, 'f1_score': 0.7031917567227947, 'fitness': 0.5479210418645546, 'solution': {'corr_type': 'spearman', 'l2': 0.001, 'dropout': 0.1483422901087782, 'privileged_demotion': 0.09909525467385005, 'privileged_promotion': 0.28205902367607866, 'protected_demotion': 0.10388757331902956, 'protected_promotion': 0.684101372915157}, 'corr': [0.09516396700495222, 0.009981821688332263, 1.0, 0.06347492071424835, 0.04109704156886009, 0.26588526104811544, 0.0025873439500123272, 0.04292865968998173, 0.065998210573249, 0.08260645111461447, 0.1055445131637378, 0.027832272346642956, 0.0030510566673584054, 0.00413818775483743, 0.005320423434259286, 0.0059919964136058, 0.014592963246195445, 0.01644455228132834, 0.02149197211423564, 0.014583484940431705, 0.034805096253359084, 0.009070587829377022, 0.011714945286414173, 0.031631288785333916, 0.022195575343963558, 0.002896806349253043, 0.0017252206327069166, 0.04623399214893745, 0.059211603481235525, 0.2349448391855346, 0.0197860190396814, 0.4344202669455709, 0.03133834090780558, 0.18232271523282986, 0.10345965966453564, 0.17176497878117272, 0.27221176210051345, 0.012848939913179924, 0.2271742749556096, 0.02449665983155396, 0.10321676981344327, 0.09323616245663625, 0.03265247430736573, 0.1688523028255503, 0.09186132040235351, 0.036800282139146774, 0.059878909069858585, 0.017132884011599805, 0.025902238967996618, 0.1332561878469154, 0.5808076783487023, 0.17180615369203775, 0.04957588203959859, 0.10452223789560693, 0.3167011935435912, 0.3225640577475257, 0.005148161615407603, 0.0025263645213903195, 0.11533105027787278, 0.005843638873823742, 0.10100690935836013, 0.009246325871746864, 0.006645419970608643, 0.010379359167426097, 0.0015075338353145466, 0.0070590836693404475, 0.011730416210871956, 0.006400565072258058, 0.005837929342395944, 0.001604761886790091, 0.0019450063756789751, 0.01696963394956161, 0.00873837229595129, 0.007900681540613743, 0.00013968706004713027, 0.008505536561890407, 0.011673635815824243, 0.006818221810680846, 0.010728108703025641, 0.025042058880571857, 0.007043397984914324, 0.0013068778636076627, 0.008761908703005911, 0.025291394151194153, 0.006457038691846156, 0.00168399914209265, 0.03082402052253607, 0.003079016484824717, 0.0017652430061797515, 0.003934693295308597, 0.01043841630010288, 0.005625235577581248, 0.012281917222248433, 0.014939080341755668, 0.003189435216416357, 0.008212693933206384, 0.006192389737246408, 0.002381987318126804, 0.009427746616614812, 0.006279037138428923, 0.002607426311122796, 0.005998850691007238]}, {'overall_acc': 0.8369264787175235, 'bal_acc': 0.8062257146258835, 'avg_odds_diff': 0.06313090575764162, 'disp_imp': 0.39149729671777117, 'stat_par_diff': 0.21926213110004278, 'eq_opp_diff': 0.015533513165254198, 'theil_ind': 0.09973155605504828, 'TPR': 0.7432578209277239, 'TNR': 0.8691936083240431, 'FPR': 0.1308063916759569, 'FNR': 0.25674217907227614, 'GTPR': 1.0, 'GTNR': 1.0, 'GFPR': 0.0, 'GFNR': 0.0, 'PPV': 0.6618635926993276, 'NPV': 0.9076445479239426, 'FDR': 0.3381364073006724, 'FOR': 0.09235545207605743, 'ACC': 0.8369264787175235, 'MCC': 0.5905895992101775, 'f1_score': 0.7002032520325203, 'fitness': 0.5750560860449233, 'solution': {'corr_type': 'spearman', 'l2': 0.001, 'dropout': 0.14816781647618976, 'privileged_demotion': 0.3411721335746859, 'privileged_promotion': 0.5727255000460179, 'protected_demotion': 0.2615468132647203, 'protected_promotion': 0.6887298160422626}, 'corr': [0.09516396700495222, 0.009981821688332263, 1.0, 0.06347492071424835, 0.04109704156886009, 0.26588526104811544, 0.0025873439500123272, 0.04292865968998173, 0.065998210573249, 0.08260645111461447, 0.1055445131637378, 0.027832272346642956, 0.0030510566673584054, 0.00413818775483743, 0.005320423434259286, 0.0059919964136058, 0.014592963246195445, 0.01644455228132834, 0.02149197211423564, 0.014583484940431705, 0.034805096253359084, 0.009070587829377022, 0.011714945286414173, 0.031631288785333916, 0.022195575343963558, 0.002896806349253043, 0.0017252206327069166, 0.04623399214893745, 0.059211603481235525, 0.2349448391855346, 0.0197860190396814, 0.4344202669455709, 0.03133834090780558, 0.18232271523282986, 0.10345965966453564, 0.17176497878117272, 0.27221176210051345, 0.012848939913179924, 0.2271742749556096, 0.02449665983155396, 0.10321676981344327, 0.09323616245663625, 0.03265247430736573, 0.1688523028255503, 0.09186132040235351, 0.036800282139146774, 0.059878909069858585, 0.017132884011599805, 0.025902238967996618, 0.1332561878469154, 0.5808076783487023, 0.17180615369203775, 0.04957588203959859, 0.10452223789560693, 0.3167011935435912, 0.3225640577475257, 0.005148161615407603, 0.0025263645213903195, 0.11533105027787278, 0.005843638873823742, 0.10100690935836013, 0.009246325871746864, 0.006645419970608643, 0.010379359167426097, 0.0015075338353145466, 0.0070590836693404475, 0.011730416210871956, 0.006400565072258058, 0.005837929342395944, 0.001604761886790091, 0.0019450063756789751, 0.01696963394956161, 0.00873837229595129, 0.007900681540613743, 0.00013968706004713027, 0.008505536561890407, 0.011673635815824243, 0.006818221810680846, 0.010728108703025641, 0.025042058880571857, 0.007043397984914324, 0.0013068778636076627, 0.008761908703005911, 0.025291394151194153, 0.006457038691846156, 0.00168399914209265, 0.03082402052253607, 0.003079016484824717, 0.0017652430061797515, 0.003934693295308597, 0.01043841630010288, 0.005625235577581248, 0.012281917222248433, 0.014939080341755668, 0.003189435216416357, 0.008212693933206384, 0.006192389737246408, 0.002381987318126804, 0.009427746616614812, 0.006279037138428923, 0.002607426311122796, 0.005998850691007238]}, {'overall_acc': 0.7940851299060254, 'bal_acc': 0.8152579796733448, 'avg_odds_diff': 0.17034738167783023, 'disp_imp': 0.3232385801373329, 'stat_par_diff': 0.33991880406738506, 'eq_opp_diff': 0.10618579327825095, 'theil_ind': 0.08224595088447172, 'TPR': 0.8586839266450917, 'TNR': 0.771832032701598, 'FPR': 0.22816796729840208, 'FNR': 0.1413160733549083, 'GTPR': 1.0, 'GTNR': 1.0, 'GFPR': 0.0, 'GFNR': 0.0, 'PPV': 0.5645390070921986, 'NPV': 0.9406702898550725, 'FDR': 0.43546099290780144, 'FOR': 0.059329710144927536, 'ACC': 0.7940851299060254, 'MCC': 0.5643957162626017, 'f1_score': 0.6812152332049637, 'fitness': 0.4582099229843507, 'solution': {'corr_type': 'spearman', 'l2': 0.001, 'dropout': 0.14641837632322335, 'privileged_demotion': 0.07511257969182553, 'privileged_promotion': 0.5757381872983391, 'protected_demotion': 0.25027043628612466, 'protected_promotion': 0.6952306819353218}, 'corr': [0.09516396700495222, 0.009981821688332263, 1.0, 0.06347492071424835, 0.04109704156886009, 0.26588526104811544, 0.0025873439500123272, 0.04292865968998173, 0.065998210573249, 0.08260645111461447, 0.1055445131637378, 0.027832272346642956, 0.0030510566673584054, 0.00413818775483743, 0.005320423434259286, 0.0059919964136058, 0.014592963246195445, 0.01644455228132834, 0.02149197211423564, 0.014583484940431705, 0.034805096253359084, 0.009070587829377022, 0.011714945286414173, 0.031631288785333916, 0.022195575343963558, 0.002896806349253043, 0.0017252206327069166, 0.04623399214893745, 0.059211603481235525, 0.2349448391855346, 0.0197860190396814, 0.4344202669455709, 0.03133834090780558, 0.18232271523282986, 0.10345965966453564, 0.17176497878117272, 0.27221176210051345, 0.012848939913179924, 0.2271742749556096, 0.02449665983155396, 0.10321676981344327, 0.09323616245663625, 0.03265247430736573, 0.1688523028255503, 0.09186132040235351, 0.036800282139146774, 0.059878909069858585, 0.017132884011599805, 0.025902238967996618, 0.1332561878469154, 0.5808076783487023, 0.17180615369203775, 0.04957588203959859, 0.10452223789560693, 0.3167011935435912, 0.3225640577475257, 0.005148161615407603, 0.0025263645213903195, 0.11533105027787278, 0.005843638873823742, 0.10100690935836013, 0.009246325871746864, 0.006645419970608643, 0.010379359167426097, 0.0015075338353145466, 0.0070590836693404475, 0.011730416210871956, 0.006400565072258058, 0.005837929342395944, 0.001604761886790091, 0.0019450063756789751, 0.01696963394956161, 0.00873837229595129, 0.007900681540613743, 0.00013968706004713027, 0.008505536561890407, 0.011673635815824243, 0.006818221810680846, 0.010728108703025641, 0.025042058880571857, 0.007043397984914324, 0.0013068778636076627, 0.008761908703005911, 0.025291394151194153, 0.006457038691846156, 0.00168399914209265, 0.03082402052253607, 0.003079016484824717, 0.0017652430061797515, 0.003934693295308597, 0.01043841630010288, 0.005625235577581248, 0.012281917222248433, 0.014939080341755668, 0.003189435216416357, 0.008212693933206384, 0.006192389737246408, 0.002381987318126804, 0.009427746616614812, 0.006279037138428923, 0.002607426311122796, 0.005998850691007238]}, {'overall_acc': 0.8430071862907684, 'bal_acc': 0.7586922247116422, 'avg_odds_diff': 0.09224119858075934, 'disp_imp': 0.5119739796212077, 'stat_par_diff': 0.11696491397508245, 'eq_opp_diff': 0.15139865338459246, 'theil_ind': 0.13149370235169372, 'TPR': 0.5857605177993528, 'TNR': 0.9316239316239316, 'FPR': 0.06837606837606838, 'FNR': 0.41423948220064727, 'GTPR': 1.0, 'GTNR': 1.0, 'GFPR': 0.0, 'GFNR': 0.0, 'PPV': 0.7469050894085282, 'NPV': 0.8671739882393635, 'FDR': 0.2530949105914718, 'FOR': 0.13282601176063646, 'ACC': 0.8430071862907684, 'MCC': 0.5636621022307715, 'f1_score': 0.656590084643289, 'fitness': 0.41226344884617905, 'solution': {'corr_type': 'spearman', 'l2': 0.001, 'dropout': 0.1474596161072424, 'privileged_demotion': 0.3321546466363667, 'privileged_promotion': 0.2813084076757617, 'protected_demotion': 0.25163471755892575, 'protected_promotion': 0.690550373526734}, 'corr': [0.09516396700495222, 0.009981821688332263, 1.0, 0.06347492071424835, 0.04109704156886009, 0.26588526104811544, 0.0025873439500123272, 0.04292865968998173, 0.065998210573249, 0.08260645111461447, 0.1055445131637378, 0.027832272346642956, 0.0030510566673584054, 0.00413818775483743, 0.005320423434259286, 0.0059919964136058, 0.014592963246195445, 0.01644455228132834, 0.02149197211423564, 0.014583484940431705, 0.034805096253359084, 0.009070587829377022, 0.011714945286414173, 0.031631288785333916, 0.022195575343963558, 0.002896806349253043, 0.0017252206327069166, 0.04623399214893745, 0.059211603481235525, 0.2349448391855346, 0.0197860190396814, 0.4344202669455709, 0.03133834090780558, 0.18232271523282986, 0.10345965966453564, 0.17176497878117272, 0.27221176210051345, 0.012848939913179924, 0.2271742749556096, 0.02449665983155396, 0.10321676981344327, 0.09323616245663625, 0.03265247430736573, 0.1688523028255503, 0.09186132040235351, 0.036800282139146774, 0.059878909069858585, 0.017132884011599805, 0.025902238967996618, 0.1332561878469154, 0.5808076783487023, 0.17180615369203775, 0.04957588203959859, 0.10452223789560693, 0.3167011935435912, 0.3225640577475257, 0.005148161615407603, 0.0025263645213903195, 0.11533105027787278, 0.005843638873823742, 0.10100690935836013, 0.009246325871746864, 0.006645419970608643, 0.010379359167426097, 0.0015075338353145466, 0.0070590836693404475, 0.011730416210871956, 0.006400565072258058, 0.005837929342395944, 0.001604761886790091, 0.0019450063756789751, 0.01696963394956161, 0.00873837229595129, 0.007900681540613743, 0.00013968706004713027, 0.008505536561890407, 0.011673635815824243, 0.006818221810680846, 0.010728108703025641, 0.025042058880571857, 0.007043397984914324, 0.0013068778636076627, 0.008761908703005911, 0.025291394151194153, 0.006457038691846156, 0.00168399914209265, 0.03082402052253607, 0.003079016484824717, 0.0017652430061797515, 0.003934693295308597, 0.01043841630010288, 0.005625235577581248, 0.012281917222248433, 0.014939080341755668, 0.003189435216416357, 0.008212693933206384, 0.006192389737246408, 0.002381987318126804, 0.009427746616614812, 0.006279037138428923, 0.002607426311122796, 0.005998850691007238]}, {'overall_acc': 0.4427860696517413, 'bal_acc': 0.3766817114221082, 'avg_odds_diff': 0.5311647786457367, 'disp_imp': 0.24311123937415752, 'stat_par_diff': 0.4287993763710868, 'eq_opp_diff': 0.39215394745226306, 'theil_ind': 0.27487867588522286, 'TPR': 0.24110032362459546, 'TNR': 0.512263099219621, 'FPR': 0.48773690078037907, 'FNR': 0.7588996763754046, 'GTPR': 1.0, 'GTNR': 1.0, 'GFPR': 0.0, 'GFNR': 0.0, 'PPV': 0.1455078125, 'NPV': 0.6621037463976945, 'FDR': 0.8544921875, 'FOR': 0.33789625360230546, 'ACC': 0.4427860696517413, 'MCC': -0.21783027015961234, 'f1_score': 0.18148599269183924, 'fitness': -0.6099842176118754, 'solution': {'corr_type': 'spearman', 'l2': 0.001, 'dropout': 0.14944079042144717, 'privileged_demotion': 0.350825386782159, 'privileged_promotion': 0.7251624700209822, 'protected_demotion': 0.21404701829615358, 'protected_promotion': 0.6850847154233115}, 'corr': [0.09516396700495222, 0.009981821688332263, 1.0, 0.06347492071424835, 0.04109704156886009, 0.26588526104811544, 0.0025873439500123272, 0.04292865968998173, 0.065998210573249, 0.08260645111461447, 0.1055445131637378, 0.027832272346642956, 0.0030510566673584054, 0.00413818775483743, 0.005320423434259286, 0.0059919964136058, 0.014592963246195445, 0.01644455228132834, 0.02149197211423564, 0.014583484940431705, 0.034805096253359084, 0.009070587829377022, 0.011714945286414173, 0.031631288785333916, 0.022195575343963558, 0.002896806349253043, 0.0017252206327069166, 0.04623399214893745, 0.059211603481235525, 0.2349448391855346, 0.0197860190396814, 0.4344202669455709, 0.03133834090780558, 0.18232271523282986, 0.10345965966453564, 0.17176497878117272, 0.27221176210051345, 0.012848939913179924, 0.2271742749556096, 0.02449665983155396, 0.10321676981344327, 0.09323616245663625, 0.03265247430736573, 0.1688523028255503, 0.09186132040235351, 0.036800282139146774, 0.059878909069858585, 0.017132884011599805, 0.025902238967996618, 0.1332561878469154, 0.5808076783487023, 0.17180615369203775, 0.04957588203959859, 0.10452223789560693, 0.3167011935435912, 0.3225640577475257, 0.005148161615407603, 0.0025263645213903195, 0.11533105027787278, 0.005843638873823742, 0.10100690935836013, 0.009246325871746864, 0.006645419970608643, 0.010379359167426097, 0.0015075338353145466, 0.0070590836693404475, 0.011730416210871956, 0.006400565072258058, 0.005837929342395944, 0.001604761886790091, 0.0019450063756789751, 0.01696963394956161, 0.00873837229595129, 0.007900681540613743, 0.00013968706004713027, 0.008505536561890407, 0.011673635815824243, 0.006818221810680846, 0.010728108703025641, 0.025042058880571857, 0.007043397984914324, 0.0013068778636076627, 0.008761908703005911, 0.025291394151194153, 0.006457038691846156, 0.00168399914209265, 0.03082402052253607, 0.003079016484824717, 0.0017652430061797515, 0.003934693295308597, 0.01043841630010288, 0.005625235577581248, 0.012281917222248433, 0.014939080341755668, 0.003189435216416357, 0.008212693933206384, 0.006192389737246408, 0.002381987318126804, 0.009427746616614812, 0.006279037138428923, 0.002607426311122796, 0.005998850691007238]}, {'overall_acc': 0.8414870093974571, 'bal_acc': 0.7578470846727495, 'avg_odds_diff': 0.09411684604827703, 'disp_imp': 0.5478946713615703, 'stat_par_diff': 0.10779536141503054, 'eq_opp_diff': 0.16389484788626696, 'theil_ind': 0.13188106056907747, 'TPR': 0.5862998921251349, 'TNR': 0.9293942772203642, 'FPR': 0.07060572277963582, 'FNR': 0.41370010787486516, 'GTPR': 1.0, 'GTNR': 1.0, 'GFPR': 0.0, 'GFNR': 0.0, 'PPV': 0.7409679618268575, 'NPV': 0.8670480152539435, 'FDR': 0.25903203817314246, 'FOR': 0.13295198474605652, 'ACC': 0.8414870093974571, 'MCC': 0.5599556181068958, 'f1_score': 0.6546221017765733, 'fitness': 0.3960607702206288, 'solution': {'corr_type': 'spearman', 'l2': 0.001, 'dropout': 0.10809028168861767, 'privileged_demotion': 0.3624313799564045, 'privileged_promotion': 0.24851066309012465, 'protected_demotion': 0.22845352554669887, 'protected_promotion': 0.6971477392238691}, 'corr': [0.09516396700495222, 0.009981821688332263, 1.0, 0.06347492071424835, 0.04109704156886009, 0.26588526104811544, 0.0025873439500123272, 0.04292865968998173, 0.065998210573249, 0.08260645111461447, 0.1055445131637378, 0.027832272346642956, 0.0030510566673584054, 0.00413818775483743, 0.005320423434259286, 0.0059919964136058, 0.014592963246195445, 0.01644455228132834, 0.02149197211423564, 0.014583484940431705, 0.034805096253359084, 0.009070587829377022, 0.011714945286414173, 0.031631288785333916, 0.022195575343963558, 0.002896806349253043, 0.0017252206327069166, 0.04623399214893745, 0.059211603481235525, 0.2349448391855346, 0.0197860190396814, 0.4344202669455709, 0.03133834090780558, 0.18232271523282986, 0.10345965966453564, 0.17176497878117272, 0.27221176210051345, 0.012848939913179924, 0.2271742749556096, 0.02449665983155396, 0.10321676981344327, 0.09323616245663625, 0.03265247430736573, 0.1688523028255503, 0.09186132040235351, 0.036800282139146774, 0.059878909069858585, 0.017132884011599805, 0.025902238967996618, 0.1332561878469154, 0.5808076783487023, 0.17180615369203775, 0.04957588203959859, 0.10452223789560693, 0.3167011935435912, 0.3225640577475257, 0.005148161615407603, 0.0025263645213903195, 0.11533105027787278, 0.005843638873823742, 0.10100690935836013, 0.009246325871746864, 0.006645419970608643, 0.010379359167426097, 0.0015075338353145466, 0.0070590836693404475, 0.011730416210871956, 0.006400565072258058, 0.005837929342395944, 0.001604761886790091, 0.0019450063756789751, 0.01696963394956161, 0.00873837229595129, 0.007900681540613743, 0.00013968706004713027, 0.008505536561890407, 0.011673635815824243, 0.006818221810680846, 0.010728108703025641, 0.025042058880571857, 0.007043397984914324, 0.0013068778636076627, 0.008761908703005911, 0.025291394151194153, 0.006457038691846156, 0.00168399914209265, 0.03082402052253607, 0.003079016484824717, 0.0017652430061797515, 0.003934693295308597, 0.01043841630010288, 0.005625235577581248, 0.012281917222248433, 0.014939080341755668, 0.003189435216416357, 0.008212693933206384, 0.006192389737246408, 0.002381987318126804, 0.009427746616614812, 0.006279037138428923, 0.002607426311122796, 0.005998850691007238]}, {'overall_acc': 0.8330569375345495, 'bal_acc': 0.7380372547109566, 'avg_odds_diff': 0.2561866382641985, 'disp_imp': 0.13719196318610644, 'stat_par_diff': 0.22835890395838795, 'eq_opp_diff': 0.4332604093654199, 'theil_ind': 0.14366713885072593, 'TPR': 0.5431499460625674, 'TNR': 0.9329245633593459, 'FPR': 0.06707543664065403, 'FNR': 0.45685005393743255, 'GTPR': 1.0, 'GTNR': 1.0, 'GFPR': 0.0, 'GFNR': 0.0, 'PPV': 0.7361111111111112, 'NPV': 0.8556578050443081, 'FDR': 0.2638888888888889, 'FOR': 0.1443421949556919, 'ACC': 0.8330569375345495, 'MCC': 0.5307787641285479, 'f1_score': 0.6250775915580384, 'fitness': 0.09751835476312798, 'solution': {'corr_type': 'spearman', 'l2': 0.001, 'dropout': 0.11066275057072633, 'privileged_demotion': 0.3711000072558307, 'privileged_promotion': 0.27180269019610925, 'protected_demotion': 0.2317031022884426, 'protected_promotion': 0.7968465174538654}, 'corr': [0.09516396700495222, 0.009981821688332263, 1.0, 0.06347492071424835, 0.04109704156886009, 0.26588526104811544, 0.0025873439500123272, 0.04292865968998173, 0.065998210573249, 0.08260645111461447, 0.1055445131637378, 0.027832272346642956, 0.0030510566673584054, 0.00413818775483743, 0.005320423434259286, 0.0059919964136058, 0.014592963246195445, 0.01644455228132834, 0.02149197211423564, 0.014583484940431705, 0.034805096253359084, 0.009070587829377022, 0.011714945286414173, 0.031631288785333916, 0.022195575343963558, 0.002896806349253043, 0.0017252206327069166, 0.04623399214893745, 0.059211603481235525, 0.2349448391855346, 0.0197860190396814, 0.4344202669455709, 0.03133834090780558, 0.18232271523282986, 0.10345965966453564, 0.17176497878117272, 0.27221176210051345, 0.012848939913179924, 0.2271742749556096, 0.02449665983155396, 0.10321676981344327, 0.09323616245663625, 0.03265247430736573, 0.1688523028255503, 0.09186132040235351, 0.036800282139146774, 0.059878909069858585, 0.017132884011599805, 0.025902238967996618, 0.1332561878469154, 0.5808076783487023, 0.17180615369203775, 0.04957588203959859, 0.10452223789560693, 0.3167011935435912, 0.3225640577475257, 0.005148161615407603, 0.0025263645213903195, 0.11533105027787278, 0.005843638873823742, 0.10100690935836013, 0.009246325871746864, 0.006645419970608643, 0.010379359167426097, 0.0015075338353145466, 0.0070590836693404475, 0.011730416210871956, 0.006400565072258058, 0.005837929342395944, 0.001604761886790091, 0.0019450063756789751, 0.01696963394956161, 0.00873837229595129, 0.007900681540613743, 0.00013968706004713027, 0.008505536561890407, 0.011673635815824243, 0.006818221810680846, 0.010728108703025641, 0.025042058880571857, 0.007043397984914324, 0.0013068778636076627, 0.008761908703005911, 0.025291394151194153, 0.006457038691846156, 0.00168399914209265, 0.03082402052253607, 0.003079016484824717, 0.0017652430061797515, 0.003934693295308597, 0.01043841630010288, 0.005625235577581248, 0.012281917222248433, 0.014939080341755668, 0.003189435216416357, 0.008212693933206384, 0.006192389737246408, 0.002381987318126804, 0.009427746616614812, 0.006279037138428923, 0.002607426311122796, 0.005998850691007238]}, {'overall_acc': 0.8425925925925926, 'bal_acc': 0.7631867101052412, 'avg_odds_diff': 0.08572713489639325, 'disp_imp': 0.5299001538347817, 'stat_par_diff': 0.11626229666524096, 'eq_opp_diff': 0.14313629702002928, 'theil_ind': 0.1286064340090082, 'TPR': 0.6003236245954693, 'TNR': 0.926049795615013, 'FPR': 0.07395020438498699, 'FNR': 0.39967637540453077, 'GTPR': 1.0, 'GTNR': 1.0, 'GFPR': 0.0, 'GFNR': 0.0, 'PPV': 0.7365982792852416, 'NPV': 0.8705676855895197, 'FDR': 0.2634017207147584, 'FOR': 0.12943231441048034, 'ACC': 0.8425925925925926, 'MCC': 0.5653282458594526, 'f1_score': 0.6615156017830609, 'fitness': 0.42219194883942335, 'solution': {'corr_type': 'spearman', 'l2': 0.001, 'dropout': 0.10987894523294355, 'privileged_demotion': 0.34271072105100076, 'privileged_promotion': 0.28307909456985364, 'protected_demotion': 0.21795076816598422, 'protected_promotion': 0.6912736045814446}, 'corr': [0.09516396700495222, 0.009981821688332263, 1.0, 0.06347492071424835, 0.04109704156886009, 0.26588526104811544, 0.0025873439500123272, 0.04292865968998173, 0.065998210573249, 0.08260645111461447, 0.1055445131637378, 0.027832272346642956, 0.0030510566673584054, 0.00413818775483743, 0.005320423434259286, 0.0059919964136058, 0.014592963246195445, 0.01644455228132834, 0.02149197211423564, 0.014583484940431705, 0.034805096253359084, 0.009070587829377022, 0.011714945286414173, 0.031631288785333916, 0.022195575343963558, 0.002896806349253043, 0.0017252206327069166, 0.04623399214893745, 0.059211603481235525, 0.2349448391855346, 0.0197860190396814, 0.4344202669455709, 0.03133834090780558, 0.18232271523282986, 0.10345965966453564, 0.17176497878117272, 0.27221176210051345, 0.012848939913179924, 0.2271742749556096, 0.02449665983155396, 0.10321676981344327, 0.09323616245663625, 0.03265247430736573, 0.1688523028255503, 0.09186132040235351, 0.036800282139146774, 0.059878909069858585, 0.017132884011599805, 0.025902238967996618, 0.1332561878469154, 0.5808076783487023, 0.17180615369203775, 0.04957588203959859, 0.10452223789560693, 0.3167011935435912, 0.3225640577475257, 0.005148161615407603, 0.0025263645213903195, 0.11533105027787278, 0.005843638873823742, 0.10100690935836013, 0.009246325871746864, 0.006645419970608643, 0.010379359167426097, 0.0015075338353145466, 0.0070590836693404475, 0.011730416210871956, 0.006400565072258058, 0.005837929342395944, 0.001604761886790091, 0.0019450063756789751, 0.01696963394956161, 0.00873837229595129, 0.007900681540613743, 0.00013968706004713027, 0.008505536561890407, 0.011673635815824243, 0.006818221810680846, 0.010728108703025641, 0.025042058880571857, 0.007043397984914324, 0.0013068778636076627, 0.008761908703005911, 0.025291394151194153, 0.006457038691846156, 0.00168399914209265, 0.03082402052253607, 0.003079016484824717, 0.0017652430061797515, 0.003934693295308597, 0.01043841630010288, 0.005625235577581248, 0.012281917222248433, 0.014939080341755668, 0.003189435216416357, 0.008212693933206384, 0.006192389737246408, 0.002381987318126804, 0.009427746616614812, 0.006279037138428923, 0.002607426311122796, 0.005998850691007238]}, {'overall_acc': 0.43449419568822556, 'bal_acc': 0.37375934885432566, 'avg_odds_diff': 0.5310317058407472, 'disp_imp': 0.27674675339877863, 'stat_par_diff': 0.41557175181776784, 'eq_opp_diff': 0.40457934198508955, 'theil_ind': 0.2719238797702314, 'TPR': 0.24919093851132687, 'TNR': 0.4983277591973244, 'FPR': 0.5016722408026756, 'FNR': 0.7508090614886731, 'GTPR': 1.0, 'GTNR': 1.0, 'GFPR': 0.0, 'GFNR': 0.0, 'PPV': 0.1461100569259962, 'NPV': 0.658321060382916, 'FDR': 0.8538899430740038, 'FOR': 0.34167893961708395, 'ACC': 0.43449419568822556, 'MCC': -0.2222104547259418, 'f1_score': 0.1842105263157895, 'fitness': -0.6267897967110314, 'solution': {'corr_type': 'spearman', 'l2': 0.001, 'dropout': 0.10583359608478429, 'privileged_demotion': 0.37528966534622854, 'privileged_promotion': 0.7269891641969694, 'protected_demotion': 0.1747292593802629, 'protected_promotion': 0.782687497377469}, 'corr': [0.09516396700495222, 0.009981821688332263, 1.0, 0.06347492071424835, 0.04109704156886009, 0.26588526104811544, 0.0025873439500123272, 0.04292865968998173, 0.065998210573249, 0.08260645111461447, 0.1055445131637378, 0.027832272346642956, 0.0030510566673584054, 0.00413818775483743, 0.005320423434259286, 0.0059919964136058, 0.014592963246195445, 0.01644455228132834, 0.02149197211423564, 0.014583484940431705, 0.034805096253359084, 0.009070587829377022, 0.011714945286414173, 0.031631288785333916, 0.022195575343963558, 0.002896806349253043, 0.0017252206327069166, 0.04623399214893745, 0.059211603481235525, 0.2349448391855346, 0.0197860190396814, 0.4344202669455709, 0.03133834090780558, 0.18232271523282986, 0.10345965966453564, 0.17176497878117272, 0.27221176210051345, 0.012848939913179924, 0.2271742749556096, 0.02449665983155396, 0.10321676981344327, 0.09323616245663625, 0.03265247430736573, 0.1688523028255503, 0.09186132040235351, 0.036800282139146774, 0.059878909069858585, 0.017132884011599805, 0.025902238967996618, 0.1332561878469154, 0.5808076783487023, 0.17180615369203775, 0.04957588203959859, 0.10452223789560693, 0.3167011935435912, 0.3225640577475257, 0.005148161615407603, 0.0025263645213903195, 0.11533105027787278, 0.005843638873823742, 0.10100690935836013, 0.009246325871746864, 0.006645419970608643, 0.010379359167426097, 0.0015075338353145466, 0.0070590836693404475, 0.011730416210871956, 0.006400565072258058, 0.005837929342395944, 0.001604761886790091, 0.0019450063756789751, 0.01696963394956161, 0.00873837229595129, 0.007900681540613743, 0.00013968706004713027, 0.008505536561890407, 0.011673635815824243, 0.006818221810680846, 0.010728108703025641, 0.025042058880571857, 0.007043397984914324, 0.0013068778636076627, 0.008761908703005911, 0.025291394151194153, 0.006457038691846156, 0.00168399914209265, 0.03082402052253607, 0.003079016484824717, 0.0017652430061797515, 0.003934693295308597, 0.01043841630010288, 0.005625235577581248, 0.012281917222248433, 0.014939080341755668, 0.003189435216416357, 0.008212693933206384, 0.006192389737246408, 0.002381987318126804, 0.009427746616614812, 0.006279037138428923, 0.002607426311122796, 0.005998850691007238]}, {'overall_acc': 0.8349917081260365, 'bal_acc': 0.7425200145757342, 'avg_odds_diff': 0.11742233113683634, 'disp_imp': 0.672053294320832, 'stat_par_diff': 0.07067115992218434, 'eq_opp_diff': 0.23359033722025158, 'theil_ind': 0.14099115846132704, 'TPR': 0.5528586839266451, 'TNR': 0.9321813452248234, 'FPR': 0.06781865477517651, 'FNR': 0.4471413160733549, 'GTPR': 1.0, 'GTNR': 1.0, 'GFPR': 0.0, 'GFNR': 0.0, 'PPV': 0.737410071942446, 'NPV': 0.8581936366746493, 'FDR': 0.26258992805755393, 'FOR': 0.14180636332535065, 'ACC': 0.8349917081260365, 'MCC': 0.5374864093075831, 'f1_score': 0.6319358816276202, 'fitness': 0.3038960720873315, 'solution': {'corr_type': 'spearman', 'l2': 0.001, 'dropout': 0.10600788896053953, 'privileged_demotion': 0.2889728142170477, 'privileged_promotion': 0.10163307245859343, 'protected_demotion': 0.16767595334259466, 'protected_promotion': 0.774870439237838}, 'corr': [0.09516396700495222, 0.009981821688332263, 1.0, 0.06347492071424835, 0.04109704156886009, 0.26588526104811544, 0.0025873439500123272, 0.04292865968998173, 0.065998210573249, 0.08260645111461447, 0.1055445131637378, 0.027832272346642956, 0.0030510566673584054, 0.00413818775483743, 0.005320423434259286, 0.0059919964136058, 0.014592963246195445, 0.01644455228132834, 0.02149197211423564, 0.014583484940431705, 0.034805096253359084, 0.009070587829377022, 0.011714945286414173, 0.031631288785333916, 0.022195575343963558, 0.002896806349253043, 0.0017252206327069166, 0.04623399214893745, 0.059211603481235525, 0.2349448391855346, 0.0197860190396814, 0.4344202669455709, 0.03133834090780558, 0.18232271523282986, 0.10345965966453564, 0.17176497878117272, 0.27221176210051345, 0.012848939913179924, 0.2271742749556096, 0.02449665983155396, 0.10321676981344327, 0.09323616245663625, 0.03265247430736573, 0.1688523028255503, 0.09186132040235351, 0.036800282139146774, 0.059878909069858585, 0.017132884011599805, 0.025902238967996618, 0.1332561878469154, 0.5808076783487023, 0.17180615369203775, 0.04957588203959859, 0.10452223789560693, 0.3167011935435912, 0.3225640577475257, 0.005148161615407603, 0.0025263645213903195, 0.11533105027787278, 0.005843638873823742, 0.10100690935836013, 0.009246325871746864, 0.006645419970608643, 0.010379359167426097, 0.0015075338353145466, 0.0070590836693404475, 0.011730416210871956, 0.006400565072258058, 0.005837929342395944, 0.001604761886790091, 0.0019450063756789751, 0.01696963394956161, 0.00873837229595129, 0.007900681540613743, 0.00013968706004713027, 0.008505536561890407, 0.011673635815824243, 0.006818221810680846, 0.010728108703025641, 0.025042058880571857, 0.007043397984914324, 0.0013068778636076627, 0.008761908703005911, 0.025291394151194153, 0.006457038691846156, 0.00168399914209265, 0.03082402052253607, 0.003079016484824717, 0.0017652430061797515, 0.003934693295308597, 0.01043841630010288, 0.005625235577581248, 0.012281917222248433, 0.014939080341755668, 0.003189435216416357, 0.008212693933206384, 0.006192389737246408, 0.002381987318126804, 0.009427746616614812, 0.006279037138428923, 0.002607426311122796, 0.005998850691007238]}, {'overall_acc': 0.837893864013267, 'bal_acc': 0.7602048179295964, 'avg_odds_diff': 0.10524404469262802, 'disp_imp': 0.6193176690881199, 'stat_par_diff': 0.093125594999931, 'eq_opp_diff': 0.19938687226977625, 'theil_ind': 0.1299839579986304, 'TPR': 0.6008629989212514, 'TNR': 0.9195466369379413, 'FPR': 0.08045336306205872, 'FNR': 0.39913700107874867, 'GTPR': 1.0, 'GTNR': 1.0, 'GFPR': 0.0, 'GFNR': 0.0, 'PPV': 0.7201034259857789, 'NPV': 0.869924415538759, 'FDR': 0.2798965740142211, 'FOR': 0.13007558446124098, 'ACC': 0.837893864013267, 'MCC': 0.5541264965281576, 'f1_score': 0.6551014407527198, 'fitness': 0.35473962425838135, 'solution': {'corr_type': 'spearman', 'l2': 0.001, 'dropout': 0.0943512884234152, 'privileged_demotion': 0.27288639989391383, 'privileged_promotion': 0.11355546755073709, 'protected_demotion': 0.16286391609670398, 'protected_promotion': 0.7623964682050609}, 'corr': [0.09516396700495222, 0.009981821688332263, 1.0, 0.06347492071424835, 0.04109704156886009, 0.26588526104811544, 0.0025873439500123272, 0.04292865968998173, 0.065998210573249, 0.08260645111461447, 0.1055445131637378, 0.027832272346642956, 0.0030510566673584054, 0.00413818775483743, 0.005320423434259286, 0.0059919964136058, 0.014592963246195445, 0.01644455228132834, 0.02149197211423564, 0.014583484940431705, 0.034805096253359084, 0.009070587829377022, 0.011714945286414173, 0.031631288785333916, 0.022195575343963558, 0.002896806349253043, 0.0017252206327069166, 0.04623399214893745, 0.059211603481235525, 0.2349448391855346, 0.0197860190396814, 0.4344202669455709, 0.03133834090780558, 0.18232271523282986, 0.10345965966453564, 0.17176497878117272, 0.27221176210051345, 0.012848939913179924, 0.2271742749556096, 0.02449665983155396, 0.10321676981344327, 0.09323616245663625, 0.03265247430736573, 0.1688523028255503, 0.09186132040235351, 0.036800282139146774, 0.059878909069858585, 0.017132884011599805, 0.025902238967996618, 0.1332561878469154, 0.5808076783487023, 0.17180615369203775, 0.04957588203959859, 0.10452223789560693, 0.3167011935435912, 0.3225640577475257, 0.005148161615407603, 0.0025263645213903195, 0.11533105027787278, 0.005843638873823742, 0.10100690935836013, 0.009246325871746864, 0.006645419970608643, 0.010379359167426097, 0.0015075338353145466, 0.0070590836693404475, 0.011730416210871956, 0.006400565072258058, 0.005837929342395944, 0.001604761886790091, 0.0019450063756789751, 0.01696963394956161, 0.00873837229595129, 0.007900681540613743, 0.00013968706004713027, 0.008505536561890407, 0.011673635815824243, 0.006818221810680846, 0.010728108703025641, 0.025042058880571857, 0.007043397984914324, 0.0013068778636076627, 0.008761908703005911, 0.025291394151194153, 0.006457038691846156, 0.00168399914209265, 0.03082402052253607, 0.003079016484824717, 0.0017652430061797515, 0.003934693295308597, 0.01043841630010288, 0.005625235577581248, 0.012281917222248433, 0.014939080341755668, 0.003189435216416357, 0.008212693933206384, 0.006192389737246408, 0.002381987318126804, 0.009427746616614812, 0.006279037138428923, 0.002607426311122796, 0.005998850691007238]}, {'overall_acc': 0.8416252072968491, 'bal_acc': 0.7980701583487569, 'avg_odds_diff': 0.06688013006226845, 'disp_imp': 0.4789769891399756, 'stat_par_diff': 0.1670718414989169, 'eq_opp_diff': 0.07336292772031183, 'theil_ind': 0.1059701860852313, 'TPR': 0.7087378640776699, 'TNR': 0.887402452619844, 'FPR': 0.11259754738015608, 'FNR': 0.2912621359223301, 'GTPR': 1.0, 'GTNR': 1.0, 'GFPR': 0.0, 'GFNR': 0.0, 'PPV': 0.684375, 'NPV': 0.8984198645598194, 'FDR': 0.315625, 'FOR': 0.10158013544018059, 'ACC': 0.8416252072968491, 'MCC': 0.5894298220554975, 'f1_score': 0.6963434022257552, 'fitness': 0.5160668943351857, 'solution': {'corr_type': 'spearman', 'l2': 0.001, 'dropout': 0.11809815283971631, 'privileged_demotion': 0.2577913794276154, 'privileged_promotion': 0.3511555912264058, 'protected_demotion': 0.17091199571103988, 'protected_promotion': 0.7827740851580303}, 'corr': [0.09516396700495222, 0.009981821688332263, 1.0, 0.06347492071424835, 0.04109704156886009, 0.26588526104811544, 0.0025873439500123272, 0.04292865968998173, 0.065998210573249, 0.08260645111461447, 0.1055445131637378, 0.027832272346642956, 0.0030510566673584054, 0.00413818775483743, 0.005320423434259286, 0.0059919964136058, 0.014592963246195445, 0.01644455228132834, 0.02149197211423564, 0.014583484940431705, 0.034805096253359084, 0.009070587829377022, 0.011714945286414173, 0.031631288785333916, 0.022195575343963558, 0.002896806349253043, 0.0017252206327069166, 0.04623399214893745, 0.059211603481235525, 0.2349448391855346, 0.0197860190396814, 0.4344202669455709, 0.03133834090780558, 0.18232271523282986, 0.10345965966453564, 0.17176497878117272, 0.27221176210051345, 0.012848939913179924, 0.2271742749556096, 0.02449665983155396, 0.10321676981344327, 0.09323616245663625, 0.03265247430736573, 0.1688523028255503, 0.09186132040235351, 0.036800282139146774, 0.059878909069858585, 0.017132884011599805, 0.025902238967996618, 0.1332561878469154, 0.5808076783487023, 0.17180615369203775, 0.04957588203959859, 0.10452223789560693, 0.3167011935435912, 0.3225640577475257, 0.005148161615407603, 0.0025263645213903195, 0.11533105027787278, 0.005843638873823742, 0.10100690935836013, 0.009246325871746864, 0.006645419970608643, 0.010379359167426097, 0.0015075338353145466, 0.0070590836693404475, 0.011730416210871956, 0.006400565072258058, 0.005837929342395944, 0.001604761886790091, 0.0019450063756789751, 0.01696963394956161, 0.00873837229595129, 0.007900681540613743, 0.00013968706004713027, 0.008505536561890407, 0.011673635815824243, 0.006818221810680846, 0.010728108703025641, 0.025042058880571857, 0.007043397984914324, 0.0013068778636076627, 0.008761908703005911, 0.025291394151194153, 0.006457038691846156, 0.00168399914209265, 0.03082402052253607, 0.003079016484824717, 0.0017652430061797515, 0.003934693295308597, 0.01043841630010288, 0.005625235577581248, 0.012281917222248433, 0.014939080341755668, 0.003189435216416357, 0.008212693933206384, 0.006192389737246408, 0.002381987318126804, 0.009427746616614812, 0.006279037138428923, 0.002607426311122796, 0.005998850691007238]}, {'overall_acc': 0.8367882808181316, 'bal_acc': 0.8006524805807202, 'avg_odds_diff': 0.07049107037887367, 'disp_imp': 0.48609766020920897, 'stat_par_diff': 0.1729642379171898, 'eq_opp_diff': 0.07444616724368647, 'theil_ind': 0.10339726533303649, 'TPR': 0.7265372168284789, 'TNR': 0.8747677443329617, 'FPR': 0.12523225566703827, 'FNR': 0.27346278317152106, 'GTPR': 1.0, 'GTNR': 1.0, 'GFPR': 0.0, 'GFNR': 0.0, 'PPV': 0.6665017318159328, 'NPV': 0.9027804410354746, 'FDR': 0.3334982681840673, 'FOR': 0.0972195589645254, 'ACC': 0.8367882808181316, 'MCC': 0.5850745207546779, 'f1_score': 0.6952258064516129, 'fitness': 0.5106283535109915, 'solution': {'corr_type': 'spearman', 'l2': 0.001, 'dropout': 0.08618761587962143, 'privileged_demotion': 0.2699869793083311, 'privileged_promotion': 0.35187665449900596, 'protected_demotion': 0.1689181131672554, 'protected_promotion': 0.7400312070157952}, 'corr': [0.09516396700495222, 0.009981821688332263, 1.0, 0.06347492071424835, 0.04109704156886009, 0.26588526104811544, 0.0025873439500123272, 0.04292865968998173, 0.065998210573249, 0.08260645111461447, 0.1055445131637378, 0.027832272346642956, 0.0030510566673584054, 0.00413818775483743, 0.005320423434259286, 0.0059919964136058, 0.014592963246195445, 0.01644455228132834, 0.02149197211423564, 0.014583484940431705, 0.034805096253359084, 0.009070587829377022, 0.011714945286414173, 0.031631288785333916, 0.022195575343963558, 0.002896806349253043, 0.0017252206327069166, 0.04623399214893745, 0.059211603481235525, 0.2349448391855346, 0.0197860190396814, 0.4344202669455709, 0.03133834090780558, 0.18232271523282986, 0.10345965966453564, 0.17176497878117272, 0.27221176210051345, 0.012848939913179924, 0.2271742749556096, 0.02449665983155396, 0.10321676981344327, 0.09323616245663625, 0.03265247430736573, 0.1688523028255503, 0.09186132040235351, 0.036800282139146774, 0.059878909069858585, 0.017132884011599805, 0.025902238967996618, 0.1332561878469154, 0.5808076783487023, 0.17180615369203775, 0.04957588203959859, 0.10452223789560693, 0.3167011935435912, 0.3225640577475257, 0.005148161615407603, 0.0025263645213903195, 0.11533105027787278, 0.005843638873823742, 0.10100690935836013, 0.009246325871746864, 0.006645419970608643, 0.010379359167426097, 0.0015075338353145466, 0.0070590836693404475, 0.011730416210871956, 0.006400565072258058, 0.005837929342395944, 0.001604761886790091, 0.0019450063756789751, 0.01696963394956161, 0.00873837229595129, 0.007900681540613743, 0.00013968706004713027, 0.008505536561890407, 0.011673635815824243, 0.006818221810680846, 0.010728108703025641, 0.025042058880571857, 0.007043397984914324, 0.0013068778636076627, 0.008761908703005911, 0.025291394151194153, 0.006457038691846156, 0.00168399914209265, 0.03082402052253607, 0.003079016484824717, 0.0017652430061797515, 0.003934693295308597, 0.01043841630010288, 0.005625235577581248, 0.012281917222248433, 0.014939080341755668, 0.003189435216416357, 0.008212693933206384, 0.006192389737246408, 0.002381987318126804, 0.009427746616614812, 0.006279037138428923, 0.002607426311122796, 0.005998850691007238]}, {'overall_acc': 0.8528192371475953, 'bal_acc': 0.8004684799746007, 'avg_odds_diff': 0.06472124792782491, 'disp_imp': 0.33292898235668555, 'stat_par_diff': 0.2107337987555016, 'eq_opp_diff': 0.03525130448942604, 'theil_ind': 0.10613325844540385, 'TPR': 0.6930960086299892, 'TNR': 0.9078409513192122, 'FPR': 0.09215904868078781, 'FNR': 0.3069039913700108, 'GTPR': 1.0, 'GTNR': 1.0, 'GFPR': 0.0, 'GFNR': 0.0, 'PPV': 0.7215047725996631, 'NPV': 0.895692025664528, 'FDR': 0.2784952274003369, 'FOR': 0.10430797433547205, 'ACC': 0.8528192371475953, 'MCC': 0.6090126169787154, 'f1_score': 0.7070151306740028, 'fitness': 0.5737613124892894, 'solution': {'corr_type': 'spearman', 'l2': 0.001, 'dropout': 0.13466085189518867, 'privileged_demotion': 0.23725495341466815, 'privileged_promotion': 0.34482688881600976, 'protected_demotion': 0.3051523869040144, 'protected_promotion': 0.5590776419216197}, 'corr': [0.09516396700495222, 0.009981821688332263, 1.0, 0.06347492071424835, 0.04109704156886009, 0.26588526104811544, 0.0025873439500123272, 0.04292865968998173, 0.065998210573249, 0.08260645111461447, 0.1055445131637378, 0.027832272346642956, 0.0030510566673584054, 0.00413818775483743, 0.005320423434259286, 0.0059919964136058, 0.014592963246195445, 0.01644455228132834, 0.02149197211423564, 0.014583484940431705, 0.034805096253359084, 0.009070587829377022, 0.011714945286414173, 0.031631288785333916, 0.022195575343963558, 0.002896806349253043, 0.0017252206327069166, 0.04623399214893745, 0.059211603481235525, 0.2349448391855346, 0.0197860190396814, 0.4344202669455709, 0.03133834090780558, 0.18232271523282986, 0.10345965966453564, 0.17176497878117272, 0.27221176210051345, 0.012848939913179924, 0.2271742749556096, 0.02449665983155396, 0.10321676981344327, 0.09323616245663625, 0.03265247430736573, 0.1688523028255503, 0.09186132040235351, 0.036800282139146774, 0.059878909069858585, 0.017132884011599805, 0.025902238967996618, 0.1332561878469154, 0.5808076783487023, 0.17180615369203775, 0.04957588203959859, 0.10452223789560693, 0.3167011935435912, 0.3225640577475257, 0.005148161615407603, 0.0025263645213903195, 0.11533105027787278, 0.005843638873823742, 0.10100690935836013, 0.009246325871746864, 0.006645419970608643, 0.010379359167426097, 0.0015075338353145466, 0.0070590836693404475, 0.011730416210871956, 0.006400565072258058, 0.005837929342395944, 0.001604761886790091, 0.0019450063756789751, 0.01696963394956161, 0.00873837229595129, 0.007900681540613743, 0.00013968706004713027, 0.008505536561890407, 0.011673635815824243, 0.006818221810680846, 0.010728108703025641, 0.025042058880571857, 0.007043397984914324, 0.0013068778636076627, 0.008761908703005911, 0.025291394151194153, 0.006457038691846156, 0.00168399914209265, 0.03082402052253607, 0.003079016484824717, 0.0017652430061797515, 0.003934693295308597, 0.01043841630010288, 0.005625235577581248, 0.012281917222248433, 0.014939080341755668, 0.003189435216416357, 0.008212693933206384, 0.006192389737246408, 0.002381987318126804, 0.009427746616614812, 0.006279037138428923, 0.002607426311122796, 0.005998850691007238]}, {'overall_acc': 0.8389994472084025, 'bal_acc': 0.7991335736164777, 'avg_odds_diff': 0.06333325867263179, 'disp_imp': 0.4793299567075069, 'stat_par_diff': 0.1713692931745747, 'eq_opp_diff': 0.06328101215635462, 'theil_ind': 0.10481080473890768, 'TPR': 0.7173678532901834, 'TNR': 0.8808992939427722, 'FPR': 0.11910070605722779, 'FNR': 0.2826321467098166, 'GTPR': 1.0, 'GTNR': 1.0, 'GFPR': 0.0, 'GFNR': 0.0, 'PPV': 0.6747843734145104, 'NPV': 0.9004748338081672, 'FDR': 0.3252156265854896, 'FOR': 0.09952516619183285, 'ACC': 0.8389994472084025, 'MCC': 0.5866503940377121, 'f1_score': 0.6954248366013072, 'fitness': 0.5233693818813575, 'solution': {'corr_type': 'spearman', 'l2': 0.001, 'dropout': 0.17078946017760976, 'privileged_demotion': 0.26219182919629236, 'privileged_promotion': 0.34430596055734675, 'protected_demotion': 0.13177685406203876, 'protected_promotion': 0.7510890256067757}, 'corr': [0.09516396700495222, 0.009981821688332263, 1.0, 0.06347492071424835, 0.04109704156886009, 0.26588526104811544, 0.0025873439500123272, 0.04292865968998173, 0.065998210573249, 0.08260645111461447, 0.1055445131637378, 0.027832272346642956, 0.0030510566673584054, 0.00413818775483743, 0.005320423434259286, 0.0059919964136058, 0.014592963246195445, 0.01644455228132834, 0.02149197211423564, 0.014583484940431705, 0.034805096253359084, 0.009070587829377022, 0.011714945286414173, 0.031631288785333916, 0.022195575343963558, 0.002896806349253043, 0.0017252206327069166, 0.04623399214893745, 0.059211603481235525, 0.2349448391855346, 0.0197860190396814, 0.4344202669455709, 0.03133834090780558, 0.18232271523282986, 0.10345965966453564, 0.17176497878117272, 0.27221176210051345, 0.012848939913179924, 0.2271742749556096, 0.02449665983155396, 0.10321676981344327, 0.09323616245663625, 0.03265247430736573, 0.1688523028255503, 0.09186132040235351, 0.036800282139146774, 0.059878909069858585, 0.017132884011599805, 0.025902238967996618, 0.1332561878469154, 0.5808076783487023, 0.17180615369203775, 0.04957588203959859, 0.10452223789560693, 0.3167011935435912, 0.3225640577475257, 0.005148161615407603, 0.0025263645213903195, 0.11533105027787278, 0.005843638873823742, 0.10100690935836013, 0.009246325871746864, 0.006645419970608643, 0.010379359167426097, 0.0015075338353145466, 0.0070590836693404475, 0.011730416210871956, 0.006400565072258058, 0.005837929342395944, 0.001604761886790091, 0.0019450063756789751, 0.01696963394956161, 0.00873837229595129, 0.007900681540613743, 0.00013968706004713027, 0.008505536561890407, 0.011673635815824243, 0.006818221810680846, 0.010728108703025641, 0.025042058880571857, 0.007043397984914324, 0.0013068778636076627, 0.008761908703005911, 0.025291394151194153, 0.006457038691846156, 0.00168399914209265, 0.03082402052253607, 0.003079016484824717, 0.0017652430061797515, 0.003934693295308597, 0.01043841630010288, 0.005625235577581248, 0.012281917222248433, 0.014939080341755668, 0.003189435216416357, 0.008212693933206384, 0.006192389737246408, 0.002381987318126804, 0.009427746616614812, 0.006279037138428923, 0.002607426311122796, 0.005998850691007238]}, {'overall_acc': 0.5801547816473189, 'bal_acc': 0.5979027538757382, 'avg_odds_diff': 0.5286472981035063, 'disp_imp': 2.7867217008158507, 'stat_par_diff': 0.5485678610356104, 'eq_opp_diff': 0.2728489199464752, 'theil_ind': 0.15785654872885613, 'TPR': 0.6343042071197411, 'TNR': 0.5615013006317354, 'FPR': 0.4384986993682646, 'FNR': 0.3656957928802589, 'GTPR': 1.0, 'GTNR': 1.0, 'GFPR': 0.0, 'GFNR': 0.0, 'PPV': 0.332579185520362, 'NPV': 0.8167567567567567, 'FDR': 0.667420814479638, 'FOR': 0.18324324324324323, 'ACC': 0.5801547816473189, 'MCC': 0.17099941521279077, 'f1_score': 0.43636363636363634, 'fitness': -0.10184950473368443, 'solution': {'corr_type': 'spearman', 'l2': 0.001, 'dropout': 0.12031627320873253, 'privileged_demotion': 0.22300147735960907, 'privileged_promotion': 0.3362962775817754, 'protected_demotion': 0.37866072924557503, 'protected_promotion': 0.9080435404616916}, 'corr': [0.09516396700495222, 0.009981821688332263, 1.0, 0.06347492071424835, 0.04109704156886009, 0.26588526104811544, 0.0025873439500123272, 0.04292865968998173, 0.065998210573249, 0.08260645111461447, 0.1055445131637378, 0.027832272346642956, 0.0030510566673584054, 0.00413818775483743, 0.005320423434259286, 0.0059919964136058, 0.014592963246195445, 0.01644455228132834, 0.02149197211423564, 0.014583484940431705, 0.034805096253359084, 0.009070587829377022, 0.011714945286414173, 0.031631288785333916, 0.022195575343963558, 0.002896806349253043, 0.0017252206327069166, 0.04623399214893745, 0.059211603481235525, 0.2349448391855346, 0.0197860190396814, 0.4344202669455709, 0.03133834090780558, 0.18232271523282986, 0.10345965966453564, 0.17176497878117272, 0.27221176210051345, 0.012848939913179924, 0.2271742749556096, 0.02449665983155396, 0.10321676981344327, 0.09323616245663625, 0.03265247430736573, 0.1688523028255503, 0.09186132040235351, 0.036800282139146774, 0.059878909069858585, 0.017132884011599805, 0.025902238967996618, 0.1332561878469154, 0.5808076783487023, 0.17180615369203775, 0.04957588203959859, 0.10452223789560693, 0.3167011935435912, 0.3225640577475257, 0.005148161615407603, 0.0025263645213903195, 0.11533105027787278, 0.005843638873823742, 0.10100690935836013, 0.009246325871746864, 0.006645419970608643, 0.010379359167426097, 0.0015075338353145466, 0.0070590836693404475, 0.011730416210871956, 0.006400565072258058, 0.005837929342395944, 0.001604761886790091, 0.0019450063756789751, 0.01696963394956161, 0.00873837229595129, 0.007900681540613743, 0.00013968706004713027, 0.008505536561890407, 0.011673635815824243, 0.006818221810680846, 0.010728108703025641, 0.025042058880571857, 0.007043397984914324, 0.0013068778636076627, 0.008761908703005911, 0.025291394151194153, 0.006457038691846156, 0.00168399914209265, 0.03082402052253607, 0.003079016484824717, 0.0017652430061797515, 0.003934693295308597, 0.01043841630010288, 0.005625235577581248, 0.012281917222248433, 0.014939080341755668, 0.003189435216416357, 0.008212693933206384, 0.006192389737246408, 0.002381987318126804, 0.009427746616614812, 0.006279037138428923, 0.002607426311122796, 0.005998850691007238]}, {'overall_acc': 0.5797401879491432, 'bal_acc': 0.6071704314633821, 'avg_odds_diff': 0.5327688864395317, 'disp_imp': 2.581504256000267, 'stat_par_diff': 0.5231380813752949, 'eq_opp_diff': 0.30249994690002335, 'theil_ind': 0.14972822972579, 'TPR': 0.6634304207119741, 'TNR': 0.55091044221479, 'FPR': 0.44908955778521, 'FNR': 0.3365695792880259, 'GTPR': 1.0, 'GTNR': 1.0, 'GFPR': 0.0, 'GFNR': 0.0, 'PPV': 0.33726350425006857, 'NPV': 0.8261354137642798, 'FDR': 0.6627364957499314, 'FOR': 0.17386458623572026, 'ACC': 0.5797401879491432, 'MCC': 0.18714450322810713, 'f1_score': 0.4471914197418652, 'fitness': -0.11535544367191622, 'solution': {'corr_type': 'spearman', 'l2': 0.001, 'dropout': 0.13006665581722593, 'privileged_demotion': 0.23962686747666176, 'privileged_promotion': 0.379993718983741, 'protected_demotion': 0.2955371735515034, 'protected_promotion': 0.8220631534751209}, 'corr': [0.09516396700495222, 0.009981821688332263, 1.0, 0.06347492071424835, 0.04109704156886009, 0.26588526104811544, 0.0025873439500123272, 0.04292865968998173, 0.065998210573249, 0.08260645111461447, 0.1055445131637378, 0.027832272346642956, 0.0030510566673584054, 0.00413818775483743, 0.005320423434259286, 0.0059919964136058, 0.014592963246195445, 0.01644455228132834, 0.02149197211423564, 0.014583484940431705, 0.034805096253359084, 0.009070587829377022, 0.011714945286414173, 0.031631288785333916, 0.022195575343963558, 0.002896806349253043, 0.0017252206327069166, 0.04623399214893745, 0.059211603481235525, 0.2349448391855346, 0.0197860190396814, 0.4344202669455709, 0.03133834090780558, 0.18232271523282986, 0.10345965966453564, 0.17176497878117272, 0.27221176210051345, 0.012848939913179924, 0.2271742749556096, 0.02449665983155396, 0.10321676981344327, 0.09323616245663625, 0.03265247430736573, 0.1688523028255503, 0.09186132040235351, 0.036800282139146774, 0.059878909069858585, 0.017132884011599805, 0.025902238967996618, 0.1332561878469154, 0.5808076783487023, 0.17180615369203775, 0.04957588203959859, 0.10452223789560693, 0.3167011935435912, 0.3225640577475257, 0.005148161615407603, 0.0025263645213903195, 0.11533105027787278, 0.005843638873823742, 0.10100690935836013, 0.009246325871746864, 0.006645419970608643, 0.010379359167426097, 0.0015075338353145466, 0.0070590836693404475, 0.011730416210871956, 0.006400565072258058, 0.005837929342395944, 0.001604761886790091, 0.0019450063756789751, 0.01696963394956161, 0.00873837229595129, 0.007900681540613743, 0.00013968706004713027, 0.008505536561890407, 0.011673635815824243, 0.006818221810680846, 0.010728108703025641, 0.025042058880571857, 0.007043397984914324, 0.0013068778636076627, 0.008761908703005911, 0.025291394151194153, 0.006457038691846156, 0.00168399914209265, 0.03082402052253607, 0.003079016484824717, 0.0017652430061797515, 0.003934693295308597, 0.01043841630010288, 0.005625235577581248, 0.012281917222248433, 0.014939080341755668, 0.003189435216416357, 0.008212693933206384, 0.006192389737246408, 0.002381987318126804, 0.009427746616614812, 0.006279037138428923, 0.002607426311122796, 0.005998850691007238]}, {'overall_acc': 0.8271144278606966, 'bal_acc': 0.7978618047212391, 'avg_odds_diff': 0.06315578044947136, 'disp_imp': 0.5600451850889206, 'stat_par_diff': 0.15180259109535177, 'eq_opp_diff': 0.08309084344002882, 'theil_ind': 0.10328732959181235, 'TPR': 0.7378640776699029, 'TNR': 0.8578595317725752, 'FPR': 0.14214046822742474, 'FNR': 0.2621359223300971, 'GTPR': 1.0, 'GTNR': 1.0, 'GFPR': 0.0, 'GFNR': 0.0, 'PPV': 0.6413502109704642, 'NPV': 0.9047619047619048, 'FDR': 0.35864978902953587, 'FOR': 0.09523809523809523, 'ACC': 0.8271144278606966, 'MCC': 0.5703787169454653, 'f1_score': 0.6862302483069979, 'fitness': 0.48728787350543645, 'solution': {'corr_type': 'spearman', 'l2': 0.0001, 'dropout': 0.13086738448689975, 'privileged_demotion': 0.22515318058218242, 'privileged_promotion': 0.4518805576270789, 'protected_demotion': 0.12258317721521911, 'protected_promotion': 0.8653046900075004}, 'corr': [0.09516396700495222, 0.009981821688332263, 1.0, 0.06347492071424835, 0.04109704156886009, 0.26588526104811544, 0.0025873439500123272, 0.04292865968998173, 0.065998210573249, 0.08260645111461447, 0.1055445131637378, 0.027832272346642956, 0.0030510566673584054, 0.00413818775483743, 0.005320423434259286, 0.0059919964136058, 0.014592963246195445, 0.01644455228132834, 0.02149197211423564, 0.014583484940431705, 0.034805096253359084, 0.009070587829377022, 0.011714945286414173, 0.031631288785333916, 0.022195575343963558, 0.002896806349253043, 0.0017252206327069166, 0.04623399214893745, 0.059211603481235525, 0.2349448391855346, 0.0197860190396814, 0.4344202669455709, 0.03133834090780558, 0.18232271523282986, 0.10345965966453564, 0.17176497878117272, 0.27221176210051345, 0.012848939913179924, 0.2271742749556096, 0.02449665983155396, 0.10321676981344327, 0.09323616245663625, 0.03265247430736573, 0.1688523028255503, 0.09186132040235351, 0.036800282139146774, 0.059878909069858585, 0.017132884011599805, 0.025902238967996618, 0.1332561878469154, 0.5808076783487023, 0.17180615369203775, 0.04957588203959859, 0.10452223789560693, 0.3167011935435912, 0.3225640577475257, 0.005148161615407603, 0.0025263645213903195, 0.11533105027787278, 0.005843638873823742, 0.10100690935836013, 0.009246325871746864, 0.006645419970608643, 0.010379359167426097, 0.0015075338353145466, 0.0070590836693404475, 0.011730416210871956, 0.006400565072258058, 0.005837929342395944, 0.001604761886790091, 0.0019450063756789751, 0.01696963394956161, 0.00873837229595129, 0.007900681540613743, 0.00013968706004713027, 0.008505536561890407, 0.011673635815824243, 0.006818221810680846, 0.010728108703025641, 0.025042058880571857, 0.007043397984914324, 0.0013068778636076627, 0.008761908703005911, 0.025291394151194153, 0.006457038691846156, 0.00168399914209265, 0.03082402052253607, 0.003079016484824717, 0.0017652430061797515, 0.003934693295308597, 0.01043841630010288, 0.005625235577581248, 0.012281917222248433, 0.014939080341755668, 0.003189435216416357, 0.008212693933206384, 0.006192389737246408, 0.002381987318126804, 0.009427746616614812, 0.006279037138428923, 0.002607426311122796, 0.005998850691007238]}, {'overall_acc': 0.5800165837479271, 'bal_acc': 0.607179451100937, 'avg_odds_diff': 0.5325263830809028, 'disp_imp': 2.5850865334589774, 'stat_par_diff': 0.523340553815588, 'eq_opp_diff': 0.30186982717727606, 'theil_ind': 0.1498750037842888, 'TPR': 0.662891046386192, 'TNR': 0.5514678558156819, 'FPR': 0.4485321441843181, 'FNR': 0.337108953613808, 'GTPR': 1.0, 'GTNR': 1.0, 'GFPR': 0.0, 'GFNR': 0.0, 'PPV': 0.33735931924238266, 'NPV': 0.8260506540495408, 'FDR': 0.6626406807576174, 'FOR': 0.17394934595045922, 'ACC': 0.5800165837479271, 'MCC': 0.18715870934502152, 'f1_score': 0.44715299254138624, 'fitness': -0.11471111783225454, 'solution': {'corr_type': 'spearman', 'l2': 0.001, 'dropout': 0.13249484304983677, 'privileged_demotion': 0.21231104565336306, 'privileged_promotion': 0.3239398707430917, 'protected_demotion': 0.29232450284876993, 'protected_promotion': 0.8924926337155477}, 'corr': [0.09516396700495222, 0.009981821688332263, 1.0, 0.06347492071424835, 0.04109704156886009, 0.26588526104811544, 0.0025873439500123272, 0.04292865968998173, 0.065998210573249, 0.08260645111461447, 0.1055445131637378, 0.027832272346642956, 0.0030510566673584054, 0.00413818775483743, 0.005320423434259286, 0.0059919964136058, 0.014592963246195445, 0.01644455228132834, 0.02149197211423564, 0.014583484940431705, 0.034805096253359084, 0.009070587829377022, 0.011714945286414173, 0.031631288785333916, 0.022195575343963558, 0.002896806349253043, 0.0017252206327069166, 0.04623399214893745, 0.059211603481235525, 0.2349448391855346, 0.0197860190396814, 0.4344202669455709, 0.03133834090780558, 0.18232271523282986, 0.10345965966453564, 0.17176497878117272, 0.27221176210051345, 0.012848939913179924, 0.2271742749556096, 0.02449665983155396, 0.10321676981344327, 0.09323616245663625, 0.03265247430736573, 0.1688523028255503, 0.09186132040235351, 0.036800282139146774, 0.059878909069858585, 0.017132884011599805, 0.025902238967996618, 0.1332561878469154, 0.5808076783487023, 0.17180615369203775, 0.04957588203959859, 0.10452223789560693, 0.3167011935435912, 0.3225640577475257, 0.005148161615407603, 0.0025263645213903195, 0.11533105027787278, 0.005843638873823742, 0.10100690935836013, 0.009246325871746864, 0.006645419970608643, 0.010379359167426097, 0.0015075338353145466, 0.0070590836693404475, 0.011730416210871956, 0.006400565072258058, 0.005837929342395944, 0.001604761886790091, 0.0019450063756789751, 0.01696963394956161, 0.00873837229595129, 0.007900681540613743, 0.00013968706004713027, 0.008505536561890407, 0.011673635815824243, 0.006818221810680846, 0.010728108703025641, 0.025042058880571857, 0.007043397984914324, 0.0013068778636076627, 0.008761908703005911, 0.025291394151194153, 0.006457038691846156, 0.00168399914209265, 0.03082402052253607, 0.003079016484824717, 0.0017652430061797515, 0.003934693295308597, 0.01043841630010288, 0.005625235577581248, 0.012281917222248433, 0.014939080341755668, 0.003189435216416357, 0.008212693933206384, 0.006192389737246408, 0.002381987318126804, 0.009427746616614812, 0.006279037138428923, 0.002607426311122796, 0.005998850691007238]}, {'overall_acc': 0.5751796572692095, 'bal_acc': 0.6069332149956885, 'avg_odds_diff': 0.5318325601103158, 'disp_imp': 2.491617597721031, 'stat_par_diff': 0.512204224671974, 'eq_opp_diff': 0.31258186246398056, 'theil_ind': 0.14737210827292282, 'TPR': 0.6720604099244876, 'TNR': 0.5418060200668896, 'FPR': 0.45819397993311034, 'FNR': 0.32793959007551243, 'GTPR': 1.0, 'GTNR': 1.0, 'GFPR': 0.0, 'GFNR': 0.0, 'PPV': 0.33566810344827586, 'NPV': 0.8274687854710556, 'FDR': 0.6643318965517241, 'FOR': 0.17253121452894438, 'ACC': 0.5751796572692095, 'MCC': 0.18678732299885153, 'f1_score': 0.4477182896155228, 'fitness': -0.12579453946512903, 'solution': {'corr_type': 'spearman', 'l2': 0.001, 'dropout': 0.08368913291631877, 'privileged_demotion': 0.22987055109105342, 'privileged_promotion': 0.3503794869452309, 'protected_demotion': 0.29903154551427436, 'protected_promotion': 0.8504330743201151}, 'corr': [0.09516396700495222, 0.009981821688332263, 1.0, 0.06347492071424835, 0.04109704156886009, 0.26588526104811544, 0.0025873439500123272, 0.04292865968998173, 0.065998210573249, 0.08260645111461447, 0.1055445131637378, 0.027832272346642956, 0.0030510566673584054, 0.00413818775483743, 0.005320423434259286, 0.0059919964136058, 0.014592963246195445, 0.01644455228132834, 0.02149197211423564, 0.014583484940431705, 0.034805096253359084, 0.009070587829377022, 0.011714945286414173, 0.031631288785333916, 0.022195575343963558, 0.002896806349253043, 0.0017252206327069166, 0.04623399214893745, 0.059211603481235525, 0.2349448391855346, 0.0197860190396814, 0.4344202669455709, 0.03133834090780558, 0.18232271523282986, 0.10345965966453564, 0.17176497878117272, 0.27221176210051345, 0.012848939913179924, 0.2271742749556096, 0.02449665983155396, 0.10321676981344327, 0.09323616245663625, 0.03265247430736573, 0.1688523028255503, 0.09186132040235351, 0.036800282139146774, 0.059878909069858585, 0.017132884011599805, 0.025902238967996618, 0.1332561878469154, 0.5808076783487023, 0.17180615369203775, 0.04957588203959859, 0.10452223789560693, 0.3167011935435912, 0.3225640577475257, 0.005148161615407603, 0.0025263645213903195, 0.11533105027787278, 0.005843638873823742, 0.10100690935836013, 0.009246325871746864, 0.006645419970608643, 0.010379359167426097, 0.0015075338353145466, 0.0070590836693404475, 0.011730416210871956, 0.006400565072258058, 0.005837929342395944, 0.001604761886790091, 0.0019450063756789751, 0.01696963394956161, 0.00873837229595129, 0.007900681540613743, 0.00013968706004713027, 0.008505536561890407, 0.011673635815824243, 0.006818221810680846, 0.010728108703025641, 0.025042058880571857, 0.007043397984914324, 0.0013068778636076627, 0.008761908703005911, 0.025291394151194153, 0.006457038691846156, 0.00168399914209265, 0.03082402052253607, 0.003079016484824717, 0.0017652430061797515, 0.003934693295308597, 0.01043841630010288, 0.005625235577581248, 0.012281917222248433, 0.014939080341755668, 0.003189435216416357, 0.008212693933206384, 0.006192389737246408, 0.002381987318126804, 0.009427746616614812, 0.006279037138428923, 0.002607426311122796, 0.005998850691007238]}, {'overall_acc': 0.5769762299613046, 'bal_acc': 0.5856892626626692, 'avg_odds_diff': 0.5183897880433816, 'disp_imp': 3.0154333440442227, 'stat_par_diff': 0.5754811738572552, 'eq_opp_diff': 0.2325566576750706, 'theil_ind': 0.1665553535607584, 'TPR': 0.6035598705501618, 'TNR': 0.5678186547751766, 'FPR': 0.4321813452248235, 'FNR': 0.3964401294498382, 'GTPR': 1.0, 'GTNR': 1.0, 'GFPR': 0.0, 'GFNR': 0.0, 'PPV': 0.3248185776487663, 'NPV': 0.8061197573199683, 'FDR': 0.6751814223512337, 'FOR': 0.19388024268003165, 'ACC': 0.5769762299613046, 'MCC': 0.14979992909042691, 'f1_score': 0.4223438384600868, 'fitness': -0.0827567285846437, 'solution': {'corr_type': 'spearman', 'l2': 0.0001, 'dropout': 0.13713626864051703, 'privileged_demotion': 0.1340466725524599, 'privileged_promotion': 0.20335349538619196, 'protected_demotion': 0.4329268065714993, 'protected_promotion': 0.8865860738013542}, 'corr': [0.09516396700495222, 0.009981821688332263, 1.0, 0.06347492071424835, 0.04109704156886009, 0.26588526104811544, 0.0025873439500123272, 0.04292865968998173, 0.065998210573249, 0.08260645111461447, 0.1055445131637378, 0.027832272346642956, 0.0030510566673584054, 0.00413818775483743, 0.005320423434259286, 0.0059919964136058, 0.014592963246195445, 0.01644455228132834, 0.02149197211423564, 0.014583484940431705, 0.034805096253359084, 0.009070587829377022, 0.011714945286414173, 0.031631288785333916, 0.022195575343963558, 0.002896806349253043, 0.0017252206327069166, 0.04623399214893745, 0.059211603481235525, 0.2349448391855346, 0.0197860190396814, 0.4344202669455709, 0.03133834090780558, 0.18232271523282986, 0.10345965966453564, 0.17176497878117272, 0.27221176210051345, 0.012848939913179924, 0.2271742749556096, 0.02449665983155396, 0.10321676981344327, 0.09323616245663625, 0.03265247430736573, 0.1688523028255503, 0.09186132040235351, 0.036800282139146774, 0.059878909069858585, 0.017132884011599805, 0.025902238967996618, 0.1332561878469154, 0.5808076783487023, 0.17180615369203775, 0.04957588203959859, 0.10452223789560693, 0.3167011935435912, 0.3225640577475257, 0.005148161615407603, 0.0025263645213903195, 0.11533105027787278, 0.005843638873823742, 0.10100690935836013, 0.009246325871746864, 0.006645419970608643, 0.010379359167426097, 0.0015075338353145466, 0.0070590836693404475, 0.011730416210871956, 0.006400565072258058, 0.005837929342395944, 0.001604761886790091, 0.0019450063756789751, 0.01696963394956161, 0.00873837229595129, 0.007900681540613743, 0.00013968706004713027, 0.008505536561890407, 0.011673635815824243, 0.006818221810680846, 0.010728108703025641, 0.025042058880571857, 0.007043397984914324, 0.0013068778636076627, 0.008761908703005911, 0.025291394151194153, 0.006457038691846156, 0.00168399914209265, 0.03082402052253607, 0.003079016484824717, 0.0017652430061797515, 0.003934693295308597, 0.01043841630010288, 0.005625235577581248, 0.012281917222248433, 0.014939080341755668, 0.003189435216416357, 0.008212693933206384, 0.006192389737246408, 0.002381987318126804, 0.009427746616614812, 0.006279037138428923, 0.002607426311122796, 0.005998850691007238]}, {'overall_acc': 0.5813985627418463, 'bal_acc': 0.6036888513671967, 'avg_odds_diff': 0.5379019810213501, 'disp_imp': 2.707451674846713, 'stat_par_diff': 0.5401050649153548, 'eq_opp_diff': 0.2948677102582074, 'theil_ind': 0.15361489272405288, 'TPR': 0.6494066882416397, 'TNR': 0.5579710144927537, 'FPR': 0.4420289855072464, 'FNR': 0.3505933117583603, 'GTPR': 1.0, 'GTNR': 1.0, 'GFPR': 0.0, 'GFNR': 0.0, 'PPV': 0.33603125872174155, 'NPV': 0.8220640569395018, 'FDR': 0.6639687412782584, 'FOR': 0.17793594306049823, 'ACC': 0.5813985627418463, 'MCC': 0.18106751054481693, 'f1_score': 0.4428913003494574, 'fitness': -0.11380019971339048, 'solution': {'corr_type': 'spearman', 'l2': 0.0001, 'dropout': 0.13183779004757284, 'privileged_demotion': 0.1328373666612891, 'privileged_promotion': 0.21386442470724476, 'protected_demotion': 0.27548653893398856, 'protected_promotion': 0.8259139367156412}, 'corr': [0.09516396700495222, 0.009981821688332263, 1.0, 0.06347492071424835, 0.04109704156886009, 0.26588526104811544, 0.0025873439500123272, 0.04292865968998173, 0.065998210573249, 0.08260645111461447, 0.1055445131637378, 0.027832272346642956, 0.0030510566673584054, 0.00413818775483743, 0.005320423434259286, 0.0059919964136058, 0.014592963246195445, 0.01644455228132834, 0.02149197211423564, 0.014583484940431705, 0.034805096253359084, 0.009070587829377022, 0.011714945286414173, 0.031631288785333916, 0.022195575343963558, 0.002896806349253043, 0.0017252206327069166, 0.04623399214893745, 0.059211603481235525, 0.2349448391855346, 0.0197860190396814, 0.4344202669455709, 0.03133834090780558, 0.18232271523282986, 0.10345965966453564, 0.17176497878117272, 0.27221176210051345, 0.012848939913179924, 0.2271742749556096, 0.02449665983155396, 0.10321676981344327, 0.09323616245663625, 0.03265247430736573, 0.1688523028255503, 0.09186132040235351, 0.036800282139146774, 0.059878909069858585, 0.017132884011599805, 0.025902238967996618, 0.1332561878469154, 0.5808076783487023, 0.17180615369203775, 0.04957588203959859, 0.10452223789560693, 0.3167011935435912, 0.3225640577475257, 0.005148161615407603, 0.0025263645213903195, 0.11533105027787278, 0.005843638873823742, 0.10100690935836013, 0.009246325871746864, 0.006645419970608643, 0.010379359167426097, 0.0015075338353145466, 0.0070590836693404475, 0.011730416210871956, 0.006400565072258058, 0.005837929342395944, 0.001604761886790091, 0.0019450063756789751, 0.01696963394956161, 0.00873837229595129, 0.007900681540613743, 0.00013968706004713027, 0.008505536561890407, 0.011673635815824243, 0.006818221810680846, 0.010728108703025641, 0.025042058880571857, 0.007043397984914324, 0.0013068778636076627, 0.008761908703005911, 0.025291394151194153, 0.006457038691846156, 0.00168399914209265, 0.03082402052253607, 0.003079016484824717, 0.0017652430061797515, 0.003934693295308597, 0.01043841630010288, 0.005625235577581248, 0.012281917222248433, 0.014939080341755668, 0.003189435216416357, 0.008212693933206384, 0.006192389737246408, 0.002381987318126804, 0.009427746616614812, 0.006279037138428923, 0.002607426311122796, 0.005998850691007238]}, {'overall_acc': 0.8405196241017137, 'bal_acc': 0.7762895375812218, 'avg_odds_diff': 0.15731381582079906, 'disp_imp': 0.2634826159541264, 'stat_par_diff': 0.22749865478276465, 'eq_opp_diff': 0.21918962355656568, 'theil_ind': 0.11995800644464434, 'TPR': 0.6445523193096009, 'TNR': 0.9080267558528428, 'FPR': 0.09197324414715718, 'FNR': 0.3554476806903991, 'GTPR': 1.0, 'GTNR': 1.0, 'GFPR': 0.0, 'GFNR': 0.0, 'PPV': 0.7071005917159763, 'NPV': 0.8811756220699604, 'FDR': 0.29289940828402367, 'FOR': 0.11882437793003967, 'ACC': 0.8405196241017137, 'MCC': 0.5701483369737185, 'f1_score': 0.6743792325056432, 'fitness': 0.3509587134171528, 'solution': {'corr_type': 'spearman', 'l2': 0.001, 'dropout': 0.16986840791261126, 'privileged_demotion': 0.1331282716890454, 'privileged_promotion': 0.20335026659110456, 'protected_demotion': 0.4461201628774031, 'protected_promotion': 0.5641017190073834}, 'corr': [0.09516396700495222, 0.009981821688332263, 1.0, 0.06347492071424835, 0.04109704156886009, 0.26588526104811544, 0.0025873439500123272, 0.04292865968998173, 0.065998210573249, 0.08260645111461447, 0.1055445131637378, 0.027832272346642956, 0.0030510566673584054, 0.00413818775483743, 0.005320423434259286, 0.0059919964136058, 0.014592963246195445, 0.01644455228132834, 0.02149197211423564, 0.014583484940431705, 0.034805096253359084, 0.009070587829377022, 0.011714945286414173, 0.031631288785333916, 0.022195575343963558, 0.002896806349253043, 0.0017252206327069166, 0.04623399214893745, 0.059211603481235525, 0.2349448391855346, 0.0197860190396814, 0.4344202669455709, 0.03133834090780558, 0.18232271523282986, 0.10345965966453564, 0.17176497878117272, 0.27221176210051345, 0.012848939913179924, 0.2271742749556096, 0.02449665983155396, 0.10321676981344327, 0.09323616245663625, 0.03265247430736573, 0.1688523028255503, 0.09186132040235351, 0.036800282139146774, 0.059878909069858585, 0.017132884011599805, 0.025902238967996618, 0.1332561878469154, 0.5808076783487023, 0.17180615369203775, 0.04957588203959859, 0.10452223789560693, 0.3167011935435912, 0.3225640577475257, 0.005148161615407603, 0.0025263645213903195, 0.11533105027787278, 0.005843638873823742, 0.10100690935836013, 0.009246325871746864, 0.006645419970608643, 0.010379359167426097, 0.0015075338353145466, 0.0070590836693404475, 0.011730416210871956, 0.006400565072258058, 0.005837929342395944, 0.001604761886790091, 0.0019450063756789751, 0.01696963394956161, 0.00873837229595129, 0.007900681540613743, 0.00013968706004713027, 0.008505536561890407, 0.011673635815824243, 0.006818221810680846, 0.010728108703025641, 0.025042058880571857, 0.007043397984914324, 0.0013068778636076627, 0.008761908703005911, 0.025291394151194153, 0.006457038691846156, 0.00168399914209265, 0.03082402052253607, 0.003079016484824717, 0.0017652430061797515, 0.003934693295308597, 0.01043841630010288, 0.005625235577581248, 0.012281917222248433, 0.014939080341755668, 0.003189435216416357, 0.008212693933206384, 0.006192389737246408, 0.002381987318126804, 0.009427746616614812, 0.006279037138428923, 0.002607426311122796, 0.005998850691007238]}, {'overall_acc': 0.5700663349917081, 'bal_acc': 0.6057940347725067, 'avg_odds_diff': 0.5213592936863145, 'disp_imp': 2.6582647971568156, 'stat_par_diff': 0.5584652106127292, 'eq_opp_diff': 0.24639097158797257, 'theil_ind': 0.1454516256339082, 'TPR': 0.6790722761596548, 'TNR': 0.5325157933853586, 'FPR': 0.4674842066146414, 'FNR': 0.3209277238403452, 'GTPR': 1.0, 'GTNR': 1.0, 'GFPR': 0.0, 'GFNR': 0.0, 'PPV': 0.33350993377483446, 'NPV': 0.8280843686795724, 'FDR': 0.6664900662251656, 'FOR': 0.17191563132042761, 'ACC': 0.5700663349917081, 'MCC': 0.1849092385626012, 'f1_score': 0.4473263457097176, 'fitness': -0.06148173302537138, 'solution': {'corr_type': 'spearman', 'l2': 0.001, 'dropout': 0.17184879217711238, 'privileged_demotion': 0.12585690728119248, 'privileged_promotion': 0.21520704320776934, 'protected_demotion': 0.4788275690243439, 'protected_promotion': 0.7434367397494137}, 'corr': [0.09516396700495222, 0.009981821688332263, 1.0, 0.06347492071424835, 0.04109704156886009, 0.26588526104811544, 0.0025873439500123272, 0.04292865968998173, 0.065998210573249, 0.08260645111461447, 0.1055445131637378, 0.027832272346642956, 0.0030510566673584054, 0.00413818775483743, 0.005320423434259286, 0.0059919964136058, 0.014592963246195445, 0.01644455228132834, 0.02149197211423564, 0.014583484940431705, 0.034805096253359084, 0.009070587829377022, 0.011714945286414173, 0.031631288785333916, 0.022195575343963558, 0.002896806349253043, 0.0017252206327069166, 0.04623399214893745, 0.059211603481235525, 0.2349448391855346, 0.0197860190396814, 0.4344202669455709, 0.03133834090780558, 0.18232271523282986, 0.10345965966453564, 0.17176497878117272, 0.27221176210051345, 0.012848939913179924, 0.2271742749556096, 0.02449665983155396, 0.10321676981344327, 0.09323616245663625, 0.03265247430736573, 0.1688523028255503, 0.09186132040235351, 0.036800282139146774, 0.059878909069858585, 0.017132884011599805, 0.025902238967996618, 0.1332561878469154, 0.5808076783487023, 0.17180615369203775, 0.04957588203959859, 0.10452223789560693, 0.3167011935435912, 0.3225640577475257, 0.005148161615407603, 0.0025263645213903195, 0.11533105027787278, 0.005843638873823742, 0.10100690935836013, 0.009246325871746864, 0.006645419970608643, 0.010379359167426097, 0.0015075338353145466, 0.0070590836693404475, 0.011730416210871956, 0.006400565072258058, 0.005837929342395944, 0.001604761886790091, 0.0019450063756789751, 0.01696963394956161, 0.00873837229595129, 0.007900681540613743, 0.00013968706004713027, 0.008505536561890407, 0.011673635815824243, 0.006818221810680846, 0.010728108703025641, 0.025042058880571857, 0.007043397984914324, 0.0013068778636076627, 0.008761908703005911, 0.025291394151194153, 0.006457038691846156, 0.00168399914209265, 0.03082402052253607, 0.003079016484824717, 0.0017652430061797515, 0.003934693295308597, 0.01043841630010288, 0.005625235577581248, 0.012281917222248433, 0.014939080341755668, 0.003189435216416357, 0.008212693933206384, 0.006192389737246408, 0.002381987318126804, 0.009427746616614812, 0.006279037138428923, 0.002607426311122796, 0.005998850691007238]}, {'overall_acc': 0.5699281370923162, 'bal_acc': 0.6009279403116465, 'avg_odds_diff': 0.5203036951093525, 'disp_imp': 2.714578874110083, 'stat_par_diff': 0.5625519115881842, 'eq_opp_diff': 0.24250405329821656, 'theil_ind': 0.1495147252093248, 'TPR': 0.6645091693635383, 'TNR': 0.5373467112597548, 'FPR': 0.46265328874024525, 'FNR': 0.3354908306364617, 'GTPR': 1.0, 'GTNR': 1.0, 'GFPR': 0.0, 'GFNR': 0.0, 'PPV': 0.3310048361096185, 'NPV': 0.8229937393284007, 'FDR': 0.6689951638903815, 'FOR': 0.17700626067159933, 'ACC': 0.5699281370923162, 'MCC': 0.17631085632987548, 'f1_score': 0.4418938307030129, 'fitness': -0.06619319696834108, 'solution': {'corr_type': 'spearman', 'l2': 0.001, 'dropout': 0.11946375973558154, 'privileged_demotion': 0.14023057238010253, 'privileged_promotion': 0.23432801861977182, 'protected_demotion': 0.4687064652772611, 'protected_promotion': 0.7498150769965375}, 'corr': [0.09516396700495222, 0.009981821688332263, 1.0, 0.06347492071424835, 0.04109704156886009, 0.26588526104811544, 0.0025873439500123272, 0.04292865968998173, 0.065998210573249, 0.08260645111461447, 0.1055445131637378, 0.027832272346642956, 0.0030510566673584054, 0.00413818775483743, 0.005320423434259286, 0.0059919964136058, 0.014592963246195445, 0.01644455228132834, 0.02149197211423564, 0.014583484940431705, 0.034805096253359084, 0.009070587829377022, 0.011714945286414173, 0.031631288785333916, 0.022195575343963558, 0.002896806349253043, 0.0017252206327069166, 0.04623399214893745, 0.059211603481235525, 0.2349448391855346, 0.0197860190396814, 0.4344202669455709, 0.03133834090780558, 0.18232271523282986, 0.10345965966453564, 0.17176497878117272, 0.27221176210051345, 0.012848939913179924, 0.2271742749556096, 0.02449665983155396, 0.10321676981344327, 0.09323616245663625, 0.03265247430736573, 0.1688523028255503, 0.09186132040235351, 0.036800282139146774, 0.059878909069858585, 0.017132884011599805, 0.025902238967996618, 0.1332561878469154, 0.5808076783487023, 0.17180615369203775, 0.04957588203959859, 0.10452223789560693, 0.3167011935435912, 0.3225640577475257, 0.005148161615407603, 0.0025263645213903195, 0.11533105027787278, 0.005843638873823742, 0.10100690935836013, 0.009246325871746864, 0.006645419970608643, 0.010379359167426097, 0.0015075338353145466, 0.0070590836693404475, 0.011730416210871956, 0.006400565072258058, 0.005837929342395944, 0.001604761886790091, 0.0019450063756789751, 0.01696963394956161, 0.00873837229595129, 0.007900681540613743, 0.00013968706004713027, 0.008505536561890407, 0.011673635815824243, 0.006818221810680846, 0.010728108703025641, 0.025042058880571857, 0.007043397984914324, 0.0013068778636076627, 0.008761908703005911, 0.025291394151194153, 0.006457038691846156, 0.00168399914209265, 0.03082402052253607, 0.003079016484824717, 0.0017652430061797515, 0.003934693295308597, 0.01043841630010288, 0.005625235577581248, 0.012281917222248433, 0.014939080341755668, 0.003189435216416357, 0.008212693933206384, 0.006192389737246408, 0.002381987318126804, 0.009427746616614812, 0.006279037138428923, 0.002607426311122796, 0.005998850691007238]}, {'overall_acc': 0.8383084577114428, 'bal_acc': 0.7583621059771335, 'avg_odds_diff': 0.09645639778309509, 'disp_imp': 0.5886758304339007, 'stat_par_diff': 0.1000265594172105, 'eq_opp_diff': 0.1763202424190934, 'theil_ind': 0.1312143180742921, 'TPR': 0.5943905070118662, 'TNR': 0.9223337049424006, 'FPR': 0.07766629505759941, 'FNR': 0.40560949298813376, 'GTPR': 1.0, 'GTNR': 1.0, 'GFPR': 0.0, 'GFNR': 0.0, 'PPV': 0.725, 'NPV': 0.8684394681595521, 'FDR': 0.275, 'FOR': 0.13156053184044786, 'ACC': 0.8383084577114428, 'MCC': 0.5537549471808841, 'f1_score': 0.6532305868405455, 'fitness': 0.37743470476179075, 'solution': {'corr_type': 'spearman', 'l2': 0.001, 'dropout': 0.05651876507430198, 'privileged_demotion': 0.4112671698352983, 'privileged_promotion': 0.3534721085548979, 'protected_demotion': 0.14117847528726138, 'protected_promotion': 0.7380429634728167}, 'corr': [0.09516396700495222, 0.009981821688332263, 1.0, 0.06347492071424835, 0.04109704156886009, 0.26588526104811544, 0.0025873439500123272, 0.04292865968998173, 0.065998210573249, 0.08260645111461447, 0.1055445131637378, 0.027832272346642956, 0.0030510566673584054, 0.00413818775483743, 0.005320423434259286, 0.0059919964136058, 0.014592963246195445, 0.01644455228132834, 0.02149197211423564, 0.014583484940431705, 0.034805096253359084, 0.009070587829377022, 0.011714945286414173, 0.031631288785333916, 0.022195575343963558, 0.002896806349253043, 0.0017252206327069166, 0.04623399214893745, 0.059211603481235525, 0.2349448391855346, 0.0197860190396814, 0.4344202669455709, 0.03133834090780558, 0.18232271523282986, 0.10345965966453564, 0.17176497878117272, 0.27221176210051345, 0.012848939913179924, 0.2271742749556096, 0.02449665983155396, 0.10321676981344327, 0.09323616245663625, 0.03265247430736573, 0.1688523028255503, 0.09186132040235351, 0.036800282139146774, 0.059878909069858585, 0.017132884011599805, 0.025902238967996618, 0.1332561878469154, 0.5808076783487023, 0.17180615369203775, 0.04957588203959859, 0.10452223789560693, 0.3167011935435912, 0.3225640577475257, 0.005148161615407603, 0.0025263645213903195, 0.11533105027787278, 0.005843638873823742, 0.10100690935836013, 0.009246325871746864, 0.006645419970608643, 0.010379359167426097, 0.0015075338353145466, 0.0070590836693404475, 0.011730416210871956, 0.006400565072258058, 0.005837929342395944, 0.001604761886790091, 0.0019450063756789751, 0.01696963394956161, 0.00873837229595129, 0.007900681540613743, 0.00013968706004713027, 0.008505536561890407, 0.011673635815824243, 0.006818221810680846, 0.010728108703025641, 0.025042058880571857, 0.007043397984914324, 0.0013068778636076627, 0.008761908703005911, 0.025291394151194153, 0.006457038691846156, 0.00168399914209265, 0.03082402052253607, 0.003079016484824717, 0.0017652430061797515, 0.003934693295308597, 0.01043841630010288, 0.005625235577581248, 0.012281917222248433, 0.014939080341755668, 0.003189435216416357, 0.008212693933206384, 0.006192389737246408, 0.002381987318126804, 0.009427746616614812, 0.006279037138428923, 0.002607426311122796, 0.005998850691007238]}, {'overall_acc': 0.5813985627418463, 'bal_acc': 0.5702765060088826, 'avg_odds_diff': 0.4909850909379736, 'disp_imp': 3.4572991082147624, 'stat_par_diff': 0.6001089970888118, 'eq_opp_diff': 0.16702420650934913, 'theil_ind': 0.1823750518613991, 'TPR': 0.5474649406688241, 'TNR': 0.5930880713489409, 'FPR': 0.4069119286510591, 'FNR': 0.4525350593311758, 'GTPR': 1.0, 'GTNR': 1.0, 'GFPR': 0.0, 'GFNR': 0.0, 'PPV': 0.3166926677067083, 'NPV': 0.7918630612751179, 'FDR': 0.6833073322932918, 'FOR': 0.20813693872488218, 'ACC': 0.5813985627418463, 'MCC': 0.1235226079719006, 'f1_score': 0.401265072148646, 'fitness': -0.04350159853744853, 'solution': {'corr_type': 'spearman', 'l2': 0.001, 'dropout': 0.050110434344093874, 'privileged_demotion': 0.40620304317797556, 'privileged_promotion': 0.3694364536742953, 'protected_demotion': 0.3425784858420259, 'protected_promotion': 0.744603284136004}, 'corr': [0.09516396700495222, 0.009981821688332263, 1.0, 0.06347492071424835, 0.04109704156886009, 0.26588526104811544, 0.0025873439500123272, 0.04292865968998173, 0.065998210573249, 0.08260645111461447, 0.1055445131637378, 0.027832272346642956, 0.0030510566673584054, 0.00413818775483743, 0.005320423434259286, 0.0059919964136058, 0.014592963246195445, 0.01644455228132834, 0.02149197211423564, 0.014583484940431705, 0.034805096253359084, 0.009070587829377022, 0.011714945286414173, 0.031631288785333916, 0.022195575343963558, 0.002896806349253043, 0.0017252206327069166, 0.04623399214893745, 0.059211603481235525, 0.2349448391855346, 0.0197860190396814, 0.4344202669455709, 0.03133834090780558, 0.18232271523282986, 0.10345965966453564, 0.17176497878117272, 0.27221176210051345, 0.012848939913179924, 0.2271742749556096, 0.02449665983155396, 0.10321676981344327, 0.09323616245663625, 0.03265247430736573, 0.1688523028255503, 0.09186132040235351, 0.036800282139146774, 0.059878909069858585, 0.017132884011599805, 0.025902238967996618, 0.1332561878469154, 0.5808076783487023, 0.17180615369203775, 0.04957588203959859, 0.10452223789560693, 0.3167011935435912, 0.3225640577475257, 0.005148161615407603, 0.0025263645213903195, 0.11533105027787278, 0.005843638873823742, 0.10100690935836013, 0.009246325871746864, 0.006645419970608643, 0.010379359167426097, 0.0015075338353145466, 0.0070590836693404475, 0.011730416210871956, 0.006400565072258058, 0.005837929342395944, 0.001604761886790091, 0.0019450063756789751, 0.01696963394956161, 0.00873837229595129, 0.007900681540613743, 0.00013968706004713027, 0.008505536561890407, 0.011673635815824243, 0.006818221810680846, 0.010728108703025641, 0.025042058880571857, 0.007043397984914324, 0.0013068778636076627, 0.008761908703005911, 0.025291394151194153, 0.006457038691846156, 0.00168399914209265, 0.03082402052253607, 0.003079016484824717, 0.0017652430061797515, 0.003934693295308597, 0.01043841630010288, 0.005625235577581248, 0.012281917222248433, 0.014939080341755668, 0.003189435216416357, 0.008212693933206384, 0.006192389737246408, 0.002381987318126804, 0.009427746616614812, 0.006279037138428923, 0.002607426311122796, 0.005998850691007238]}, {'overall_acc': 0.8380320619126589, 'bal_acc': 0.7663084066629866, 'avg_odds_diff': 0.1044695634019224, 'disp_imp': 0.6156447757850257, 'stat_par_diff': 0.09823293643676098, 'eq_opp_diff': 0.19546455399559626, 'theil_ind': 0.12607037233808077, 'TPR': 0.6192017259978425, 'TNR': 0.9134150873281308, 'FPR': 0.0865849126718692, 'FNR': 0.3807982740021575, 'GTPR': 1.0, 'GTNR': 1.0, 'GFPR': 0.0, 'GFNR': 0.0, 'PPV': 0.711276332094176, 'NPV': 0.8744219139096407, 'FDR': 0.28872366790582404, 'FOR': 0.1255780860903593, 'ACC': 0.8380320619126589, 'MCC': 0.5585272897156994, 'f1_score': 0.6620530565167243, 'fitness': 0.36306273572010317, 'solution': {'corr_type': 'spearman', 'l2': 0.001, 'dropout': 0.17433426250483877, 'privileged_demotion': 0.41825326890411485, 'privileged_promotion': 0.30912683309346095, 'protected_demotion': 0.13439183419008227, 'protected_promotion': 0.7593127158776608}, 'corr': [0.09516396700495222, 0.009981821688332263, 1.0, 0.06347492071424835, 0.04109704156886009, 0.26588526104811544, 0.0025873439500123272, 0.04292865968998173, 0.065998210573249, 0.08260645111461447, 0.1055445131637378, 0.027832272346642956, 0.0030510566673584054, 0.00413818775483743, 0.005320423434259286, 0.0059919964136058, 0.014592963246195445, 0.01644455228132834, 0.02149197211423564, 0.014583484940431705, 0.034805096253359084, 0.009070587829377022, 0.011714945286414173, 0.031631288785333916, 0.022195575343963558, 0.002896806349253043, 0.0017252206327069166, 0.04623399214893745, 0.059211603481235525, 0.2349448391855346, 0.0197860190396814, 0.4344202669455709, 0.03133834090780558, 0.18232271523282986, 0.10345965966453564, 0.17176497878117272, 0.27221176210051345, 0.012848939913179924, 0.2271742749556096, 0.02449665983155396, 0.10321676981344327, 0.09323616245663625, 0.03265247430736573, 0.1688523028255503, 0.09186132040235351, 0.036800282139146774, 0.059878909069858585, 0.017132884011599805, 0.025902238967996618, 0.1332561878469154, 0.5808076783487023, 0.17180615369203775, 0.04957588203959859, 0.10452223789560693, 0.3167011935435912, 0.3225640577475257, 0.005148161615407603, 0.0025263645213903195, 0.11533105027787278, 0.005843638873823742, 0.10100690935836013, 0.009246325871746864, 0.006645419970608643, 0.010379359167426097, 0.0015075338353145466, 0.0070590836693404475, 0.011730416210871956, 0.006400565072258058, 0.005837929342395944, 0.001604761886790091, 0.0019450063756789751, 0.01696963394956161, 0.00873837229595129, 0.007900681540613743, 0.00013968706004713027, 0.008505536561890407, 0.011673635815824243, 0.006818221810680846, 0.010728108703025641, 0.025042058880571857, 0.007043397984914324, 0.0013068778636076627, 0.008761908703005911, 0.025291394151194153, 0.006457038691846156, 0.00168399914209265, 0.03082402052253607, 0.003079016484824717, 0.0017652430061797515, 0.003934693295308597, 0.01043841630010288, 0.005625235577581248, 0.012281917222248433, 0.014939080341755668, 0.003189435216416357, 0.008212693933206384, 0.006192389737246408, 0.002381987318126804, 0.009427746616614812, 0.006279037138428923, 0.002607426311122796, 0.005998850691007238]}, {'overall_acc': 0.82808181315644, 'bal_acc': 0.8094727841456419, 'avg_odds_diff': 0.05866454336278583, 'disp_imp': 0.4275030273935288, 'stat_par_diff': 0.21965431366326799, 'eq_opp_diff': 0.009019916031236974, 'theil_ind': 0.0956653545765693, 'TPR': 0.7713052858683926, 'TNR': 0.8476402824228911, 'FPR': 0.1523597175771089, 'FNR': 0.22869471413160733, 'GTPR': 1.0, 'GTNR': 1.0, 'GFPR': 0.0, 'GFNR': 0.0, 'PPV': 0.6355555555555555, 'NPV': 0.9149618933012434, 'FDR': 0.36444444444444446, 'FOR': 0.08503810669875651, 'ACC': 0.82808181315644, 'MCC': 0.5837296765086893, 'f1_score': 0.6968810916179337, 'fitness': 0.5747097604774524, 'solution': {'corr_type': 'spearman', 'l2': 0.001, 'dropout': 0.19146620030010444, 'privileged_demotion': 0.05952392351182817, 'privileged_promotion': 0.3196984167732356, 'protected_demotion': 0.05252564723700353, 'protected_promotion': 0.6519849162824783}, 'corr': [0.09516396700495222, 0.009981821688332263, 1.0, 0.06347492071424835, 0.04109704156886009, 0.26588526104811544, 0.0025873439500123272, 0.04292865968998173, 0.065998210573249, 0.08260645111461447, 0.1055445131637378, 0.027832272346642956, 0.0030510566673584054, 0.00413818775483743, 0.005320423434259286, 0.0059919964136058, 0.014592963246195445, 0.01644455228132834, 0.02149197211423564, 0.014583484940431705, 0.034805096253359084, 0.009070587829377022, 0.011714945286414173, 0.031631288785333916, 0.022195575343963558, 0.002896806349253043, 0.0017252206327069166, 0.04623399214893745, 0.059211603481235525, 0.2349448391855346, 0.0197860190396814, 0.4344202669455709, 0.03133834090780558, 0.18232271523282986, 0.10345965966453564, 0.17176497878117272, 0.27221176210051345, 0.012848939913179924, 0.2271742749556096, 0.02449665983155396, 0.10321676981344327, 0.09323616245663625, 0.03265247430736573, 0.1688523028255503, 0.09186132040235351, 0.036800282139146774, 0.059878909069858585, 0.017132884011599805, 0.025902238967996618, 0.1332561878469154, 0.5808076783487023, 0.17180615369203775, 0.04957588203959859, 0.10452223789560693, 0.3167011935435912, 0.3225640577475257, 0.005148161615407603, 0.0025263645213903195, 0.11533105027787278, 0.005843638873823742, 0.10100690935836013, 0.009246325871746864, 0.006645419970608643, 0.010379359167426097, 0.0015075338353145466, 0.0070590836693404475, 0.011730416210871956, 0.006400565072258058, 0.005837929342395944, 0.001604761886790091, 0.0019450063756789751, 0.01696963394956161, 0.00873837229595129, 0.007900681540613743, 0.00013968706004713027, 0.008505536561890407, 0.011673635815824243, 0.006818221810680846, 0.010728108703025641, 0.025042058880571857, 0.007043397984914324, 0.0013068778636076627, 0.008761908703005911, 0.025291394151194153, 0.006457038691846156, 0.00168399914209265, 0.03082402052253607, 0.003079016484824717, 0.0017652430061797515, 0.003934693295308597, 0.01043841630010288, 0.005625235577581248, 0.012281917222248433, 0.014939080341755668, 0.003189435216416357, 0.008212693933206384, 0.006192389737246408, 0.002381987318126804, 0.009427746616614812, 0.006279037138428923, 0.002607426311122796, 0.005998850691007238]}, {'overall_acc': 0.8414870093974571, 'bal_acc': 0.7985076107701689, 'avg_odds_diff': 0.06289242379398421, 'disp_imp': 0.41894176174995085, 'stat_par_diff': 0.1916051545965038, 'eq_opp_diff': 0.04084450202841916, 'theil_ind': 0.10566049583464805, 'TPR': 0.7103559870550162, 'TNR': 0.8866592344853215, 'FPR': 0.11334076551467856, 'FNR': 0.2896440129449838, 'GTPR': 1.0, 'GTNR': 1.0, 'GFPR': 0.0, 'GFNR': 0.0, 'PPV': 0.683445770627919, 'NPV': 0.898851007722735, 'FDR': 0.31655422937208094, 'FOR': 0.10114899227726502, 'ACC': 0.8414870093974571, 'MCC': 0.5896100746503918, 'f1_score': 0.6966411002380322, 'fitness': 0.5487655726219727, 'solution': {'corr_type': 'spearman', 'l2': 0.001, 'dropout': 0.09906551313678354, 'privileged_demotion': 0.2697988116085548, 'privileged_promotion': 0.36807182200006316, 'protected_demotion': 0.1906998626638663, 'protected_promotion': 0.6398819353835485}, 'corr': [0.09516396700495222, 0.009981821688332263, 1.0, 0.06347492071424835, 0.04109704156886009, 0.26588526104811544, 0.0025873439500123272, 0.04292865968998173, 0.065998210573249, 0.08260645111461447, 0.1055445131637378, 0.027832272346642956, 0.0030510566673584054, 0.00413818775483743, 0.005320423434259286, 0.0059919964136058, 0.014592963246195445, 0.01644455228132834, 0.02149197211423564, 0.014583484940431705, 0.034805096253359084, 0.009070587829377022, 0.011714945286414173, 0.031631288785333916, 0.022195575343963558, 0.002896806349253043, 0.0017252206327069166, 0.04623399214893745, 0.059211603481235525, 0.2349448391855346, 0.0197860190396814, 0.4344202669455709, 0.03133834090780558, 0.18232271523282986, 0.10345965966453564, 0.17176497878117272, 0.27221176210051345, 0.012848939913179924, 0.2271742749556096, 0.02449665983155396, 0.10321676981344327, 0.09323616245663625, 0.03265247430736573, 0.1688523028255503, 0.09186132040235351, 0.036800282139146774, 0.059878909069858585, 0.017132884011599805, 0.025902238967996618, 0.1332561878469154, 0.5808076783487023, 0.17180615369203775, 0.04957588203959859, 0.10452223789560693, 0.3167011935435912, 0.3225640577475257, 0.005148161615407603, 0.0025263645213903195, 0.11533105027787278, 0.005843638873823742, 0.10100690935836013, 0.009246325871746864, 0.006645419970608643, 0.010379359167426097, 0.0015075338353145466, 0.0070590836693404475, 0.011730416210871956, 0.006400565072258058, 0.005837929342395944, 0.001604761886790091, 0.0019450063756789751, 0.01696963394956161, 0.00873837229595129, 0.007900681540613743, 0.00013968706004713027, 0.008505536561890407, 0.011673635815824243, 0.006818221810680846, 0.010728108703025641, 0.025042058880571857, 0.007043397984914324, 0.0013068778636076627, 0.008761908703005911, 0.025291394151194153, 0.006457038691846156, 0.00168399914209265, 0.03082402052253607, 0.003079016484824717, 0.0017652430061797515, 0.003934693295308597, 0.01043841630010288, 0.005625235577581248, 0.012281917222248433, 0.014939080341755668, 0.003189435216416357, 0.008212693933206384, 0.006192389737246408, 0.002381987318126804, 0.009427746616614812, 0.006279037138428923, 0.002607426311122796, 0.005998850691007238]}, {'overall_acc': 0.5652294085129906, 'bal_acc': 0.5631194236090817, 'avg_odds_diff': 0.46307007105975434, 'disp_imp': 3.724169756017708, 'stat_par_diff': 0.6658456242497828, 'eq_opp_diff': 0.053369016517632706, 'theil_ind': 0.17947431814249193, 'TPR': 0.5587918015102481, 'TNR': 0.5674470457079153, 'FPR': 0.43255295429208473, 'FNR': 0.4412081984897519, 'GTPR': 1.0, 'GTNR': 1.0, 'GFPR': 0.0, 'GFNR': 0.0, 'PPV': 0.3079667063020214, 'NPV': 0.7887396694214877, 'FDR': 0.6920332936979786, 'FOR': 0.2112603305785124, 'ACC': 0.5652294085129906, 'MCC': 0.11049027735498884, 'f1_score': 0.3970870065159065, 'fitness': 0.057121260837356136, 'solution': {'corr_type': 'spearman', 'l2': 0.001, 'dropout': 0.05519198347339222, 'privileged_demotion': 0.42187353829207, 'privileged_promotion': 0.38766391998263594, 'protected_demotion': 0.5661084108564901, 'protected_promotion': 0.7253408245589806}, 'corr': [0.09516396700495222, 0.009981821688332263, 1.0, 0.06347492071424835, 0.04109704156886009, 0.26588526104811544, 0.0025873439500123272, 0.04292865968998173, 0.065998210573249, 0.08260645111461447, 0.1055445131637378, 0.027832272346642956, 0.0030510566673584054, 0.00413818775483743, 0.005320423434259286, 0.0059919964136058, 0.014592963246195445, 0.01644455228132834, 0.02149197211423564, 0.014583484940431705, 0.034805096253359084, 0.009070587829377022, 0.011714945286414173, 0.031631288785333916, 0.022195575343963558, 0.002896806349253043, 0.0017252206327069166, 0.04623399214893745, 0.059211603481235525, 0.2349448391855346, 0.0197860190396814, 0.4344202669455709, 0.03133834090780558, 0.18232271523282986, 0.10345965966453564, 0.17176497878117272, 0.27221176210051345, 0.012848939913179924, 0.2271742749556096, 0.02449665983155396, 0.10321676981344327, 0.09323616245663625, 0.03265247430736573, 0.1688523028255503, 0.09186132040235351, 0.036800282139146774, 0.059878909069858585, 0.017132884011599805, 0.025902238967996618, 0.1332561878469154, 0.5808076783487023, 0.17180615369203775, 0.04957588203959859, 0.10452223789560693, 0.3167011935435912, 0.3225640577475257, 0.005148161615407603, 0.0025263645213903195, 0.11533105027787278, 0.005843638873823742, 0.10100690935836013, 0.009246325871746864, 0.006645419970608643, 0.010379359167426097, 0.0015075338353145466, 0.0070590836693404475, 0.011730416210871956, 0.006400565072258058, 0.005837929342395944, 0.001604761886790091, 0.0019450063756789751, 0.01696963394956161, 0.00873837229595129, 0.007900681540613743, 0.00013968706004713027, 0.008505536561890407, 0.011673635815824243, 0.006818221810680846, 0.010728108703025641, 0.025042058880571857, 0.007043397984914324, 0.0013068778636076627, 0.008761908703005911, 0.025291394151194153, 0.006457038691846156, 0.00168399914209265, 0.03082402052253607, 0.003079016484824717, 0.0017652430061797515, 0.003934693295308597, 0.01043841630010288, 0.005625235577581248, 0.012281917222248433, 0.014939080341755668, 0.003189435216416357, 0.008212693933206384, 0.006192389737246408, 0.002381987318126804, 0.009427746616614812, 0.006279037138428923, 0.002607426311122796, 0.005998850691007238]}, {'overall_acc': 0.8318131564400221, 'bal_acc': 0.8123347151418068, 'avg_odds_diff': 0.09935153563614213, 'disp_imp': 0.3352620860247008, 'stat_par_diff': 0.2623242594406656, 'eq_opp_diff': 0.04912101838675187, 'theil_ind': 0.09457897318401896, 'TPR': 0.7723840345199569, 'TNR': 0.8522853957636566, 'FPR': 0.14771460423634336, 'FNR': 0.22761596548004315, 'GTPR': 1.0, 'GTNR': 1.0, 'GFPR': 0.0, 'GFNR': 0.0, 'PPV': 0.6430175123484508, 'NPV': 0.9157516470353364, 'FDR': 0.35698248765154916, 'FOR': 0.08424835296466361, 'ACC': 0.8318131564400221, 'MCC': 0.5908011615191053, 'f1_score': 0.7017887772604755, 'fitness': 0.5416801431323535, 'solution': {'corr_type': 'spearman', 'l2': 0.001, 'dropout': 0.099256603025167, 'privileged_demotion': 0.07260632753667061, 'privileged_promotion': 0.3158757159222812, 'protected_demotion': 0.1864981249061584, 'protected_promotion': 0.6397092046450528}, 'corr': [0.09516396700495222, 0.009981821688332263, 1.0, 0.06347492071424835, 0.04109704156886009, 0.26588526104811544, 0.0025873439500123272, 0.04292865968998173, 0.065998210573249, 0.08260645111461447, 0.1055445131637378, 0.027832272346642956, 0.0030510566673584054, 0.00413818775483743, 0.005320423434259286, 0.0059919964136058, 0.014592963246195445, 0.01644455228132834, 0.02149197211423564, 0.014583484940431705, 0.034805096253359084, 0.009070587829377022, 0.011714945286414173, 0.031631288785333916, 0.022195575343963558, 0.002896806349253043, 0.0017252206327069166, 0.04623399214893745, 0.059211603481235525, 0.2349448391855346, 0.0197860190396814, 0.4344202669455709, 0.03133834090780558, 0.18232271523282986, 0.10345965966453564, 0.17176497878117272, 0.27221176210051345, 0.012848939913179924, 0.2271742749556096, 0.02449665983155396, 0.10321676981344327, 0.09323616245663625, 0.03265247430736573, 0.1688523028255503, 0.09186132040235351, 0.036800282139146774, 0.059878909069858585, 0.017132884011599805, 0.025902238967996618, 0.1332561878469154, 0.5808076783487023, 0.17180615369203775, 0.04957588203959859, 0.10452223789560693, 0.3167011935435912, 0.3225640577475257, 0.005148161615407603, 0.0025263645213903195, 0.11533105027787278, 0.005843638873823742, 0.10100690935836013, 0.009246325871746864, 0.006645419970608643, 0.010379359167426097, 0.0015075338353145466, 0.0070590836693404475, 0.011730416210871956, 0.006400565072258058, 0.005837929342395944, 0.001604761886790091, 0.0019450063756789751, 0.01696963394956161, 0.00873837229595129, 0.007900681540613743, 0.00013968706004713027, 0.008505536561890407, 0.011673635815824243, 0.006818221810680846, 0.010728108703025641, 0.025042058880571857, 0.007043397984914324, 0.0013068778636076627, 0.008761908703005911, 0.025291394151194153, 0.006457038691846156, 0.00168399914209265, 0.03082402052253607, 0.003079016484824717, 0.0017652430061797515, 0.003934693295308597, 0.01043841630010288, 0.005625235577581248, 0.012281917222248433, 0.014939080341755668, 0.003189435216416357, 0.008212693933206384, 0.006192389737246408, 0.002381987318126804, 0.009427746616614812, 0.006279037138428923, 0.002607426311122796, 0.005998850691007238]}, {'overall_acc': 0.8286346047540077, 'bal_acc': 0.7309983295631248, 'avg_odds_diff': 0.3302471542045186, 'disp_imp': 0.07424318734388861, 'stat_par_diff': 0.2498013217621656, 'eq_opp_diff': 0.5762834264352924, 'theil_ind': 0.14774969463315968, 'TPR': 0.5307443365695793, 'TNR': 0.9312523225566703, 'FPR': 0.06874767744332962, 'FNR': 0.4692556634304207, 'GTPR': 1.0, 'GTNR': 1.0, 'GFPR': 0.0, 'GFNR': 0.0, 'PPV': 0.7267355982274741, 'NPV': 0.8520911254675281, 'FDR': 0.27326440177252587, 'FOR': 0.14790887453247195, 'ACC': 0.8286346047540077, 'MCC': 0.5171228215425073, 'f1_score': 0.6134663341645884, 'fitness': -0.059160604892785074, 'solution': {'corr_type': 'spearman', 'l2': 0.001, 'dropout': 0.06530864022471489, 'privileged_demotion': 0.40736597181699474, 'privileged_promotion': 0.3692052620759596, 'protected_demotion': 0.1369563891767882, 'protected_promotion': 0.9798829609775799}, 'corr': [0.09516396700495222, 0.009981821688332263, 1.0, 0.06347492071424835, 0.04109704156886009, 0.26588526104811544, 0.0025873439500123272, 0.04292865968998173, 0.065998210573249, 0.08260645111461447, 0.1055445131637378, 0.027832272346642956, 0.0030510566673584054, 0.00413818775483743, 0.005320423434259286, 0.0059919964136058, 0.014592963246195445, 0.01644455228132834, 0.02149197211423564, 0.014583484940431705, 0.034805096253359084, 0.009070587829377022, 0.011714945286414173, 0.031631288785333916, 0.022195575343963558, 0.002896806349253043, 0.0017252206327069166, 0.04623399214893745, 0.059211603481235525, 0.2349448391855346, 0.0197860190396814, 0.4344202669455709, 0.03133834090780558, 0.18232271523282986, 0.10345965966453564, 0.17176497878117272, 0.27221176210051345, 0.012848939913179924, 0.2271742749556096, 0.02449665983155396, 0.10321676981344327, 0.09323616245663625, 0.03265247430736573, 0.1688523028255503, 0.09186132040235351, 0.036800282139146774, 0.059878909069858585, 0.017132884011599805, 0.025902238967996618, 0.1332561878469154, 0.5808076783487023, 0.17180615369203775, 0.04957588203959859, 0.10452223789560693, 0.3167011935435912, 0.3225640577475257, 0.005148161615407603, 0.0025263645213903195, 0.11533105027787278, 0.005843638873823742, 0.10100690935836013, 0.009246325871746864, 0.006645419970608643, 0.010379359167426097, 0.0015075338353145466, 0.0070590836693404475, 0.011730416210871956, 0.006400565072258058, 0.005837929342395944, 0.001604761886790091, 0.0019450063756789751, 0.01696963394956161, 0.00873837229595129, 0.007900681540613743, 0.00013968706004713027, 0.008505536561890407, 0.011673635815824243, 0.006818221810680846, 0.010728108703025641, 0.025042058880571857, 0.007043397984914324, 0.0013068778636076627, 0.008761908703005911, 0.025291394151194153, 0.006457038691846156, 0.00168399914209265, 0.03082402052253607, 0.003079016484824717, 0.0017652430061797515, 0.003934693295308597, 0.01043841630010288, 0.005625235577581248, 0.012281917222248433, 0.014939080341755668, 0.003189435216416357, 0.008212693933206384, 0.006192389737246408, 0.002381987318126804, 0.009427746616614812, 0.006279037138428923, 0.002607426311122796, 0.005998850691007238]}, {'overall_acc': 0.8307075732448866, 'bal_acc': 0.8062879501250122, 'avg_odds_diff': 0.07835856314937611, 'disp_imp': 0.37167734647566303, 'stat_par_diff': 0.2384770071331006, 'eq_opp_diff': 0.03021742670433225, 'theil_ind': 0.09839731724220636, 'TPR': 0.756202804746494, 'TNR': 0.8563730955035302, 'FPR': 0.14362690449646973, 'FNR': 0.24379719525350593, 'GTPR': 1.0, 'GTNR': 1.0, 'GFPR': 0.0, 'GFNR': 0.0, 'PPV': 0.6445977011494253, 'NPV': 0.9106895870381347, 'FDR': 0.3554022988505747, 'FOR': 0.08931041296186525, 'ACC': 0.8307075732448866, 'MCC': 0.5832286090881424, 'f1_score': 0.6959543310995284, 'fitness': 0.5530111823838102, 'solution': {'corr_type': 'spearman', 'l2': 0.001, 'dropout': 0.1537946037040244, 'privileged_demotion': 0.06077781887254019, 'privileged_promotion': 0.3110501630257508, 'protected_demotion': 0.18052122026345901, 'protected_promotion': 0.6458396596532128}, 'corr': [0.09516396700495222, 0.009981821688332263, 1.0, 0.06347492071424835, 0.04109704156886009, 0.26588526104811544, 0.0025873439500123272, 0.04292865968998173, 0.065998210573249, 0.08260645111461447, 0.1055445131637378, 0.027832272346642956, 0.0030510566673584054, 0.00413818775483743, 0.005320423434259286, 0.0059919964136058, 0.014592963246195445, 0.01644455228132834, 0.02149197211423564, 0.014583484940431705, 0.034805096253359084, 0.009070587829377022, 0.011714945286414173, 0.031631288785333916, 0.022195575343963558, 0.002896806349253043, 0.0017252206327069166, 0.04623399214893745, 0.059211603481235525, 0.2349448391855346, 0.0197860190396814, 0.4344202669455709, 0.03133834090780558, 0.18232271523282986, 0.10345965966453564, 0.17176497878117272, 0.27221176210051345, 0.012848939913179924, 0.2271742749556096, 0.02449665983155396, 0.10321676981344327, 0.09323616245663625, 0.03265247430736573, 0.1688523028255503, 0.09186132040235351, 0.036800282139146774, 0.059878909069858585, 0.017132884011599805, 0.025902238967996618, 0.1332561878469154, 0.5808076783487023, 0.17180615369203775, 0.04957588203959859, 0.10452223789560693, 0.3167011935435912, 0.3225640577475257, 0.005148161615407603, 0.0025263645213903195, 0.11533105027787278, 0.005843638873823742, 0.10100690935836013, 0.009246325871746864, 0.006645419970608643, 0.010379359167426097, 0.0015075338353145466, 0.0070590836693404475, 0.011730416210871956, 0.006400565072258058, 0.005837929342395944, 0.001604761886790091, 0.0019450063756789751, 0.01696963394956161, 0.00873837229595129, 0.007900681540613743, 0.00013968706004713027, 0.008505536561890407, 0.011673635815824243, 0.006818221810680846, 0.010728108703025641, 0.025042058880571857, 0.007043397984914324, 0.0013068778636076627, 0.008761908703005911, 0.025291394151194153, 0.006457038691846156, 0.00168399914209265, 0.03082402052253607, 0.003079016484824717, 0.0017652430061797515, 0.003934693295308597, 0.01043841630010288, 0.005625235577581248, 0.012281917222248433, 0.014939080341755668, 0.003189435216416357, 0.008212693933206384, 0.006192389737246408, 0.002381987318126804, 0.009427746616614812, 0.006279037138428923, 0.002607426311122796, 0.005998850691007238]}, {'overall_acc': 0.8084577114427861, 'bal_acc': 0.817671634683032, 'avg_odds_diff': 0.14403730278894605, 'disp_imp': 0.34055576211757843, 'stat_par_diff': 0.3071048165675575, 'eq_opp_diff': 0.09347719887003259, 'theil_ind': 0.08492403230890812, 'TPR': 0.8365695792880259, 'TNR': 0.7987736900780379, 'FPR': 0.20122630992196208, 'FNR': 0.1634304207119741, 'GTPR': 1.0, 'GTNR': 1.0, 'GFPR': 0.0, 'GFNR': 0.0, 'PPV': 0.5888382687927107, 'NPV': 0.9341590612777053, 'FDR': 0.41116173120728927, 'FOR': 0.06584093872229466, 'ACC': 0.8084577114427861, 'MCC': 0.5764397917880587, 'f1_score': 0.6911764705882353, 'fitness': 0.4829625929180261, 'solution': {'corr_type': 'spearman', 'l2': 0.001, 'dropout': 0.19285223946738836, 'privileged_demotion': 0.05317959722304921, 'privileged_promotion': 0.4774808192382737, 'protected_demotion': 0.06077403503493484, 'protected_promotion': 0.6145209911605647}, 'corr': [0.09516396700495222, 0.009981821688332263, 1.0, 0.06347492071424835, 0.04109704156886009, 0.26588526104811544, 0.0025873439500123272, 0.04292865968998173, 0.065998210573249, 0.08260645111461447, 0.1055445131637378, 0.027832272346642956, 0.0030510566673584054, 0.00413818775483743, 0.005320423434259286, 0.0059919964136058, 0.014592963246195445, 0.01644455228132834, 0.02149197211423564, 0.014583484940431705, 0.034805096253359084, 0.009070587829377022, 0.011714945286414173, 0.031631288785333916, 0.022195575343963558, 0.002896806349253043, 0.0017252206327069166, 0.04623399214893745, 0.059211603481235525, 0.2349448391855346, 0.0197860190396814, 0.4344202669455709, 0.03133834090780558, 0.18232271523282986, 0.10345965966453564, 0.17176497878117272, 0.27221176210051345, 0.012848939913179924, 0.2271742749556096, 0.02449665983155396, 0.10321676981344327, 0.09323616245663625, 0.03265247430736573, 0.1688523028255503, 0.09186132040235351, 0.036800282139146774, 0.059878909069858585, 0.017132884011599805, 0.025902238967996618, 0.1332561878469154, 0.5808076783487023, 0.17180615369203775, 0.04957588203959859, 0.10452223789560693, 0.3167011935435912, 0.3225640577475257, 0.005148161615407603, 0.0025263645213903195, 0.11533105027787278, 0.005843638873823742, 0.10100690935836013, 0.009246325871746864, 0.006645419970608643, 0.010379359167426097, 0.0015075338353145466, 0.0070590836693404475, 0.011730416210871956, 0.006400565072258058, 0.005837929342395944, 0.001604761886790091, 0.0019450063756789751, 0.01696963394956161, 0.00873837229595129, 0.007900681540613743, 0.00013968706004713027, 0.008505536561890407, 0.011673635815824243, 0.006818221810680846, 0.010728108703025641, 0.025042058880571857, 0.007043397984914324, 0.0013068778636076627, 0.008761908703005911, 0.025291394151194153, 0.006457038691846156, 0.00168399914209265, 0.03082402052253607, 0.003079016484824717, 0.0017652430061797515, 0.003934693295308597, 0.01043841630010288, 0.005625235577581248, 0.012281917222248433, 0.014939080341755668, 0.003189435216416357, 0.008212693933206384, 0.006192389737246408, 0.002381987318126804, 0.009427746616614812, 0.006279037138428923, 0.002607426311122796, 0.005998850691007238]}, {'overall_acc': 0.8268380320619126, 'bal_acc': 0.8068688147835468, 'avg_odds_diff': 0.06239625007288108, 'disp_imp': 0.45417599719444884, 'stat_par_diff': 0.20615005725796434, 'eq_opp_diff': 0.028447427483132004, 'theil_ind': 0.09714077625507676, 'TPR': 0.7659115426105717, 'TNR': 0.8478260869565217, 'FPR': 0.15217391304347827, 'FNR': 0.23408845738942827, 'GTPR': 1.0, 'GTNR': 1.0, 'GFPR': 0.0, 'GFNR': 0.0, 'PPV': 0.6342117016525235, 'NPV': 0.9131478887332399, 'FDR': 0.36578829834747656, 'FOR': 0.08685211126676005, 'ACC': 0.8268380320619126, 'MCC': 0.5795991524529462, 'f1_score': 0.6938675787930613, 'fitness': 0.5511517249698142, 'solution': {'corr_type': 'spearman', 'l2': 0.001, 'dropout': 0.09824512612421457, 'privileged_demotion': 0.07585601162662382, 'privileged_promotion': 0.3075409095527169, 'protected_demotion': 0.057055766246199444, 'protected_promotion': 0.6573469415010126}, 'corr': [0.09516396700495222, 0.009981821688332263, 1.0, 0.06347492071424835, 0.04109704156886009, 0.26588526104811544, 0.0025873439500123272, 0.04292865968998173, 0.065998210573249, 0.08260645111461447, 0.1055445131637378, 0.027832272346642956, 0.0030510566673584054, 0.00413818775483743, 0.005320423434259286, 0.0059919964136058, 0.014592963246195445, 0.01644455228132834, 0.02149197211423564, 0.014583484940431705, 0.034805096253359084, 0.009070587829377022, 0.011714945286414173, 0.031631288785333916, 0.022195575343963558, 0.002896806349253043, 0.0017252206327069166, 0.04623399214893745, 0.059211603481235525, 0.2349448391855346, 0.0197860190396814, 0.4344202669455709, 0.03133834090780558, 0.18232271523282986, 0.10345965966453564, 0.17176497878117272, 0.27221176210051345, 0.012848939913179924, 0.2271742749556096, 0.02449665983155396, 0.10321676981344327, 0.09323616245663625, 0.03265247430736573, 0.1688523028255503, 0.09186132040235351, 0.036800282139146774, 0.059878909069858585, 0.017132884011599805, 0.025902238967996618, 0.1332561878469154, 0.5808076783487023, 0.17180615369203775, 0.04957588203959859, 0.10452223789560693, 0.3167011935435912, 0.3225640577475257, 0.005148161615407603, 0.0025263645213903195, 0.11533105027787278, 0.005843638873823742, 0.10100690935836013, 0.009246325871746864, 0.006645419970608643, 0.010379359167426097, 0.0015075338353145466, 0.0070590836693404475, 0.011730416210871956, 0.006400565072258058, 0.005837929342395944, 0.001604761886790091, 0.0019450063756789751, 0.01696963394956161, 0.00873837229595129, 0.007900681540613743, 0.00013968706004713027, 0.008505536561890407, 0.011673635815824243, 0.006818221810680846, 0.010728108703025641, 0.025042058880571857, 0.007043397984914324, 0.0013068778636076627, 0.008761908703005911, 0.025291394151194153, 0.006457038691846156, 0.00168399914209265, 0.03082402052253607, 0.003079016484824717, 0.0017652430061797515, 0.003934693295308597, 0.01043841630010288, 0.005625235577581248, 0.012281917222248433, 0.014939080341755668, 0.003189435216416357, 0.008212693933206384, 0.006192389737246408, 0.002381987318126804, 0.009427746616614812, 0.006279037138428923, 0.002607426311122796, 0.005998850691007238]}, {'overall_acc': 0.831951354339414, 'bal_acc': 0.8065937158381228, 'avg_odds_diff': 0.05668525300932555, 'disp_imp': 0.43124308304102343, 'stat_par_diff': 0.20917093227003683, 'eq_opp_diff': 0.015427313211982208, 'theil_ind': 0.09846051221481442, 'TPR': 0.7545846817691478, 'TNR': 0.8586027499070977, 'FPR': 0.14139725009290227, 'FNR': 0.24541531823085222, 'GTPR': 1.0, 'GTNR': 1.0, 'GFPR': 0.0, 'GFNR': 0.0, 'PPV': 0.6476851851851851, 'NPV': 0.9103624901497241, 'FDR': 0.3523148148148148, 'FOR': 0.08963750985027581, 'ACC': 0.831951354339414, 'MCC': 0.5849682220356183, 'f1_score': 0.6970602889885401, 'fitness': 0.5695409088236361, 'solution': {'corr_type': 'spearman', 'l2': 0.001, 'dropout': 0.19491860084687515, 'privileged_demotion': 0.04178270874721198, 'privileged_promotion': 0.3058947494569919, 'protected_demotion': 0.05250340912788792, 'protected_promotion': 0.6267295453123947}, 'corr': [0.09516396700495222, 0.009981821688332263, 1.0, 0.06347492071424835, 0.04109704156886009, 0.26588526104811544, 0.0025873439500123272, 0.04292865968998173, 0.065998210573249, 0.08260645111461447, 0.1055445131637378, 0.027832272346642956, 0.0030510566673584054, 0.00413818775483743, 0.005320423434259286, 0.0059919964136058, 0.014592963246195445, 0.01644455228132834, 0.02149197211423564, 0.014583484940431705, 0.034805096253359084, 0.009070587829377022, 0.011714945286414173, 0.031631288785333916, 0.022195575343963558, 0.002896806349253043, 0.0017252206327069166, 0.04623399214893745, 0.059211603481235525, 0.2349448391855346, 0.0197860190396814, 0.4344202669455709, 0.03133834090780558, 0.18232271523282986, 0.10345965966453564, 0.17176497878117272, 0.27221176210051345, 0.012848939913179924, 0.2271742749556096, 0.02449665983155396, 0.10321676981344327, 0.09323616245663625, 0.03265247430736573, 0.1688523028255503, 0.09186132040235351, 0.036800282139146774, 0.059878909069858585, 0.017132884011599805, 0.025902238967996618, 0.1332561878469154, 0.5808076783487023, 0.17180615369203775, 0.04957588203959859, 0.10452223789560693, 0.3167011935435912, 0.3225640577475257, 0.005148161615407603, 0.0025263645213903195, 0.11533105027787278, 0.005843638873823742, 0.10100690935836013, 0.009246325871746864, 0.006645419970608643, 0.010379359167426097, 0.0015075338353145466, 0.0070590836693404475, 0.011730416210871956, 0.006400565072258058, 0.005837929342395944, 0.001604761886790091, 0.0019450063756789751, 0.01696963394956161, 0.00873837229595129, 0.007900681540613743, 0.00013968706004713027, 0.008505536561890407, 0.011673635815824243, 0.006818221810680846, 0.010728108703025641, 0.025042058880571857, 0.007043397984914324, 0.0013068778636076627, 0.008761908703005911, 0.025291394151194153, 0.006457038691846156, 0.00168399914209265, 0.03082402052253607, 0.003079016484824717, 0.0017652430061797515, 0.003934693295308597, 0.01043841630010288, 0.005625235577581248, 0.012281917222248433, 0.014939080341755668, 0.003189435216416357, 0.008212693933206384, 0.006192389737246408, 0.002381987318126804, 0.009427746616614812, 0.006279037138428923, 0.002607426311122796, 0.005998850691007238]}, {'overall_acc': 0.8284964068546158, 'bal_acc': 0.8132871888676025, 'avg_odds_diff': 0.06027248834288819, 'disp_imp': 0.41016985173430376, 'stat_par_diff': 0.23166675864733235, 'eq_opp_diff': 0.0007929596510978243, 'theil_ind': 0.09318347061332674, 'TPR': 0.7820927723840345, 'TNR': 0.8444816053511706, 'FPR': 0.15551839464882944, 'FNR': 0.21790722761596548, 'GTPR': 1.0, 'GTNR': 1.0, 'GFPR': 0.0, 'GFNR': 0.0, 'PPV': 0.6340183646698732, 'NPV': 0.9183673469387755, 'FDR': 0.3659816353301268, 'FOR': 0.08163265306122448, 'ACC': 0.8284964068546158, 'MCC': 0.5883117655809779, 'f1_score': 0.7003139338324076, 'fitness': 0.58751880592988, 'solution': {'corr_type': 'spearman', 'l2': 0.001, 'dropout': 0.19414354682259785, 'privileged_demotion': 0.06857105465103248, 'privileged_promotion': 0.3013332847799245, 'protected_demotion': 0.07242260434912863, 'protected_promotion': 0.653783515840006}, 'corr': [0.09516396700495222, 0.009981821688332263, 1.0, 0.06347492071424835, 0.04109704156886009, 0.26588526104811544, 0.0025873439500123272, 0.04292865968998173, 0.065998210573249, 0.08260645111461447, 0.1055445131637378, 0.027832272346642956, 0.0030510566673584054, 0.00413818775483743, 0.005320423434259286, 0.0059919964136058, 0.014592963246195445, 0.01644455228132834, 0.02149197211423564, 0.014583484940431705, 0.034805096253359084, 0.009070587829377022, 0.011714945286414173, 0.031631288785333916, 0.022195575343963558, 0.002896806349253043, 0.0017252206327069166, 0.04623399214893745, 0.059211603481235525, 0.2349448391855346, 0.0197860190396814, 0.4344202669455709, 0.03133834090780558, 0.18232271523282986, 0.10345965966453564, 0.17176497878117272, 0.27221176210051345, 0.012848939913179924, 0.2271742749556096, 0.02449665983155396, 0.10321676981344327, 0.09323616245663625, 0.03265247430736573, 0.1688523028255503, 0.09186132040235351, 0.036800282139146774, 0.059878909069858585, 0.017132884011599805, 0.025902238967996618, 0.1332561878469154, 0.5808076783487023, 0.17180615369203775, 0.04957588203959859, 0.10452223789560693, 0.3167011935435912, 0.3225640577475257, 0.005148161615407603, 0.0025263645213903195, 0.11533105027787278, 0.005843638873823742, 0.10100690935836013, 0.009246325871746864, 0.006645419970608643, 0.010379359167426097, 0.0015075338353145466, 0.0070590836693404475, 0.011730416210871956, 0.006400565072258058, 0.005837929342395944, 0.001604761886790091, 0.0019450063756789751, 0.01696963394956161, 0.00873837229595129, 0.007900681540613743, 0.00013968706004713027, 0.008505536561890407, 0.011673635815824243, 0.006818221810680846, 0.010728108703025641, 0.025042058880571857, 0.007043397984914324, 0.0013068778636076627, 0.008761908703005911, 0.025291394151194153, 0.006457038691846156, 0.00168399914209265, 0.03082402052253607, 0.003079016484824717, 0.0017652430061797515, 0.003934693295308597, 0.01043841630010288, 0.005625235577581248, 0.012281917222248433, 0.014939080341755668, 0.003189435216416357, 0.008212693933206384, 0.006192389737246408, 0.002381987318126804, 0.009427746616614812, 0.006279037138428923, 0.002607426311122796, 0.005998850691007238]}, {'overall_acc': 0.8297401879491432, 'bal_acc': 0.8088197623866682, 'avg_odds_diff': 0.06013149209550108, 'disp_imp': 0.4202901713458524, 'stat_par_diff': 0.2199064556630196, 'eq_opp_diff': 0.010945675183902881, 'theil_ind': 0.09648122815835178, 'TPR': 0.7659115426105717, 'TNR': 0.8517279821627648, 'FPR': 0.14827201783723523, 'FNR': 0.23408845738942827, 'GTPR': 1.0, 'GTNR': 1.0, 'GFPR': 0.0, 'GFNR': 0.0, 'PPV': 0.6402164111812444, 'NPV': 0.913511359107214, 'FDR': 0.35978358881875566, 'FOR': 0.08648864089278598, 'ACC': 0.8297401879491432, 'MCC': 0.5848112147477702, 'f1_score': 0.6974459724950884, 'fitness': 0.5738655395638673, 'solution': {'corr_type': 'spearman', 'l2': 0.001, 'dropout': 0.15301630314111347, 'privileged_demotion': 0.062187387084951584, 'privileged_promotion': 0.31201500714923286, 'protected_demotion': 0.06261663538048695, 'protected_promotion': 0.6457056577315341}, 'corr': [0.09516396700495222, 0.009981821688332263, 1.0, 0.06347492071424835, 0.04109704156886009, 0.26588526104811544, 0.0025873439500123272, 0.04292865968998173, 0.065998210573249, 0.08260645111461447, 0.1055445131637378, 0.027832272346642956, 0.0030510566673584054, 0.00413818775483743, 0.005320423434259286, 0.0059919964136058, 0.014592963246195445, 0.01644455228132834, 0.02149197211423564, 0.014583484940431705, 0.034805096253359084, 0.009070587829377022, 0.011714945286414173, 0.031631288785333916, 0.022195575343963558, 0.002896806349253043, 0.0017252206327069166, 0.04623399214893745, 0.059211603481235525, 0.2349448391855346, 0.0197860190396814, 0.4344202669455709, 0.03133834090780558, 0.18232271523282986, 0.10345965966453564, 0.17176497878117272, 0.27221176210051345, 0.012848939913179924, 0.2271742749556096, 0.02449665983155396, 0.10321676981344327, 0.09323616245663625, 0.03265247430736573, 0.1688523028255503, 0.09186132040235351, 0.036800282139146774, 0.059878909069858585, 0.017132884011599805, 0.025902238967996618, 0.1332561878469154, 0.5808076783487023, 0.17180615369203775, 0.04957588203959859, 0.10452223789560693, 0.3167011935435912, 0.3225640577475257, 0.005148161615407603, 0.0025263645213903195, 0.11533105027787278, 0.005843638873823742, 0.10100690935836013, 0.009246325871746864, 0.006645419970608643, 0.010379359167426097, 0.0015075338353145466, 0.0070590836693404475, 0.011730416210871956, 0.006400565072258058, 0.005837929342395944, 0.001604761886790091, 0.0019450063756789751, 0.01696963394956161, 0.00873837229595129, 0.007900681540613743, 0.00013968706004713027, 0.008505536561890407, 0.011673635815824243, 0.006818221810680846, 0.010728108703025641, 0.025042058880571857, 0.007043397984914324, 0.0013068778636076627, 0.008761908703005911, 0.025291394151194153, 0.006457038691846156, 0.00168399914209265, 0.03082402052253607, 0.003079016484824717, 0.0017652430061797515, 0.003934693295308597, 0.01043841630010288, 0.005625235577581248, 0.012281917222248433, 0.014939080341755668, 0.003189435216416357, 0.008212693933206384, 0.006192389737246408, 0.002381987318126804, 0.009427746616614812, 0.006279037138428923, 0.002607426311122796, 0.005998850691007238]}, {'overall_acc': 0.8326423438363737, 'bal_acc': 0.8059975177957448, 'avg_odds_diff': 0.0746315549304756, 'disp_imp': 0.455056120788316, 'stat_par_diff': 0.19692290180604038, 'eq_opp_diff': 0.058586974221731314, 'theil_ind': 0.09900663009942716, 'TPR': 0.7513484358144552, 'TNR': 0.8606465997770345, 'FPR': 0.13935340022296544, 'FNR': 0.24865156418554477, 'GTPR': 1.0, 'GTNR': 1.0, 'GFPR': 0.0, 'GFNR': 0.0, 'PPV': 0.6500233317778815, 'NPV': 0.9094836049479678, 'FDR': 0.34997666822211854, 'FOR': 0.0905163950520322, 'ACC': 0.8326423438363737, 'MCC': 0.5851627702231419, 'f1_score': 0.6970227670753064, 'fitness': 0.5265757960014106, 'solution': {'corr_type': 'spearman', 'l2': 0.001, 'dropout': 0.09158072407637861, 'privileged_demotion': 0.10319617423232286, 'privileged_promotion': 0.3031803445855164, 'protected_demotion': 0.0652767972743695, 'protected_promotion': 0.6541648998734395}, 'corr': [0.09516396700495222, 0.009981821688332263, 1.0, 0.06347492071424835, 0.04109704156886009, 0.26588526104811544, 0.0025873439500123272, 0.04292865968998173, 0.065998210573249, 0.08260645111461447, 0.1055445131637378, 0.027832272346642956, 0.0030510566673584054, 0.00413818775483743, 0.005320423434259286, 0.0059919964136058, 0.014592963246195445, 0.01644455228132834, 0.02149197211423564, 0.014583484940431705, 0.034805096253359084, 0.009070587829377022, 0.011714945286414173, 0.031631288785333916, 0.022195575343963558, 0.002896806349253043, 0.0017252206327069166, 0.04623399214893745, 0.059211603481235525, 0.2349448391855346, 0.0197860190396814, 0.4344202669455709, 0.03133834090780558, 0.18232271523282986, 0.10345965966453564, 0.17176497878117272, 0.27221176210051345, 0.012848939913179924, 0.2271742749556096, 0.02449665983155396, 0.10321676981344327, 0.09323616245663625, 0.03265247430736573, 0.1688523028255503, 0.09186132040235351, 0.036800282139146774, 0.059878909069858585, 0.017132884011599805, 0.025902238967996618, 0.1332561878469154, 0.5808076783487023, 0.17180615369203775, 0.04957588203959859, 0.10452223789560693, 0.3167011935435912, 0.3225640577475257, 0.005148161615407603, 0.0025263645213903195, 0.11533105027787278, 0.005843638873823742, 0.10100690935836013, 0.009246325871746864, 0.006645419970608643, 0.010379359167426097, 0.0015075338353145466, 0.0070590836693404475, 0.011730416210871956, 0.006400565072258058, 0.005837929342395944, 0.001604761886790091, 0.0019450063756789751, 0.01696963394956161, 0.00873837229595129, 0.007900681540613743, 0.00013968706004713027, 0.008505536561890407, 0.011673635815824243, 0.006818221810680846, 0.010728108703025641, 0.025042058880571857, 0.007043397984914324, 0.0013068778636076627, 0.008761908703005911, 0.025291394151194153, 0.006457038691846156, 0.00168399914209265, 0.03082402052253607, 0.003079016484824717, 0.0017652430061797515, 0.003934693295308597, 0.01043841630010288, 0.005625235577581248, 0.012281917222248433, 0.014939080341755668, 0.003189435216416357, 0.008212693933206384, 0.006192389737246408, 0.002381987318126804, 0.009427746616614812, 0.006279037138428923, 0.002607426311122796, 0.005998850691007238]}, {'overall_acc': 0.826147042564953, 'bal_acc': 0.8136524841885754, 'avg_odds_diff': 0.06544974408909467, 'disp_imp': 0.40192416914789253, 'stat_par_diff': 0.23972460988700175, 'eq_opp_diff': 0.0017629192243154845, 'theil_ind': 0.09238125216109302, 'TPR': 0.7880258899676376, 'TNR': 0.8392790784095132, 'FPR': 0.16072092159048681, 'FNR': 0.21197411003236247, 'GTPR': 1.0, 'GTNR': 1.0, 'GFPR': 0.0, 'GFNR': 0.0, 'PPV': 0.6281169389509889, 'NPV': 0.919959266802444, 'FDR': 0.3718830610490112, 'FOR': 0.080040733197556, 'ACC': 0.826147042564953, 'MCC': 0.5863539263264346, 'f1_score': 0.6990430622009569, 'fitness': 0.5845910071021191, 'solution': {'corr_type': 'spearman', 'l2': 0.001, 'dropout': 0.10081567981209773, 'privileged_demotion': 0.07586354091339101, 'privileged_promotion': 0.3106861495414977, 'protected_demotion': 0.06890071814283319, 'protected_promotion': 0.6499103618735086}, 'corr': [0.09516396700495222, 0.009981821688332263, 1.0, 0.06347492071424835, 0.04109704156886009, 0.26588526104811544, 0.0025873439500123272, 0.04292865968998173, 0.065998210573249, 0.08260645111461447, 0.1055445131637378, 0.027832272346642956, 0.0030510566673584054, 0.00413818775483743, 0.005320423434259286, 0.0059919964136058, 0.014592963246195445, 0.01644455228132834, 0.02149197211423564, 0.014583484940431705, 0.034805096253359084, 0.009070587829377022, 0.011714945286414173, 0.031631288785333916, 0.022195575343963558, 0.002896806349253043, 0.0017252206327069166, 0.04623399214893745, 0.059211603481235525, 0.2349448391855346, 0.0197860190396814, 0.4344202669455709, 0.03133834090780558, 0.18232271523282986, 0.10345965966453564, 0.17176497878117272, 0.27221176210051345, 0.012848939913179924, 0.2271742749556096, 0.02449665983155396, 0.10321676981344327, 0.09323616245663625, 0.03265247430736573, 0.1688523028255503, 0.09186132040235351, 0.036800282139146774, 0.059878909069858585, 0.017132884011599805, 0.025902238967996618, 0.1332561878469154, 0.5808076783487023, 0.17180615369203775, 0.04957588203959859, 0.10452223789560693, 0.3167011935435912, 0.3225640577475257, 0.005148161615407603, 0.0025263645213903195, 0.11533105027787278, 0.005843638873823742, 0.10100690935836013, 0.009246325871746864, 0.006645419970608643, 0.010379359167426097, 0.0015075338353145466, 0.0070590836693404475, 0.011730416210871956, 0.006400565072258058, 0.005837929342395944, 0.001604761886790091, 0.0019450063756789751, 0.01696963394956161, 0.00873837229595129, 0.007900681540613743, 0.00013968706004713027, 0.008505536561890407, 0.011673635815824243, 0.006818221810680846, 0.010728108703025641, 0.025042058880571857, 0.007043397984914324, 0.0013068778636076627, 0.008761908703005911, 0.025291394151194153, 0.006457038691846156, 0.00168399914209265, 0.03082402052253607, 0.003079016484824717, 0.0017652430061797515, 0.003934693295308597, 0.01043841630010288, 0.005625235577581248, 0.012281917222248433, 0.014939080341755668, 0.003189435216416357, 0.008212693933206384, 0.006192389737246408, 0.002381987318126804, 0.009427746616614812, 0.006279037138428923, 0.002607426311122796, 0.005998850691007238]}, {'overall_acc': 0.8384466556108348, 'bal_acc': 0.7906298593297327, 'avg_odds_diff': 0.07049200160162794, 'disp_imp': 0.4890186370423882, 'stat_par_diff': 0.16005118724044204, 'eq_opp_diff': 0.083515643253117, 'theil_ind': 0.1103003836988018, 'TPR': 0.6925566343042071, 'TNR': 0.8887030843552582, 'FPR': 0.11129691564474173, 'FNR': 0.3074433656957929, 'GTPR': 1.0, 'GTNR': 1.0, 'GFPR': 0.0, 'GFNR': 0.0, 'PPV': 0.6818906001062135, 'NPV': 0.8935176536521576, 'FDR': 0.3181093998937865, 'FOR': 0.10648234634784233, 'ACC': 0.8384466556108348, 'MCC': 0.578326585671042, 'f1_score': 0.6871822317366872, 'fitness': 0.494810942417925, 'solution': {'corr_type': 'spearman', 'l2': 0.001, 'dropout': 0.0979513541416527, 'privileged_demotion': 0.0969432681433155, 'privileged_promotion': 0.15847321129200623, 'protected_demotion': 0.07204734992733869, 'protected_promotion': 0.6615613924344796}, 'corr': [0.09516396700495222, 0.009981821688332263, 1.0, 0.06347492071424835, 0.04109704156886009, 0.26588526104811544, 0.0025873439500123272, 0.04292865968998173, 0.065998210573249, 0.08260645111461447, 0.1055445131637378, 0.027832272346642956, 0.0030510566673584054, 0.00413818775483743, 0.005320423434259286, 0.0059919964136058, 0.014592963246195445, 0.01644455228132834, 0.02149197211423564, 0.014583484940431705, 0.034805096253359084, 0.009070587829377022, 0.011714945286414173, 0.031631288785333916, 0.022195575343963558, 0.002896806349253043, 0.0017252206327069166, 0.04623399214893745, 0.059211603481235525, 0.2349448391855346, 0.0197860190396814, 0.4344202669455709, 0.03133834090780558, 0.18232271523282986, 0.10345965966453564, 0.17176497878117272, 0.27221176210051345, 0.012848939913179924, 0.2271742749556096, 0.02449665983155396, 0.10321676981344327, 0.09323616245663625, 0.03265247430736573, 0.1688523028255503, 0.09186132040235351, 0.036800282139146774, 0.059878909069858585, 0.017132884011599805, 0.025902238967996618, 0.1332561878469154, 0.5808076783487023, 0.17180615369203775, 0.04957588203959859, 0.10452223789560693, 0.3167011935435912, 0.3225640577475257, 0.005148161615407603, 0.0025263645213903195, 0.11533105027787278, 0.005843638873823742, 0.10100690935836013, 0.009246325871746864, 0.006645419970608643, 0.010379359167426097, 0.0015075338353145466, 0.0070590836693404475, 0.011730416210871956, 0.006400565072258058, 0.005837929342395944, 0.001604761886790091, 0.0019450063756789751, 0.01696963394956161, 0.00873837229595129, 0.007900681540613743, 0.00013968706004713027, 0.008505536561890407, 0.011673635815824243, 0.006818221810680846, 0.010728108703025641, 0.025042058880571857, 0.007043397984914324, 0.0013068778636076627, 0.008761908703005911, 0.025291394151194153, 0.006457038691846156, 0.00168399914209265, 0.03082402052253607, 0.003079016484824717, 0.0017652430061797515, 0.003934693295308597, 0.01043841630010288, 0.005625235577581248, 0.012281917222248433, 0.014939080341755668, 0.003189435216416357, 0.008212693933206384, 0.006192389737246408, 0.002381987318126804, 0.009427746616614812, 0.006279037138428923, 0.002607426311122796, 0.005998850691007238]}, {'overall_acc': 0.8170259812050856, 'bal_acc': 0.8220172960569753, 'avg_odds_diff': 0.14047143269423062, 'disp_imp': 0.3258118369325219, 'stat_par_diff': 0.30658846010568575, 'eq_opp_diff': 0.08843624108805392, 'theil_ind': 0.08431779364766628, 'TPR': 0.8322545846817692, 'TNR': 0.8117800074321814, 'FPR': 0.18821999256781866, 'FNR': 0.16774541531823084, 'GTPR': 1.0, 'GTNR': 1.0, 'GFPR': 0.0, 'GFNR': 0.0, 'PPV': 0.6036776212832551, 'NPV': 0.9335470085470086, 'FDR': 0.3963223787167449, 'FOR': 0.06645299145299145, 'ACC': 0.8170259812050856, 'MCC': 0.5882102050681387, 'f1_score': 0.6997732426303854, 'fitness': 0.4997739639800848, 'solution': {'corr_type': 'spearman', 'l2': 0.001, 'dropout': 0.1992633009287367, 'privileged_demotion': 0.07207864402500043, 'privileged_promotion': 0.5217868052530744, 'protected_demotion': 0.043201418579774935, 'protected_promotion': 0.5505013459753475}, 'corr': [0.09516396700495222, 0.009981821688332263, 1.0, 0.06347492071424835, 0.04109704156886009, 0.26588526104811544, 0.0025873439500123272, 0.04292865968998173, 0.065998210573249, 0.08260645111461447, 0.1055445131637378, 0.027832272346642956, 0.0030510566673584054, 0.00413818775483743, 0.005320423434259286, 0.0059919964136058, 0.014592963246195445, 0.01644455228132834, 0.02149197211423564, 0.014583484940431705, 0.034805096253359084, 0.009070587829377022, 0.011714945286414173, 0.031631288785333916, 0.022195575343963558, 0.002896806349253043, 0.0017252206327069166, 0.04623399214893745, 0.059211603481235525, 0.2349448391855346, 0.0197860190396814, 0.4344202669455709, 0.03133834090780558, 0.18232271523282986, 0.10345965966453564, 0.17176497878117272, 0.27221176210051345, 0.012848939913179924, 0.2271742749556096, 0.02449665983155396, 0.10321676981344327, 0.09323616245663625, 0.03265247430736573, 0.1688523028255503, 0.09186132040235351, 0.036800282139146774, 0.059878909069858585, 0.017132884011599805, 0.025902238967996618, 0.1332561878469154, 0.5808076783487023, 0.17180615369203775, 0.04957588203959859, 0.10452223789560693, 0.3167011935435912, 0.3225640577475257, 0.005148161615407603, 0.0025263645213903195, 0.11533105027787278, 0.005843638873823742, 0.10100690935836013, 0.009246325871746864, 0.006645419970608643, 0.010379359167426097, 0.0015075338353145466, 0.0070590836693404475, 0.011730416210871956, 0.006400565072258058, 0.005837929342395944, 0.001604761886790091, 0.0019450063756789751, 0.01696963394956161, 0.00873837229595129, 0.007900681540613743, 0.00013968706004713027, 0.008505536561890407, 0.011673635815824243, 0.006818221810680846, 0.010728108703025641, 0.025042058880571857, 0.007043397984914324, 0.0013068778636076627, 0.008761908703005911, 0.025291394151194153, 0.006457038691846156, 0.00168399914209265, 0.03082402052253607, 0.003079016484824717, 0.0017652430061797515, 0.003934693295308597, 0.01043841630010288, 0.005625235577581248, 0.012281917222248433, 0.014939080341755668, 0.003189435216416357, 0.008212693933206384, 0.006192389737246408, 0.002381987318126804, 0.009427746616614812, 0.006279037138428923, 0.002607426311122796, 0.005998850691007238]}, {'overall_acc': 0.8260088446655611, 'bal_acc': 0.8091399595198667, 'avg_odds_diff': 0.06296680559688517, 'disp_imp': 0.4200812140481705, 'stat_par_diff': 0.22585679990066088, 'eq_opp_diff': 0.009614635769560231, 'theil_ind': 0.0954098273403916, 'TPR': 0.7745415318230853, 'TNR': 0.8437383872166481, 'FPR': 0.1562616127833519, 'FNR': 0.22545846817691478, 'GTPR': 1.0, 'GTNR': 1.0, 'GFPR': 0.0, 'GFNR': 0.0, 'PPV': 0.6306543697848046, 'NPV': 0.9157088122605364, 'FDR': 0.36934563021519545, 'FOR': 0.0842911877394636, 'ACC': 0.8260088446655611, 'MCC': 0.5812102751683632, 'f1_score': 0.6952311788913097, 'fitness': 0.571595639398803, 'solution': {'corr_type': 'spearman', 'l2': 0.001, 'dropout': 0.19273628431432285, 'privileged_demotion': 0.03662399288366461, 'privileged_promotion': 0.25153288529425677, 'protected_demotion': 0.051109631905004504, 'protected_promotion': 0.5778327922495788}, 'corr': [0.09516396700495222, 0.009981821688332263, 1.0, 0.06347492071424835, 0.04109704156886009, 0.26588526104811544, 0.0025873439500123272, 0.04292865968998173, 0.065998210573249, 0.08260645111461447, 0.1055445131637378, 0.027832272346642956, 0.0030510566673584054, 0.00413818775483743, 0.005320423434259286, 0.0059919964136058, 0.014592963246195445, 0.01644455228132834, 0.02149197211423564, 0.014583484940431705, 0.034805096253359084, 0.009070587829377022, 0.011714945286414173, 0.031631288785333916, 0.022195575343963558, 0.002896806349253043, 0.0017252206327069166, 0.04623399214893745, 0.059211603481235525, 0.2349448391855346, 0.0197860190396814, 0.4344202669455709, 0.03133834090780558, 0.18232271523282986, 0.10345965966453564, 0.17176497878117272, 0.27221176210051345, 0.012848939913179924, 0.2271742749556096, 0.02449665983155396, 0.10321676981344327, 0.09323616245663625, 0.03265247430736573, 0.1688523028255503, 0.09186132040235351, 0.036800282139146774, 0.059878909069858585, 0.017132884011599805, 0.025902238967996618, 0.1332561878469154, 0.5808076783487023, 0.17180615369203775, 0.04957588203959859, 0.10452223789560693, 0.3167011935435912, 0.3225640577475257, 0.005148161615407603, 0.0025263645213903195, 0.11533105027787278, 0.005843638873823742, 0.10100690935836013, 0.009246325871746864, 0.006645419970608643, 0.010379359167426097, 0.0015075338353145466, 0.0070590836693404475, 0.011730416210871956, 0.006400565072258058, 0.005837929342395944, 0.001604761886790091, 0.0019450063756789751, 0.01696963394956161, 0.00873837229595129, 0.007900681540613743, 0.00013968706004713027, 0.008505536561890407, 0.011673635815824243, 0.006818221810680846, 0.010728108703025641, 0.025042058880571857, 0.007043397984914324, 0.0013068778636076627, 0.008761908703005911, 0.025291394151194153, 0.006457038691846156, 0.00168399914209265, 0.03082402052253607, 0.003079016484824717, 0.0017652430061797515, 0.003934693295308597, 0.01043841630010288, 0.005625235577581248, 0.012281917222248433, 0.014939080341755668, 0.003189435216416357, 0.008212693933206384, 0.006192389737246408, 0.002381987318126804, 0.009427746616614812, 0.006279037138428923, 0.002607426311122796, 0.005998850691007238]}, {'overall_acc': 0.8425925925925926, 'bal_acc': 0.7943008518145707, 'avg_odds_diff': 0.06444060169765253, 'disp_imp': 0.4871766068030328, 'stat_par_diff': 0.15903882503897682, 'eq_opp_diff': 0.0759896065645731, 'theil_ind': 0.10858900877666482, 'TPR': 0.6952535059331176, 'TNR': 0.8933481976960238, 'FPR': 0.10665180230397622, 'FNR': 0.3047464940668824, 'GTPR': 1.0, 'GTNR': 1.0, 'GFPR': 0.0, 'GFNR': 0.0, 'PPV': 0.6918947933440687, 'NPV': 0.8948445933370557, 'FDR': 0.3081052066559313, 'FOR': 0.10515540666294435, 'ACC': 0.8425925925925926, 'MCC': 0.58766980744873, 'f1_score': 0.6935700834005918, 'fitness': 0.5116802008841569, 'solution': {'corr_type': 'spearman', 'l2': 0.001, 'dropout': 0.19769495409815974, 'privileged_demotion': 0.053474080389219907, 'privileged_promotion': 0.15290755397224143, 'protected_demotion': 0.05068589683391407, 'protected_promotion': 0.5804339414676138}, 'corr': [0.09516396700495222, 0.009981821688332263, 1.0, 0.06347492071424835, 0.04109704156886009, 0.26588526104811544, 0.0025873439500123272, 0.04292865968998173, 0.065998210573249, 0.08260645111461447, 0.1055445131637378, 0.027832272346642956, 0.0030510566673584054, 0.00413818775483743, 0.005320423434259286, 0.0059919964136058, 0.014592963246195445, 0.01644455228132834, 0.02149197211423564, 0.014583484940431705, 0.034805096253359084, 0.009070587829377022, 0.011714945286414173, 0.031631288785333916, 0.022195575343963558, 0.002896806349253043, 0.0017252206327069166, 0.04623399214893745, 0.059211603481235525, 0.2349448391855346, 0.0197860190396814, 0.4344202669455709, 0.03133834090780558, 0.18232271523282986, 0.10345965966453564, 0.17176497878117272, 0.27221176210051345, 0.012848939913179924, 0.2271742749556096, 0.02449665983155396, 0.10321676981344327, 0.09323616245663625, 0.03265247430736573, 0.1688523028255503, 0.09186132040235351, 0.036800282139146774, 0.059878909069858585, 0.017132884011599805, 0.025902238967996618, 0.1332561878469154, 0.5808076783487023, 0.17180615369203775, 0.04957588203959859, 0.10452223789560693, 0.3167011935435912, 0.3225640577475257, 0.005148161615407603, 0.0025263645213903195, 0.11533105027787278, 0.005843638873823742, 0.10100690935836013, 0.009246325871746864, 0.006645419970608643, 0.010379359167426097, 0.0015075338353145466, 0.0070590836693404475, 0.011730416210871956, 0.006400565072258058, 0.005837929342395944, 0.001604761886790091, 0.0019450063756789751, 0.01696963394956161, 0.00873837229595129, 0.007900681540613743, 0.00013968706004713027, 0.008505536561890407, 0.011673635815824243, 0.006818221810680846, 0.010728108703025641, 0.025042058880571857, 0.007043397984914324, 0.0013068778636076627, 0.008761908703005911, 0.025291394151194153, 0.006457038691846156, 0.00168399914209265, 0.03082402052253607, 0.003079016484824717, 0.0017652430061797515, 0.003934693295308597, 0.01043841630010288, 0.005625235577581248, 0.012281917222248433, 0.014939080341755668, 0.003189435216416357, 0.008212693933206384, 0.006192389737246408, 0.002381987318126804, 0.009427746616614812, 0.006279037138428923, 0.002607426311122796, 0.005998850691007238]}, {'overall_acc': 0.8276672194582643, 'bal_acc': 0.8111387112020291, 'avg_odds_diff': 0.060315576379165355, 'disp_imp': 0.4205273969627198, 'stat_par_diff': 0.22544357676016502, 'eq_opp_diff': 0.006464037155823665, 'theil_ind': 0.0944434075535561, 'TPR': 0.7772384034519957, 'TNR': 0.8450390189520625, 'FPR': 0.15496098104793757, 'FNR': 0.22276159654800431, 'GTPR': 1.0, 'GTNR': 1.0, 'GFPR': 0.0, 'GFNR': 0.0, 'PPV': 0.6334065934065934, 'NPV': 0.9167506551098569, 'FDR': 0.3665934065934066, 'FOR': 0.08324934489014311, 'ACC': 0.8276672194582643, 'MCC': 0.5851071991727033, 'f1_score': 0.6979898280455317, 'fitness': 0.5786431620168796, 'solution': {'corr_type': 'spearman', 'l2': 0.001, 'dropout': 0.19671939178988432, 'privileged_demotion': 0.041118891704957666, 'privileged_promotion': 0.302592827949681, 'protected_demotion': 0.05438088430904656, 'protected_promotion': 0.5822956141357636}, 'corr': [0.09516396700495222, 0.009981821688332263, 1.0, 0.06347492071424835, 0.04109704156886009, 0.26588526104811544, 0.0025873439500123272, 0.04292865968998173, 0.065998210573249, 0.08260645111461447, 0.1055445131637378, 0.027832272346642956, 0.0030510566673584054, 0.00413818775483743, 0.005320423434259286, 0.0059919964136058, 0.014592963246195445, 0.01644455228132834, 0.02149197211423564, 0.014583484940431705, 0.034805096253359084, 0.009070587829377022, 0.011714945286414173, 0.031631288785333916, 0.022195575343963558, 0.002896806349253043, 0.0017252206327069166, 0.04623399214893745, 0.059211603481235525, 0.2349448391855346, 0.0197860190396814, 0.4344202669455709, 0.03133834090780558, 0.18232271523282986, 0.10345965966453564, 0.17176497878117272, 0.27221176210051345, 0.012848939913179924, 0.2271742749556096, 0.02449665983155396, 0.10321676981344327, 0.09323616245663625, 0.03265247430736573, 0.1688523028255503, 0.09186132040235351, 0.036800282139146774, 0.059878909069858585, 0.017132884011599805, 0.025902238967996618, 0.1332561878469154, 0.5808076783487023, 0.17180615369203775, 0.04957588203959859, 0.10452223789560693, 0.3167011935435912, 0.3225640577475257, 0.005148161615407603, 0.0025263645213903195, 0.11533105027787278, 0.005843638873823742, 0.10100690935836013, 0.009246325871746864, 0.006645419970608643, 0.010379359167426097, 0.0015075338353145466, 0.0070590836693404475, 0.011730416210871956, 0.006400565072258058, 0.005837929342395944, 0.001604761886790091, 0.0019450063756789751, 0.01696963394956161, 0.00873837229595129, 0.007900681540613743, 0.00013968706004713027, 0.008505536561890407, 0.011673635815824243, 0.006818221810680846, 0.010728108703025641, 0.025042058880571857, 0.007043397984914324, 0.0013068778636076627, 0.008761908703005911, 0.025291394151194153, 0.006457038691846156, 0.00168399914209265, 0.03082402052253607, 0.003079016484824717, 0.0017652430061797515, 0.003934693295308597, 0.01043841630010288, 0.005625235577581248, 0.012281917222248433, 0.014939080341755668, 0.003189435216416357, 0.008212693933206384, 0.006192389737246408, 0.002381987318126804, 0.009427746616614812, 0.006279037138428923, 0.002607426311122796, 0.005998850691007238]}, {'overall_acc': 0.8347153123272526, 'bal_acc': 0.7997893012667179, 'avg_odds_diff': 0.06783581103686359, 'disp_imp': 0.4573889415291753, 'stat_par_diff': 0.18666268850287668, 'eq_opp_diff': 0.05505405577621547, 'theil_ind': 0.10356874256301835, 'TPR': 0.7281553398058253, 'TNR': 0.8714232627276105, 'FPR': 0.12857673727238944, 'FNR': 0.27184466019417475, 'GTPR': 1.0, 'GTNR': 1.0, 'GFPR': 0.0, 'GFNR': 0.0, 'PPV': 0.6611165523996082, 'NPV': 0.9029649595687331, 'FDR': 0.3388834476003918, 'FOR': 0.09703504043126684, 'ACC': 0.8347153123272526, 'MCC': 0.5815592873137919, 'f1_score': 0.6930184804928131, 'fitness': 0.5265052315375764, 'solution': {'corr_type': 'spearman', 'l2': 0.001, 'dropout': 0.19399668074875392, 'privileged_demotion': 0.0634978353603823, 'privileged_promotion': 0.25026321723309497, 'protected_demotion': 0.037284958807941915, 'protected_promotion': 0.5826029346379712}, 'corr': [0.09516396700495222, 0.009981821688332263, 1.0, 0.06347492071424835, 0.04109704156886009, 0.26588526104811544, 0.0025873439500123272, 0.04292865968998173, 0.065998210573249, 0.08260645111461447, 0.1055445131637378, 0.027832272346642956, 0.0030510566673584054, 0.00413818775483743, 0.005320423434259286, 0.0059919964136058, 0.014592963246195445, 0.01644455228132834, 0.02149197211423564, 0.014583484940431705, 0.034805096253359084, 0.009070587829377022, 0.011714945286414173, 0.031631288785333916, 0.022195575343963558, 0.002896806349253043, 0.0017252206327069166, 0.04623399214893745, 0.059211603481235525, 0.2349448391855346, 0.0197860190396814, 0.4344202669455709, 0.03133834090780558, 0.18232271523282986, 0.10345965966453564, 0.17176497878117272, 0.27221176210051345, 0.012848939913179924, 0.2271742749556096, 0.02449665983155396, 0.10321676981344327, 0.09323616245663625, 0.03265247430736573, 0.1688523028255503, 0.09186132040235351, 0.036800282139146774, 0.059878909069858585, 0.017132884011599805, 0.025902238967996618, 0.1332561878469154, 0.5808076783487023, 0.17180615369203775, 0.04957588203959859, 0.10452223789560693, 0.3167011935435912, 0.3225640577475257, 0.005148161615407603, 0.0025263645213903195, 0.11533105027787278, 0.005843638873823742, 0.10100690935836013, 0.009246325871746864, 0.006645419970608643, 0.010379359167426097, 0.0015075338353145466, 0.0070590836693404475, 0.011730416210871956, 0.006400565072258058, 0.005837929342395944, 0.001604761886790091, 0.0019450063756789751, 0.01696963394956161, 0.00873837229595129, 0.007900681540613743, 0.00013968706004713027, 0.008505536561890407, 0.011673635815824243, 0.006818221810680846, 0.010728108703025641, 0.025042058880571857, 0.007043397984914324, 0.0013068778636076627, 0.008761908703005911, 0.025291394151194153, 0.006457038691846156, 0.00168399914209265, 0.03082402052253607, 0.003079016484824717, 0.0017652430061797515, 0.003934693295308597, 0.01043841630010288, 0.005625235577581248, 0.012281917222248433, 0.014939080341755668, 0.003189435216416357, 0.008212693933206384, 0.006192389737246408, 0.002381987318126804, 0.009427746616614812, 0.006279037138428923, 0.002607426311122796, 0.005998850691007238]}, {'overall_acc': 0.8351299060254284, 'bal_acc': 0.7967090950417248, 'avg_odds_diff': 0.0840989437977889, 'disp_imp': 0.46587485908248066, 'stat_par_diff': 0.17943956180410878, 'eq_opp_diff': 0.0889035208824509, 'theil_ind': 0.1056933594064911, 'TPR': 0.7179072276159655, 'TNR': 0.8755109624674842, 'FPR': 0.12448903753251579, 'FNR': 0.2820927723840345, 'GTPR': 1.0, 'GTNR': 1.0, 'GFPR': 0.0, 'GFNR': 0.0, 'PPV': 0.665167416291854, 'NPV': 0.9000955109837632, 'FDR': 0.33483258370814595, 'FOR': 0.09990448901623687, 'ACC': 0.8351299060254284, 'MCC': 0.5791694943841305, 'f1_score': 0.6905317769130997, 'fitness': 0.49026597350167955, 'solution': {'corr_type': 'spearman', 'l2': 0.001, 'dropout': 0.17741256112751194, 'privileged_demotion': 0.037887770838236676, 'privileged_promotion': 0.17452892358191952, 'protected_demotion': 0.03493285570484723, 'protected_promotion': 0.5892334527455259}, 'corr': [0.09516396700495222, 0.009981821688332263, 1.0, 0.06347492071424835, 0.04109704156886009, 0.26588526104811544, 0.0025873439500123272, 0.04292865968998173, 0.065998210573249, 0.08260645111461447, 0.1055445131637378, 0.027832272346642956, 0.0030510566673584054, 0.00413818775483743, 0.005320423434259286, 0.0059919964136058, 0.014592963246195445, 0.01644455228132834, 0.02149197211423564, 0.014583484940431705, 0.034805096253359084, 0.009070587829377022, 0.011714945286414173, 0.031631288785333916, 0.022195575343963558, 0.002896806349253043, 0.0017252206327069166, 0.04623399214893745, 0.059211603481235525, 0.2349448391855346, 0.0197860190396814, 0.4344202669455709, 0.03133834090780558, 0.18232271523282986, 0.10345965966453564, 0.17176497878117272, 0.27221176210051345, 0.012848939913179924, 0.2271742749556096, 0.02449665983155396, 0.10321676981344327, 0.09323616245663625, 0.03265247430736573, 0.1688523028255503, 0.09186132040235351, 0.036800282139146774, 0.059878909069858585, 0.017132884011599805, 0.025902238967996618, 0.1332561878469154, 0.5808076783487023, 0.17180615369203775, 0.04957588203959859, 0.10452223789560693, 0.3167011935435912, 0.3225640577475257, 0.005148161615407603, 0.0025263645213903195, 0.11533105027787278, 0.005843638873823742, 0.10100690935836013, 0.009246325871746864, 0.006645419970608643, 0.010379359167426097, 0.0015075338353145466, 0.0070590836693404475, 0.011730416210871956, 0.006400565072258058, 0.005837929342395944, 0.001604761886790091, 0.0019450063756789751, 0.01696963394956161, 0.00873837229595129, 0.007900681540613743, 0.00013968706004713027, 0.008505536561890407, 0.011673635815824243, 0.006818221810680846, 0.010728108703025641, 0.025042058880571857, 0.007043397984914324, 0.0013068778636076627, 0.008761908703005911, 0.025291394151194153, 0.006457038691846156, 0.00168399914209265, 0.03082402052253607, 0.003079016484824717, 0.0017652430061797515, 0.003934693295308597, 0.01043841630010288, 0.005625235577581248, 0.012281917222248433, 0.014939080341755668, 0.003189435216416357, 0.008212693933206384, 0.006192389737246408, 0.002381987318126804, 0.009427746616614812, 0.006279037138428923, 0.002607426311122796, 0.005998850691007238]}, {'overall_acc': 0.8304311774461028, 'bal_acc': 0.8069860700717603, 'avg_odds_diff': 0.0626262623283152, 'disp_imp': 0.42344726461506643, 'stat_par_diff': 0.21537341850742972, 'eq_opp_diff': 0.019137231579618108, 'theil_ind': 0.09786790801345853, 'TPR': 0.7588996763754046, 'TNR': 0.855072463768116, 'FPR': 0.14492753623188406, 'FNR': 0.24110032362459546, 'GTPR': 1.0, 'GTNR': 1.0, 'GFPR': 0.0, 'GFNR': 0.0, 'PPV': 0.6433470507544582, 'NPV': 0.9114676173499703, 'FDR': 0.35665294924554186, 'FOR': 0.0885323826500297, 'ACC': 0.8304311774461028, 'MCC': 0.5836443687375841, 'f1_score': 0.696362286562732, 'fitness': 0.564507137157966, 'solution': {'corr_type': 'spearman', 'l2': 0.001, 'dropout': 0.19471074694705556, 'privileged_demotion': 0.03878901542078915, 'privileged_promotion': 0.25365412171501545, 'protected_demotion': 0.03996448995588595, 'protected_promotion': 0.5840114048201123}, 'corr': [0.09516396700495222, 0.009981821688332263, 1.0, 0.06347492071424835, 0.04109704156886009, 0.26588526104811544, 0.0025873439500123272, 0.04292865968998173, 0.065998210573249, 0.08260645111461447, 0.1055445131637378, 0.027832272346642956, 0.0030510566673584054, 0.00413818775483743, 0.005320423434259286, 0.0059919964136058, 0.014592963246195445, 0.01644455228132834, 0.02149197211423564, 0.014583484940431705, 0.034805096253359084, 0.009070587829377022, 0.011714945286414173, 0.031631288785333916, 0.022195575343963558, 0.002896806349253043, 0.0017252206327069166, 0.04623399214893745, 0.059211603481235525, 0.2349448391855346, 0.0197860190396814, 0.4344202669455709, 0.03133834090780558, 0.18232271523282986, 0.10345965966453564, 0.17176497878117272, 0.27221176210051345, 0.012848939913179924, 0.2271742749556096, 0.02449665983155396, 0.10321676981344327, 0.09323616245663625, 0.03265247430736573, 0.1688523028255503, 0.09186132040235351, 0.036800282139146774, 0.059878909069858585, 0.017132884011599805, 0.025902238967996618, 0.1332561878469154, 0.5808076783487023, 0.17180615369203775, 0.04957588203959859, 0.10452223789560693, 0.3167011935435912, 0.3225640577475257, 0.005148161615407603, 0.0025263645213903195, 0.11533105027787278, 0.005843638873823742, 0.10100690935836013, 0.009246325871746864, 0.006645419970608643, 0.010379359167426097, 0.0015075338353145466, 0.0070590836693404475, 0.011730416210871956, 0.006400565072258058, 0.005837929342395944, 0.001604761886790091, 0.0019450063756789751, 0.01696963394956161, 0.00873837229595129, 0.007900681540613743, 0.00013968706004713027, 0.008505536561890407, 0.011673635815824243, 0.006818221810680846, 0.010728108703025641, 0.025042058880571857, 0.007043397984914324, 0.0013068778636076627, 0.008761908703005911, 0.025291394151194153, 0.006457038691846156, 0.00168399914209265, 0.03082402052253607, 0.003079016484824717, 0.0017652430061797515, 0.003934693295308597, 0.01043841630010288, 0.005625235577581248, 0.012281917222248433, 0.014939080341755668, 0.003189435216416357, 0.008212693933206384, 0.006192389737246408, 0.002381987318126804, 0.009427746616614812, 0.006279037138428923, 0.002607426311122796, 0.005998850691007238]}, {'overall_acc': 0.8305693753454948, 'bal_acc': 0.8072557572346513, 'avg_odds_diff': 0.06572358124715266, 'disp_imp': 0.3912230513303223, 'stat_par_diff': 0.23055540225444612, 'eq_opp_diff': 0.01212095466677987, 'theil_ind': 0.09771692698904336, 'TPR': 0.7594390507011867, 'TNR': 0.855072463768116, 'FPR': 0.14492753623188406, 'FNR': 0.2405609492988134, 'GTPR': 1.0, 'GTNR': 1.0, 'GFPR': 0.0, 'GFNR': 0.0, 'PPV': 0.643510054844607, 'NPV': 0.911648177496038, 'FDR': 0.35648994515539306, 'FOR': 0.08835182250396197, 'ACC': 0.8305693753454948, 'MCC': 0.584081437922616, 'f1_score': 0.6966848095002474, 'fitness': 0.5719604832558361, 'solution': {'corr_type': 'spearman', 'l2': 0.001, 'dropout': 0.19167491682815382, 'privileged_demotion': 0.03483161372473643, 'privileged_promotion': 0.2606587243123266, 'protected_demotion': 0.03222291655700306, 'protected_promotion': 0.5395606689462598}, 'corr': [0.09516396700495222, 0.009981821688332263, 1.0, 0.06347492071424835, 0.04109704156886009, 0.26588526104811544, 0.0025873439500123272, 0.04292865968998173, 0.065998210573249, 0.08260645111461447, 0.1055445131637378, 0.027832272346642956, 0.0030510566673584054, 0.00413818775483743, 0.005320423434259286, 0.0059919964136058, 0.014592963246195445, 0.01644455228132834, 0.02149197211423564, 0.014583484940431705, 0.034805096253359084, 0.009070587829377022, 0.011714945286414173, 0.031631288785333916, 0.022195575343963558, 0.002896806349253043, 0.0017252206327069166, 0.04623399214893745, 0.059211603481235525, 0.2349448391855346, 0.0197860190396814, 0.4344202669455709, 0.03133834090780558, 0.18232271523282986, 0.10345965966453564, 0.17176497878117272, 0.27221176210051345, 0.012848939913179924, 0.2271742749556096, 0.02449665983155396, 0.10321676981344327, 0.09323616245663625, 0.03265247430736573, 0.1688523028255503, 0.09186132040235351, 0.036800282139146774, 0.059878909069858585, 0.017132884011599805, 0.025902238967996618, 0.1332561878469154, 0.5808076783487023, 0.17180615369203775, 0.04957588203959859, 0.10452223789560693, 0.3167011935435912, 0.3225640577475257, 0.005148161615407603, 0.0025263645213903195, 0.11533105027787278, 0.005843638873823742, 0.10100690935836013, 0.009246325871746864, 0.006645419970608643, 0.010379359167426097, 0.0015075338353145466, 0.0070590836693404475, 0.011730416210871956, 0.006400565072258058, 0.005837929342395944, 0.001604761886790091, 0.0019450063756789751, 0.01696963394956161, 0.00873837229595129, 0.007900681540613743, 0.00013968706004713027, 0.008505536561890407, 0.011673635815824243, 0.006818221810680846, 0.010728108703025641, 0.025042058880571857, 0.007043397984914324, 0.0013068778636076627, 0.008761908703005911, 0.025291394151194153, 0.006457038691846156, 0.00168399914209265, 0.03082402052253607, 0.003079016484824717, 0.0017652430061797515, 0.003934693295308597, 0.01043841630010288, 0.005625235577581248, 0.012281917222248433, 0.014939080341755668, 0.003189435216416357, 0.008212693933206384, 0.006192389737246408, 0.002381987318126804, 0.009427746616614812, 0.006279037138428923, 0.002607426311122796, 0.005998850691007238]}, {'overall_acc': 0.8399668325041459, 'bal_acc': 0.8121588322094865, 'avg_odds_diff': 0.08869608317502849, 'disp_imp': 0.3372324182381988, 'stat_par_diff': 0.2468946177513487, 'eq_opp_diff': 0.04645893955806657, 'theil_ind': 0.0964041464329119, 'TPR': 0.7551240560949298, 'TNR': 0.8691936083240431, 'FPR': 0.1308063916759569, 'FNR': 0.24487594390507011, 'GTPR': 1.0, 'GTNR': 1.0, 'GFPR': 0.0, 'GFNR': 0.0, 'PPV': 0.6653992395437263, 'NPV': 0.9115354637568199, 'FDR': 0.33460076045627374, 'FOR': 0.08846453624318004, 'ACC': 0.8399668325041459, 'MCC': 0.6001587510707898, 'f1_score': 0.7074279939363316, 'fitness': 0.5536998115127232, 'solution': {'corr_type': 'spearman', 'l2': 0.001, 'dropout': 0.19207743650303102, 'privileged_demotion': 0.03867861243553905, 'privileged_promotion': 0.262777394088946, 'protected_demotion': 0.11091920295104493, 'protected_promotion': 0.4658008572672839}, 'corr': [0.09516396700495222, 0.009981821688332263, 1.0, 0.06347492071424835, 0.04109704156886009, 0.26588526104811544, 0.0025873439500123272, 0.04292865968998173, 0.065998210573249, 0.08260645111461447, 0.1055445131637378, 0.027832272346642956, 0.0030510566673584054, 0.00413818775483743, 0.005320423434259286, 0.0059919964136058, 0.014592963246195445, 0.01644455228132834, 0.02149197211423564, 0.014583484940431705, 0.034805096253359084, 0.009070587829377022, 0.011714945286414173, 0.031631288785333916, 0.022195575343963558, 0.002896806349253043, 0.0017252206327069166, 0.04623399214893745, 0.059211603481235525, 0.2349448391855346, 0.0197860190396814, 0.4344202669455709, 0.03133834090780558, 0.18232271523282986, 0.10345965966453564, 0.17176497878117272, 0.27221176210051345, 0.012848939913179924, 0.2271742749556096, 0.02449665983155396, 0.10321676981344327, 0.09323616245663625, 0.03265247430736573, 0.1688523028255503, 0.09186132040235351, 0.036800282139146774, 0.059878909069858585, 0.017132884011599805, 0.025902238967996618, 0.1332561878469154, 0.5808076783487023, 0.17180615369203775, 0.04957588203959859, 0.10452223789560693, 0.3167011935435912, 0.3225640577475257, 0.005148161615407603, 0.0025263645213903195, 0.11533105027787278, 0.005843638873823742, 0.10100690935836013, 0.009246325871746864, 0.006645419970608643, 0.010379359167426097, 0.0015075338353145466, 0.0070590836693404475, 0.011730416210871956, 0.006400565072258058, 0.005837929342395944, 0.001604761886790091, 0.0019450063756789751, 0.01696963394956161, 0.00873837229595129, 0.007900681540613743, 0.00013968706004713027, 0.008505536561890407, 0.011673635815824243, 0.006818221810680846, 0.010728108703025641, 0.025042058880571857, 0.007043397984914324, 0.0013068778636076627, 0.008761908703005911, 0.025291394151194153, 0.006457038691846156, 0.00168399914209265, 0.03082402052253607, 0.003079016484824717, 0.0017652430061797515, 0.003934693295308597, 0.01043841630010288, 0.005625235577581248, 0.012281917222248433, 0.014939080341755668, 0.003189435216416357, 0.008212693933206384, 0.006192389737246408, 0.002381987318126804, 0.009427746616614812, 0.006279037138428923, 0.002607426311122796, 0.005998850691007238]}, {'overall_acc': 0.8380320619126589, 'bal_acc': 0.8089135666172391, 'avg_odds_diff': 0.06479409697060157, 'disp_imp': 0.3734035716206868, 'stat_par_diff': 0.22901840533119938, 'eq_opp_diff': 0.013274994159002573, 'theil_ind': 0.0981689991235886, 'TPR': 0.7491909385113269, 'TNR': 0.8686361947231512, 'FPR': 0.13136380527684877, 'FNR': 0.25080906148867316, 'GTPR': 1.0, 'GTNR': 1.0, 'GFPR': 0.0, 'GFNR': 0.0, 'PPV': 0.6626908396946565, 'NPV': 0.9095330739299611, 'FDR': 0.3373091603053435, 'FOR': 0.09046692607003891, 'ACC': 0.8380320619126589, 'MCC': 0.5945884796419377, 'f1_score': 0.7032911392405063, 'fitness': 0.5813134854829352, 'solution': {'corr_type': 'spearman', 'l2': 0.001, 'dropout': 0.19149007585957342, 'privileged_demotion': 0.04195437861240208, 'privileged_promotion': 0.25667290676698734, 'protected_demotion': 0.03414878276518714, 'protected_promotion': 0.4629620355181042}, 'corr': [0.09516396700495222, 0.009981821688332263, 1.0, 0.06347492071424835, 0.04109704156886009, 0.26588526104811544, 0.0025873439500123272, 0.04292865968998173, 0.065998210573249, 0.08260645111461447, 0.1055445131637378, 0.027832272346642956, 0.0030510566673584054, 0.00413818775483743, 0.005320423434259286, 0.0059919964136058, 0.014592963246195445, 0.01644455228132834, 0.02149197211423564, 0.014583484940431705, 0.034805096253359084, 0.009070587829377022, 0.011714945286414173, 0.031631288785333916, 0.022195575343963558, 0.002896806349253043, 0.0017252206327069166, 0.04623399214893745, 0.059211603481235525, 0.2349448391855346, 0.0197860190396814, 0.4344202669455709, 0.03133834090780558, 0.18232271523282986, 0.10345965966453564, 0.17176497878117272, 0.27221176210051345, 0.012848939913179924, 0.2271742749556096, 0.02449665983155396, 0.10321676981344327, 0.09323616245663625, 0.03265247430736573, 0.1688523028255503, 0.09186132040235351, 0.036800282139146774, 0.059878909069858585, 0.017132884011599805, 0.025902238967996618, 0.1332561878469154, 0.5808076783487023, 0.17180615369203775, 0.04957588203959859, 0.10452223789560693, 0.3167011935435912, 0.3225640577475257, 0.005148161615407603, 0.0025263645213903195, 0.11533105027787278, 0.005843638873823742, 0.10100690935836013, 0.009246325871746864, 0.006645419970608643, 0.010379359167426097, 0.0015075338353145466, 0.0070590836693404475, 0.011730416210871956, 0.006400565072258058, 0.005837929342395944, 0.001604761886790091, 0.0019450063756789751, 0.01696963394956161, 0.00873837229595129, 0.007900681540613743, 0.00013968706004713027, 0.008505536561890407, 0.011673635815824243, 0.006818221810680846, 0.010728108703025641, 0.025042058880571857, 0.007043397984914324, 0.0013068778636076627, 0.008761908703005911, 0.025291394151194153, 0.006457038691846156, 0.00168399914209265, 0.03082402052253607, 0.003079016484824717, 0.0017652430061797515, 0.003934693295308597, 0.01043841630010288, 0.005625235577581248, 0.012281917222248433, 0.014939080341755668, 0.003189435216416357, 0.008212693933206384, 0.006192389737246408, 0.002381987318126804, 0.009427746616614812, 0.006279037138428923, 0.002607426311122796, 0.005998850691007238]}, {'overall_acc': 0.7693477059148701, 'bal_acc': 0.7698125358530592, 'avg_odds_diff': 0.15309607580244927, 'disp_imp': 1.0513825659375409, 'stat_par_diff': 0.018663336966569577, 'eq_opp_diff': 0.16716580644704515, 'theil_ind': 0.10687240816458815, 'TPR': 0.7707659115426105, 'TNR': 0.768859160163508, 'FPR': 0.231140839836492, 'FNR': 0.22923408845738943, 'GTPR': 1.0, 'GTNR': 1.0, 'GFPR': 0.0, 'GFNR': 0.0, 'PPV': 0.5346053123830902, 'NPV': 0.9068595222441377, 'FDR': 0.46539468761690983, 'FOR': 0.09314047775586237, 'ACC': 0.7693477059148701, 'MCC': 0.48808348982673816, 'f1_score': 0.6313231720786393, 'fitness': 0.320917683379693, 'solution': {'corr_type': 'spearman', 'l2': 0.0001, 'dropout': 0.19119418515815356, 'privileged_demotion': 0.0366823893585997, 'privileged_promotion': 0.261220987741008, 'protected_demotion': 0.5480051240557483, 'protected_promotion': 0.46183363552472945}, 'corr': [0.09516396700495222, 0.009981821688332263, 1.0, 0.06347492071424835, 0.04109704156886009, 0.26588526104811544, 0.0025873439500123272, 0.04292865968998173, 0.065998210573249, 0.08260645111461447, 0.1055445131637378, 0.027832272346642956, 0.0030510566673584054, 0.00413818775483743, 0.005320423434259286, 0.0059919964136058, 0.014592963246195445, 0.01644455228132834, 0.02149197211423564, 0.014583484940431705, 0.034805096253359084, 0.009070587829377022, 0.011714945286414173, 0.031631288785333916, 0.022195575343963558, 0.002896806349253043, 0.0017252206327069166, 0.04623399214893745, 0.059211603481235525, 0.2349448391855346, 0.0197860190396814, 0.4344202669455709, 0.03133834090780558, 0.18232271523282986, 0.10345965966453564, 0.17176497878117272, 0.27221176210051345, 0.012848939913179924, 0.2271742749556096, 0.02449665983155396, 0.10321676981344327, 0.09323616245663625, 0.03265247430736573, 0.1688523028255503, 0.09186132040235351, 0.036800282139146774, 0.059878909069858585, 0.017132884011599805, 0.025902238967996618, 0.1332561878469154, 0.5808076783487023, 0.17180615369203775, 0.04957588203959859, 0.10452223789560693, 0.3167011935435912, 0.3225640577475257, 0.005148161615407603, 0.0025263645213903195, 0.11533105027787278, 0.005843638873823742, 0.10100690935836013, 0.009246325871746864, 0.006645419970608643, 0.010379359167426097, 0.0015075338353145466, 0.0070590836693404475, 0.011730416210871956, 0.006400565072258058, 0.005837929342395944, 0.001604761886790091, 0.0019450063756789751, 0.01696963394956161, 0.00873837229595129, 0.007900681540613743, 0.00013968706004713027, 0.008505536561890407, 0.011673635815824243, 0.006818221810680846, 0.010728108703025641, 0.025042058880571857, 0.007043397984914324, 0.0013068778636076627, 0.008761908703005911, 0.025291394151194153, 0.006457038691846156, 0.00168399914209265, 0.03082402052253607, 0.003079016484824717, 0.0017652430061797515, 0.003934693295308597, 0.01043841630010288, 0.005625235577581248, 0.012281917222248433, 0.014939080341755668, 0.003189435216416357, 0.008212693933206384, 0.006192389737246408, 0.002381987318126804, 0.009427746616614812, 0.006279037138428923, 0.002607426311122796, 0.005998850691007238]}, {'overall_acc': 0.7961580983969043, 'bal_acc': 0.8224854152460738, 'avg_odds_diff': 0.23900670477669012, 'disp_imp': 0.24540249373956596, 'stat_par_diff': 0.3991259537245271, 'eq_opp_diff': 0.18823587717621404, 'theil_ind': 0.07778814660811681, 'TPR': 0.8764832793959008, 'TNR': 0.7684875510962468, 'FPR': 0.23151244890375325, 'FNR': 0.12351672060409924, 'GTPR': 1.0, 'GTNR': 1.0, 'GFPR': 0.0, 'GFNR': 0.0, 'PPV': 0.566004876349704, 'NPV': 0.947537227949599, 'FDR': 0.4339951236502961, 'FOR': 0.05246277205040092, 'ACC': 0.7961580983969043, 'MCC': 0.5755168785557958, 'f1_score': 0.6878306878306878, 'fitness': 0.38728100137958177, 'solution': {'corr_type': 'spearman', 'l2': 0.001, 'dropout': 0.1936708056058214, 'privileged_demotion': 0.03294813221170728, 'privileged_promotion': 0.6065715489323492, 'protected_demotion': 0.10245529702236467, 'protected_promotion': 0.4732326530401441}, 'corr': [0.09516396700495222, 0.009981821688332263, 1.0, 0.06347492071424835, 0.04109704156886009, 0.26588526104811544, 0.0025873439500123272, 0.04292865968998173, 0.065998210573249, 0.08260645111461447, 0.1055445131637378, 0.027832272346642956, 0.0030510566673584054, 0.00413818775483743, 0.005320423434259286, 0.0059919964136058, 0.014592963246195445, 0.01644455228132834, 0.02149197211423564, 0.014583484940431705, 0.034805096253359084, 0.009070587829377022, 0.011714945286414173, 0.031631288785333916, 0.022195575343963558, 0.002896806349253043, 0.0017252206327069166, 0.04623399214893745, 0.059211603481235525, 0.2349448391855346, 0.0197860190396814, 0.4344202669455709, 0.03133834090780558, 0.18232271523282986, 0.10345965966453564, 0.17176497878117272, 0.27221176210051345, 0.012848939913179924, 0.2271742749556096, 0.02449665983155396, 0.10321676981344327, 0.09323616245663625, 0.03265247430736573, 0.1688523028255503, 0.09186132040235351, 0.036800282139146774, 0.059878909069858585, 0.017132884011599805, 0.025902238967996618, 0.1332561878469154, 0.5808076783487023, 0.17180615369203775, 0.04957588203959859, 0.10452223789560693, 0.3167011935435912, 0.3225640577475257, 0.005148161615407603, 0.0025263645213903195, 0.11533105027787278, 0.005843638873823742, 0.10100690935836013, 0.009246325871746864, 0.006645419970608643, 0.010379359167426097, 0.0015075338353145466, 0.0070590836693404475, 0.011730416210871956, 0.006400565072258058, 0.005837929342395944, 0.001604761886790091, 0.0019450063756789751, 0.01696963394956161, 0.00873837229595129, 0.007900681540613743, 0.00013968706004713027, 0.008505536561890407, 0.011673635815824243, 0.006818221810680846, 0.010728108703025641, 0.025042058880571857, 0.007043397984914324, 0.0013068778636076627, 0.008761908703005911, 0.025291394151194153, 0.006457038691846156, 0.00168399914209265, 0.03082402052253607, 0.003079016484824717, 0.0017652430061797515, 0.003934693295308597, 0.01043841630010288, 0.005625235577581248, 0.012281917222248433, 0.014939080341755668, 0.003189435216416357, 0.008212693933206384, 0.006192389737246408, 0.002381987318126804, 0.009427746616614812, 0.006279037138428923, 0.002607426311122796, 0.005998850691007238]}, {'overall_acc': 0.8356826976229962, 'bal_acc': 0.8114002806911207, 'avg_odds_diff': 0.0636485297402781, 'disp_imp': 0.38551106044547495, 'stat_par_diff': 0.2301794312835442, 'eq_opp_diff': 0.0072357568162669805, 'theil_ind': 0.09603798098414167, 'TPR': 0.761596548004315, 'TNR': 0.8612040133779264, 'FPR': 0.13879598662207357, 'FNR': 0.238403451995685, 'GTPR': 1.0, 'GTNR': 1.0, 'GFPR': 0.0, 'GFNR': 0.0, 'PPV': 0.6540064844835572, 'NPV': 0.9129407130194997, 'FDR': 0.3459935155164428, 'FOR': 0.08705928698050029, 'ACC': 0.8356826976229962, 'MCC': 0.5942180011401476, 'f1_score': 0.7037129329678544, 'fitness': 0.5869822443238806, 'solution': {'corr_type': 'spearman', 'l2': 0.001, 'dropout': 0.18872638196652755, 'privileged_demotion': 0.021219855455496678, 'privileged_promotion': 0.18474896834744547, 'protected_demotion': 0.08260524172971388, 'protected_promotion': 0.5409786204347465}, 'corr': [0.09516396700495222, 0.009981821688332263, 1.0, 0.06347492071424835, 0.04109704156886009, 0.26588526104811544, 0.0025873439500123272, 0.04292865968998173, 0.065998210573249, 0.08260645111461447, 0.1055445131637378, 0.027832272346642956, 0.0030510566673584054, 0.00413818775483743, 0.005320423434259286, 0.0059919964136058, 0.014592963246195445, 0.01644455228132834, 0.02149197211423564, 0.014583484940431705, 0.034805096253359084, 0.009070587829377022, 0.011714945286414173, 0.031631288785333916, 0.022195575343963558, 0.002896806349253043, 0.0017252206327069166, 0.04623399214893745, 0.059211603481235525, 0.2349448391855346, 0.0197860190396814, 0.4344202669455709, 0.03133834090780558, 0.18232271523282986, 0.10345965966453564, 0.17176497878117272, 0.27221176210051345, 0.012848939913179924, 0.2271742749556096, 0.02449665983155396, 0.10321676981344327, 0.09323616245663625, 0.03265247430736573, 0.1688523028255503, 0.09186132040235351, 0.036800282139146774, 0.059878909069858585, 0.017132884011599805, 0.025902238967996618, 0.1332561878469154, 0.5808076783487023, 0.17180615369203775, 0.04957588203959859, 0.10452223789560693, 0.3167011935435912, 0.3225640577475257, 0.005148161615407603, 0.0025263645213903195, 0.11533105027787278, 0.005843638873823742, 0.10100690935836013, 0.009246325871746864, 0.006645419970608643, 0.010379359167426097, 0.0015075338353145466, 0.0070590836693404475, 0.011730416210871956, 0.006400565072258058, 0.005837929342395944, 0.001604761886790091, 0.0019450063756789751, 0.01696963394956161, 0.00873837229595129, 0.007900681540613743, 0.00013968706004713027, 0.008505536561890407, 0.011673635815824243, 0.006818221810680846, 0.010728108703025641, 0.025042058880571857, 0.007043397984914324, 0.0013068778636076627, 0.008761908703005911, 0.025291394151194153, 0.006457038691846156, 0.00168399914209265, 0.03082402052253607, 0.003079016484824717, 0.0017652430061797515, 0.003934693295308597, 0.01043841630010288, 0.005625235577581248, 0.012281917222248433, 0.014939080341755668, 0.003189435216416357, 0.008212693933206384, 0.006192389737246408, 0.002381987318126804, 0.009427746616614812, 0.006279037138428923, 0.002607426311122796, 0.005998850691007238]}, {'overall_acc': 0.8387230514096186, 'bal_acc': 0.7991245539789229, 'avg_odds_diff': 0.07041430698798838, 'disp_imp': 0.40081973191565234, 'stat_par_diff': 0.20401840533119936, 'eq_opp_diff': 0.04077370205957109, 'theil_ind': 0.10476654658580424, 'TPR': 0.7179072276159655, 'TNR': 0.8803418803418803, 'FPR': 0.11965811965811966, 'FNR': 0.2820927723840345, 'GTPR': 1.0, 'GTNR': 1.0, 'GFPR': 0.0, 'GFNR': 0.0, 'PPV': 0.6739240506329114, 'NPV': 0.9005892415890515, 'FDR': 0.3260759493670886, 'FOR': 0.09941075841094849, 'ACC': 0.8387230514096186, 'MCC': 0.5862610890906154, 'f1_score': 0.6952206842517629, 'fitness': 0.5454873870310443, 'solution': {'corr_type': 'spearman', 'l2': 0.0001, 'dropout': 0.18981788620522103, 'privileged_demotion': 0.018540365712635135, 'privileged_promotion': 0.18504492662503513, 'protected_demotion': 0.08393490935990303, 'protected_promotion': 0.5444403883272522}, 'corr': [0.09516396700495222, 0.009981821688332263, 1.0, 0.06347492071424835, 0.04109704156886009, 0.26588526104811544, 0.0025873439500123272, 0.04292865968998173, 0.065998210573249, 0.08260645111461447, 0.1055445131637378, 0.027832272346642956, 0.0030510566673584054, 0.00413818775483743, 0.005320423434259286, 0.0059919964136058, 0.014592963246195445, 0.01644455228132834, 0.02149197211423564, 0.014583484940431705, 0.034805096253359084, 0.009070587829377022, 0.011714945286414173, 0.031631288785333916, 0.022195575343963558, 0.002896806349253043, 0.0017252206327069166, 0.04623399214893745, 0.059211603481235525, 0.2349448391855346, 0.0197860190396814, 0.4344202669455709, 0.03133834090780558, 0.18232271523282986, 0.10345965966453564, 0.17176497878117272, 0.27221176210051345, 0.012848939913179924, 0.2271742749556096, 0.02449665983155396, 0.10321676981344327, 0.09323616245663625, 0.03265247430736573, 0.1688523028255503, 0.09186132040235351, 0.036800282139146774, 0.059878909069858585, 0.017132884011599805, 0.025902238967996618, 0.1332561878469154, 0.5808076783487023, 0.17180615369203775, 0.04957588203959859, 0.10452223789560693, 0.3167011935435912, 0.3225640577475257, 0.005148161615407603, 0.0025263645213903195, 0.11533105027787278, 0.005843638873823742, 0.10100690935836013, 0.009246325871746864, 0.006645419970608643, 0.010379359167426097, 0.0015075338353145466, 0.0070590836693404475, 0.011730416210871956, 0.006400565072258058, 0.005837929342395944, 0.001604761886790091, 0.0019450063756789751, 0.01696963394956161, 0.00873837229595129, 0.007900681540613743, 0.00013968706004713027, 0.008505536561890407, 0.011673635815824243, 0.006818221810680846, 0.010728108703025641, 0.025042058880571857, 0.007043397984914324, 0.0013068778636076627, 0.008761908703005911, 0.025291394151194153, 0.006457038691846156, 0.00168399914209265, 0.03082402052253607, 0.003079016484824717, 0.0017652430061797515, 0.003934693295308597, 0.01043841630010288, 0.005625235577581248, 0.012281917222248433, 0.014939080341755668, 0.003189435216416357, 0.008212693933206384, 0.006192389737246408, 0.002381987318126804, 0.009427746616614812, 0.006279037138428923, 0.002607426311122796, 0.005998850691007238]}, {'overall_acc': 0.8369264787175235, 'bal_acc': 0.8113524766120799, 'avg_odds_diff': 0.10206570209298567, 'disp_imp': 0.3204492598655221, 'stat_par_diff': 0.2593244250058638, 'eq_opp_diff': 0.05962065376691239, 'theil_ind': 0.09632740973176389, 'TPR': 0.7588996763754046, 'TNR': 0.8638052768487551, 'FPR': 0.1361947231512449, 'FNR': 0.24110032362459546, 'GTPR': 1.0, 'GTNR': 1.0, 'GFPR': 0.0, 'GFNR': 0.0, 'PPV': 0.6574766355140187, 'NPV': 0.9122841444270016, 'FDR': 0.3425233644859813, 'FOR': 0.08771585557299844, 'ACC': 0.8369264787175235, 'MCC': 0.5956449108505283, 'f1_score': 0.7045568352528794, 'fitness': 0.5360242570836159, 'solution': {'corr_type': 'spearman', 'l2': 0.001, 'dropout': 0.19045689981113884, 'privileged_demotion': 0.022818503964490602, 'privileged_promotion': 0.2678479415708279, 'protected_demotion': 0.1088248174423252, 'protected_promotion': 0.46842935848489603}, 'corr': [0.09516396700495222, 0.009981821688332263, 1.0, 0.06347492071424835, 0.04109704156886009, 0.26588526104811544, 0.0025873439500123272, 0.04292865968998173, 0.065998210573249, 0.08260645111461447, 0.1055445131637378, 0.027832272346642956, 0.0030510566673584054, 0.00413818775483743, 0.005320423434259286, 0.0059919964136058, 0.014592963246195445, 0.01644455228132834, 0.02149197211423564, 0.014583484940431705, 0.034805096253359084, 0.009070587829377022, 0.011714945286414173, 0.031631288785333916, 0.022195575343963558, 0.002896806349253043, 0.0017252206327069166, 0.04623399214893745, 0.059211603481235525, 0.2349448391855346, 0.0197860190396814, 0.4344202669455709, 0.03133834090780558, 0.18232271523282986, 0.10345965966453564, 0.17176497878117272, 0.27221176210051345, 0.012848939913179924, 0.2271742749556096, 0.02449665983155396, 0.10321676981344327, 0.09323616245663625, 0.03265247430736573, 0.1688523028255503, 0.09186132040235351, 0.036800282139146774, 0.059878909069858585, 0.017132884011599805, 0.025902238967996618, 0.1332561878469154, 0.5808076783487023, 0.17180615369203775, 0.04957588203959859, 0.10452223789560693, 0.3167011935435912, 0.3225640577475257, 0.005148161615407603, 0.0025263645213903195, 0.11533105027787278, 0.005843638873823742, 0.10100690935836013, 0.009246325871746864, 0.006645419970608643, 0.010379359167426097, 0.0015075338353145466, 0.0070590836693404475, 0.011730416210871956, 0.006400565072258058, 0.005837929342395944, 0.001604761886790091, 0.0019450063756789751, 0.01696963394956161, 0.00873837229595129, 0.007900681540613743, 0.00013968706004713027, 0.008505536561890407, 0.011673635815824243, 0.006818221810680846, 0.010728108703025641, 0.025042058880571857, 0.007043397984914324, 0.0013068778636076627, 0.008761908703005911, 0.025291394151194153, 0.006457038691846156, 0.00168399914209265, 0.03082402052253607, 0.003079016484824717, 0.0017652430061797515, 0.003934693295308597, 0.01043841630010288, 0.005625235577581248, 0.012281917222248433, 0.014939080341755668, 0.003189435216416357, 0.008212693933206384, 0.006192389737246408, 0.002381987318126804, 0.009427746616614812, 0.006279037138428923, 0.002607426311122796, 0.005998850691007238]}, {'overall_acc': 0.7871752349364289, 'bal_acc': 0.8176842621756087, 'avg_odds_diff': 0.23872166065711947, 'disp_imp': 0.25616924566153676, 'stat_par_diff': 0.4023448171194415, 'eq_opp_diff': 0.1795204010110235, 'theil_ind': 0.07825644691348971, 'TPR': 0.8802588996763754, 'TNR': 0.7551096246748421, 'FPR': 0.24489037532515792, 'FNR': 0.11974110032362459, 'GTPR': 1.0, 'GTNR': 1.0, 'GFPR': 0.0, 'GFNR': 0.0, 'PPV': 0.5532203389830509, 'NPV': 0.9482034531031265, 'FDR': 0.44677966101694916, 'FOR': 0.05179654689687354, 'ACC': 0.7871752349364289, 'MCC': 0.56443679438214, 'f1_score': 0.6794338051623647, 'fitness': 0.3849163933711165, 'solution': {'corr_type': 'spearman', 'l2': 0.001, 'dropout': 0.1822000174121089, 'privileged_demotion': 0.021216201778666954, 'privileged_promotion': 0.61466836689984, 'protected_demotion': 0.07929299868866832, 'protected_promotion': 0.5378757658132575}, 'corr': [0.09516396700495222, 0.009981821688332263, 1.0, 0.06347492071424835, 0.04109704156886009, 0.26588526104811544, 0.0025873439500123272, 0.04292865968998173, 0.065998210573249, 0.08260645111461447, 0.1055445131637378, 0.027832272346642956, 0.0030510566673584054, 0.00413818775483743, 0.005320423434259286, 0.0059919964136058, 0.014592963246195445, 0.01644455228132834, 0.02149197211423564, 0.014583484940431705, 0.034805096253359084, 0.009070587829377022, 0.011714945286414173, 0.031631288785333916, 0.022195575343963558, 0.002896806349253043, 0.0017252206327069166, 0.04623399214893745, 0.059211603481235525, 0.2349448391855346, 0.0197860190396814, 0.4344202669455709, 0.03133834090780558, 0.18232271523282986, 0.10345965966453564, 0.17176497878117272, 0.27221176210051345, 0.012848939913179924, 0.2271742749556096, 0.02449665983155396, 0.10321676981344327, 0.09323616245663625, 0.03265247430736573, 0.1688523028255503, 0.09186132040235351, 0.036800282139146774, 0.059878909069858585, 0.017132884011599805, 0.025902238967996618, 0.1332561878469154, 0.5808076783487023, 0.17180615369203775, 0.04957588203959859, 0.10452223789560693, 0.3167011935435912, 0.3225640577475257, 0.005148161615407603, 0.0025263645213903195, 0.11533105027787278, 0.005843638873823742, 0.10100690935836013, 0.009246325871746864, 0.006645419970608643, 0.010379359167426097, 0.0015075338353145466, 0.0070590836693404475, 0.011730416210871956, 0.006400565072258058, 0.005837929342395944, 0.001604761886790091, 0.0019450063756789751, 0.01696963394956161, 0.00873837229595129, 0.007900681540613743, 0.00013968706004713027, 0.008505536561890407, 0.011673635815824243, 0.006818221810680846, 0.010728108703025641, 0.025042058880571857, 0.007043397984914324, 0.0013068778636076627, 0.008761908703005911, 0.025291394151194153, 0.006457038691846156, 0.00168399914209265, 0.03082402052253607, 0.003079016484824717, 0.0017652430061797515, 0.003934693295308597, 0.01043841630010288, 0.005625235577581248, 0.012281917222248433, 0.014939080341755668, 0.003189435216416357, 0.008212693933206384, 0.006192389737246408, 0.002381987318126804, 0.009427746616614812, 0.006279037138428923, 0.002607426311122796, 0.005998850691007238]}]",mcc_opportunity,ftl_mlp_initializer,adult_dataset_reader,"{'loss': [0.4092459382045444, 0.37954140846224527, 0.37299610631589447, 0.3686651793491079, 0.3652216880573549, 0.3628699384169085, 0.3601828892509468, 0.3583385021839085, 0.3568412569991684, 0.35560481190560633, 0.35473764345464964, 0.35298057085718854, 0.35198593264774436], 'val_loss': [0.38844051400293234, 0.38113202305377814, 0.37917990319434947, 0.3776961714441174, 0.3772427230793313, 0.3770155858489411, 0.3762686285048707, 0.37551165643550205, 0.3768629785596237, 0.37638100442997063, 0.3783618111746162, 0.3757153296088434, 0.37640291038898555]}"
3,0.8347153123272526,0.7065439890071751,0.14623404718140248,0.8484049410408119,0.02258850405749885,0.27665410284726555,0.15802487921167843,0.4524765729585007,0.9606114050558495,0.0393885949441505,0.5475234270414994,1.0,1.0,0.0,0.0,0.7909516380655226,0.8419425479840268,0.20904836193447737,0.1580574520159732,0.8347153123272526,0.5113129957396412,0.5756457564575646,0.8121268082697537,"{'corr_type': 'spearman', 'l2': 0.001, 'dropout': 0.18006554276316628, 'privileged_demotion': 0.6426148428149234, 'privileged_promotion': 0.2421245267356355, 'protected_demotion': 0.1546048288701339, 'protected_promotion': 0.6832444044252222}","[0.08979744216432879, 0.0025881328972818733, 1.0, 0.0665439816891328, 0.045159951075883276, 0.2651925291395557, 0.005293086095933256, 0.046005867671970735, 0.06859588718067584, 0.08735942890715694, 0.10581382957360083, 0.023347267333484908, 0.0038418425465878707, 0.005462366591413677, 0.007580954397183506, 0.004215884797932107, 0.00516687438574712, 0.020496368150409786, 0.02901884377832658, 0.015408020990779134, 0.025474129013785842, 0.0032702539753515216, 0.01525765902865037, 0.03212072201953174, 0.011447388957185752, 0.0045821258667037455, 0.004413286719182756, 0.04552485970645149, 0.05941467102273272, 0.23936528458418066, 0.01772184273476267, 0.43892440761620116, 0.04094407919988854, 0.17790707475591708, 0.10455163626117664, 0.1788187020403966, 0.2754906788508121, 0.012660770816825243, 0.22572727499140863, 0.029785566312420176, 0.10305273459131963, 0.09316096436944599, 0.03616774329143502, 0.16493430994817193, 0.09291952356258255, 0.03365221580323218, 0.06334330144303543, 0.027063332371282067, 0.024798871162363623, 0.1343573400998073, 0.582400166410535, 0.17297263080901135, 0.04737593682716518, 0.10431071004725018, 0.3218484175636905, 0.3171252633253222, 0.012515560126489175, 0.005149627078911257, 0.11097304393322259, 0.006990912330933612, 0.10063478295879642, 0.004927903978785689, 0.002609564369340023, 0.008495021809634386, 0.0006774639607875697, 0.007062992217480668, 0.013958711276499582, 0.0017807347267439885, 0.0012677130235263716, 0.0016002865168118008, 0.0008400864631045717, 0.010167399205508998, 0.01214325389410272, 0.003346489375970677, 0.008451435720181241, 0.007564425822023797, 0.00942349699364634, 0.001032297437170297, 0.005016623809871879, 0.024152299570875013, 0.014488234933279028, 0.0015817890081536163, 0.008337975448322571, 0.022371575512156985, 0.0034577777382489, 0.001291346704932447, 0.038548724956471735, 0.006351487204647786, 0.006124792436218588, 0.007284961837068977, 0.01435714260165993, 0.007810367626887551, 0.007687831569081136, 0.010313086657618023, 0.0014626675611500882, 0.0036934750018833185, 0.005639054455285939, 0.0095808739076236, 0.013764099554926119, 0.010016880180552247, 0.0007090494875725087, 0.004927903978785689]","[{'overall_acc': 0.7766721945826424, 'bal_acc': 0.7970464831390098, 'avg_odds_diff': 0.4898886362464555, 'disp_imp': 0.08846702723446101, 'stat_par_diff': 0.5067367115780772, 'eq_opp_diff': 0.6076785346007462, 'theil_ind': 0.08905460804762794, 'TPR': 0.8380900109769485, 'TNR': 0.7560029553010713, 'FPR': 0.24399704469892872, 'FNR': 0.1619099890230516, 'GTPR': 1.0, 'GTNR': 1.0, 'GFPR': 0.0, 'GFNR': 0.0, 'PPV': 0.5361657303370787, 'NPV': 0.932771194165907, 'FDR': 0.46383426966292135, 'FOR': 0.06722880583409298, 'ACC': 0.7766721945826424, 'MCC': 0.5278182722067043, 'f1_score': 0.6539614561027838, 'fitness': 0.26993548300456516, 'solution': {'corr_type': 'spearman', 'l2': 0.0001, 'dropout': 0.11145601334968631, 'privileged_demotion': 0.042504896096604905, 'privileged_promotion': 0.6688790400299819, 'protected_demotion': 0.43277565391316, 'protected_promotion': 0.10557479130593195}, 'corr': [0.09077788948924177, 0.003141075549940012, 1.0, 0.06707254648541233, 0.04405878060156745, 0.2677560392081955, 0.010390263878949348, 0.045649186253023374, 0.07002273346247687, 0.08772513656205903, 0.10499569131361021, 0.024349853858702288, 0.003346207210477006, 0.008721447166909934, 0.008516580176061817, 0.0064545950188989645, 0.006653656197700689, 0.02348965126105743, 0.027322650488287213, 0.015293781228612156, 0.022490956952876926, 0.008013507009928358, 0.014758288444036838, 0.03088991124156633, 0.010168198997268972, 0.008915108933240651, 0.005859625495151363, 0.045407637037739035, 0.06027718668441726, 0.2382555898602624, 0.016770186270579, 0.43890547344808195, 0.04129306156156269, 0.17833471061716483, 0.10536512582235072, 0.17875435225657393, 0.2765617988271952, 0.013594606541588564, 0.2272716168319427, 0.030270771185392963, 0.10063989947259931, 0.09094864930649048, 0.03654930373512998, 0.16759285263139206, 0.09343746923482214, 0.032230119495643444, 0.06373959815699029, 0.024696464629648984, 0.023062552121285614, 0.13523261435162304, 0.5825583998277074, 0.17412400734749697, 0.05210730382736026, 0.09910031727609238, 0.3229484116796712, 0.3163103844729845, 0.01425359020016891, 0.009019626372626512, 0.11712564408777118, 0.008644996944516207, 0.10872337687998798, 0.00386413442277796, 0.0012165817227382818, 0.0077754915797785444, 0.006133808140235992, 0.005873344250115684, 0.016799959016742954, 0.0011296962672038915, 0.002941229852465713, 0.0006657435531939935, 0.0012391546162224569, 0.016459449708140943, 0.014067242999868043, 0.004543566853862858, 0.013560064045063911, 0.008431526701740027, 0.014807632238338692, 0.0012391546162224569, 0.002259065718351871, 0.025990996724321355, 0.015591863846867718, 0.0012391546162224569, 0.010439404598234805, 0.020954511614776856, 0.0045904961535360765, 0.0019397078144089766, 0.03706729665842563, 0.010509513298174471, 0.011124648313213088, 0.005614548950236409, 0.014934956403765385, 0.006250212862476142, 0.007230805391550742, 0.009069031626643523, 0.0008760177282006686, 0.004334581508291528, 0.00639357728064353, 0.01088486940318393, 0.011802109319463574, 0.006249501806707717, 0.005091264582455193, 0.00782771201716572]}, {'overall_acc': 0.26160862354892206, 'bal_acc': 0.20832551051731152, 'avg_odds_diff': 0.42820226337366357, 'disp_imp': 2.472509612964098, 'stat_par_diff': 0.5377444621560635, 'eq_opp_diff': 0.40619551155858036, 'theil_ind': 0.30083532658379747, 'TPR': 0.10098792535675083, 'TNR': 0.3156630956778722, 'FPR': 0.6843369043221278, 'FNR': 0.8990120746432492, 'GTPR': 1.0, 'GTNR': 1.0, 'GFPR': 0.0, 'GFNR': 0.0, 'PPV': 0.047312933916173826, 'NPV': 0.5106065132954885, 'FDR': 0.9526870660838261, 'FOR': 0.4893934867045115, 'ACC': 0.26160862354892206, 'MCC': -0.5078259929242754, 'f1_score': 0.06443705130450009, 'fitness': -0.27613583860714147, 'solution': {'corr_type': 'spearman', 'l2': 0.0001, 'dropout': 0.029845370658022397, 'privileged_demotion': 0.19228667201855765, 'privileged_promotion': 0.937789086125569, 'protected_demotion': 0.6883306010075884, 'protected_promotion': 0.8094739770960498}, 'corr': [0.09077788948924177, 0.003141075549940012, 1.0, 0.06707254648541233, 0.04405878060156745, 0.2677560392081955, 0.010390263878949348, 0.045649186253023374, 0.07002273346247687, 0.08772513656205903, 0.10499569131361021, 0.024349853858702288, 0.003346207210477006, 0.008721447166909934, 0.008516580176061817, 0.0064545950188989645, 0.006653656197700689, 0.02348965126105743, 0.027322650488287213, 0.015293781228612156, 0.022490956952876926, 0.008013507009928358, 0.014758288444036838, 0.03088991124156633, 0.010168198997268972, 0.008915108933240651, 0.005859625495151363, 0.045407637037739035, 0.06027718668441726, 0.2382555898602624, 0.016770186270579, 0.43890547344808195, 0.04129306156156269, 0.17833471061716483, 0.10536512582235072, 0.17875435225657393, 0.2765617988271952, 0.013594606541588564, 0.2272716168319427, 0.030270771185392963, 0.10063989947259931, 0.09094864930649048, 0.03654930373512998, 0.16759285263139206, 0.09343746923482214, 0.032230119495643444, 0.06373959815699029, 0.024696464629648984, 0.023062552121285614, 0.13523261435162304, 0.5825583998277074, 0.17412400734749697, 0.05210730382736026, 0.09910031727609238, 0.3229484116796712, 0.3163103844729845, 0.01425359020016891, 0.009019626372626512, 0.11712564408777118, 0.008644996944516207, 0.10872337687998798, 0.00386413442277796, 0.0012165817227382818, 0.0077754915797785444, 0.006133808140235992, 0.005873344250115684, 0.016799959016742954, 0.0011296962672038915, 0.002941229852465713, 0.0006657435531939935, 0.0012391546162224569, 0.016459449708140943, 0.014067242999868043, 0.004543566853862858, 0.013560064045063911, 0.008431526701740027, 0.014807632238338692, 0.0012391546162224569, 0.002259065718351871, 0.025990996724321355, 0.015591863846867718, 0.0012391546162224569, 0.010439404598234805, 0.020954511614776856, 0.0045904961535360765, 0.0019397078144089766, 0.03706729665842563, 0.010509513298174471, 0.011124648313213088, 0.005614548950236409, 0.014934956403765385, 0.006250212862476142, 0.007230805391550742, 0.009069031626643523, 0.0008760177282006686, 0.004334581508291528, 0.00639357728064353, 0.01088486940318393, 0.011802109319463574, 0.006249501806707717, 0.005091264582455193, 0.00782771201716572]}, {'overall_acc': 0.8450801547816473, 'bal_acc': 0.7608295483068859, 'avg_odds_diff': 0.16366203185219805, 'disp_imp': 0.21377297565822154, 'stat_par_diff': 0.21102474016493444, 'eq_opp_diff': 0.2354744361325159, 'theil_ind': 0.12824726378370108, 'TPR': 0.5911086717892426, 'TNR': 0.930550424824529, 'FPR': 0.069449575175471, 'FNR': 0.4088913282107574, 'GTPR': 1.0, 'GTNR': 1.0, 'GFPR': 0.0, 'GFNR': 0.0, 'PPV': 0.7412250516173434, 'NPV': 0.8711741310738371, 'FDR': 0.2587749483826566, 'FOR': 0.12882586892616288, 'ACC': 0.8450801547816473, 'MCC': 0.565211114902824, 'f1_score': 0.6577099236641222, 'fitness': 0.6340554146167129, 'solution': {'corr_type': 'spearman', 'l2': 0.0001, 'dropout': 0.08928068918375656, 'privileged_demotion': 0.3869642694665062, 'privileged_promotion': 0.3673212181258281, 'protected_demotion': 0.47634116742532884, 'protected_promotion': 0.1726240227663628}, 'corr': [0.09077788948924177, 0.003141075549940012, 1.0, 0.06707254648541233, 0.04405878060156745, 0.2677560392081955, 0.010390263878949348, 0.045649186253023374, 0.07002273346247687, 0.08772513656205903, 0.10499569131361021, 0.024349853858702288, 0.003346207210477006, 0.008721447166909934, 0.008516580176061817, 0.0064545950188989645, 0.006653656197700689, 0.02348965126105743, 0.027322650488287213, 0.015293781228612156, 0.022490956952876926, 0.008013507009928358, 0.014758288444036838, 0.03088991124156633, 0.010168198997268972, 0.008915108933240651, 0.005859625495151363, 0.045407637037739035, 0.06027718668441726, 0.2382555898602624, 0.016770186270579, 0.43890547344808195, 0.04129306156156269, 0.17833471061716483, 0.10536512582235072, 0.17875435225657393, 0.2765617988271952, 0.013594606541588564, 0.2272716168319427, 0.030270771185392963, 0.10063989947259931, 0.09094864930649048, 0.03654930373512998, 0.16759285263139206, 0.09343746923482214, 0.032230119495643444, 0.06373959815699029, 0.024696464629648984, 0.023062552121285614, 0.13523261435162304, 0.5825583998277074, 0.17412400734749697, 0.05210730382736026, 0.09910031727609238, 0.3229484116796712, 0.3163103844729845, 0.01425359020016891, 0.009019626372626512, 0.11712564408777118, 0.008644996944516207, 0.10872337687998798, 0.00386413442277796, 0.0012165817227382818, 0.0077754915797785444, 0.006133808140235992, 0.005873344250115684, 0.016799959016742954, 0.0011296962672038915, 0.002941229852465713, 0.0006657435531939935, 0.0012391546162224569, 0.016459449708140943, 0.014067242999868043, 0.004543566853862858, 0.013560064045063911, 0.008431526701740027, 0.014807632238338692, 0.0012391546162224569, 0.002259065718351871, 0.025990996724321355, 0.015591863846867718, 0.0012391546162224569, 0.010439404598234805, 0.020954511614776856, 0.0045904961535360765, 0.0019397078144089766, 0.03706729665842563, 0.010509513298174471, 0.011124648313213088, 0.005614548950236409, 0.014934956403765385, 0.006250212862476142, 0.007230805391550742, 0.009069031626643523, 0.0008760177282006686, 0.004334581508291528, 0.00639357728064353, 0.01088486940318393, 0.011802109319463574, 0.006249501806707717, 0.005091264582455193, 0.00782771201716572]}, {'overall_acc': 0.5993642896627971, 'bal_acc': 0.6029981018435353, 'avg_odds_diff': 0.5152653225519351, 'disp_imp': 2.9350859542179712, 'stat_par_diff': 0.5449560891809455, 'eq_opp_diff': 0.2581135046965521, 'theil_ind': 0.16222694553082245, 'TPR': 0.610318331503842, 'TNR': 0.5956778721832287, 'FPR': 0.40432212781677135, 'FNR': 0.3896816684961581, 'GTPR': 1.0, 'GTNR': 1.0, 'GFPR': 0.0, 'GFNR': 0.0, 'PPV': 0.33686761587397757, 'NPV': 0.8195679796696315, 'FDR': 0.6631323841260224, 'FOR': 0.18043202033036848, 'ACC': 0.5993642896627971, 'MCC': 0.17951361732055168, 'f1_score': 0.43412063244192856, 'fitness': 0.054408200481851576, 'solution': {'corr_type': 'spearman', 'l2': 0.001, 'dropout': 0.11256636884434662, 'privileged_demotion': 0.06311142338551656, 'privileged_promotion': 0.13999632606158563, 'protected_demotion': 0.3716726150282461, 'protected_promotion': 0.676411405948572}, 'corr': [0.09077788948924177, 0.003141075549940012, 1.0, 0.06707254648541233, 0.04405878060156745, 0.2677560392081955, 0.010390263878949348, 0.045649186253023374, 0.07002273346247687, 0.08772513656205903, 0.10499569131361021, 0.024349853858702288, 0.003346207210477006, 0.008721447166909934, 0.008516580176061817, 0.0064545950188989645, 0.006653656197700689, 0.02348965126105743, 0.027322650488287213, 0.015293781228612156, 0.022490956952876926, 0.008013507009928358, 0.014758288444036838, 0.03088991124156633, 0.010168198997268972, 0.008915108933240651, 0.005859625495151363, 0.045407637037739035, 0.06027718668441726, 0.2382555898602624, 0.016770186270579, 0.43890547344808195, 0.04129306156156269, 0.17833471061716483, 0.10536512582235072, 0.17875435225657393, 0.2765617988271952, 0.013594606541588564, 0.2272716168319427, 0.030270771185392963, 0.10063989947259931, 0.09094864930649048, 0.03654930373512998, 0.16759285263139206, 0.09343746923482214, 0.032230119495643444, 0.06373959815699029, 0.024696464629648984, 0.023062552121285614, 0.13523261435162304, 0.5825583998277074, 0.17412400734749697, 0.05210730382736026, 0.09910031727609238, 0.3229484116796712, 0.3163103844729845, 0.01425359020016891, 0.009019626372626512, 0.11712564408777118, 0.008644996944516207, 0.10872337687998798, 0.00386413442277796, 0.0012165817227382818, 0.0077754915797785444, 0.006133808140235992, 0.005873344250115684, 0.016799959016742954, 0.0011296962672038915, 0.002941229852465713, 0.0006657435531939935, 0.0012391546162224569, 0.016459449708140943, 0.014067242999868043, 0.004543566853862858, 0.013560064045063911, 0.008431526701740027, 0.014807632238338692, 0.0012391546162224569, 0.002259065718351871, 0.025990996724321355, 0.015591863846867718, 0.0012391546162224569, 0.010439404598234805, 0.020954511614776856, 0.0045904961535360765, 0.0019397078144089766, 0.03706729665842563, 0.010509513298174471, 0.011124648313213088, 0.005614548950236409, 0.014934956403765385, 0.006250212862476142, 0.007230805391550742, 0.009069031626643523, 0.0008760177282006686, 0.004334581508291528, 0.00639357728064353, 0.01088486940318393, 0.011802109319463574, 0.006249501806707717, 0.005091264582455193, 0.00782771201716572]}, {'overall_acc': 0.8489496959646213, 'bal_acc': 0.7688775532961867, 'avg_odds_diff': 0.07607339500681182, 'disp_imp': 0.337875055820147, 'stat_par_diff': 0.17246483397608614, 'eq_opp_diff': 0.08407859459662148, 'theil_ind': 0.12364792358254552, 'TPR': 0.6075740944017564, 'TNR': 0.9301810121906169, 'FPR': 0.06981898780938309, 'FNR': 0.3924259055982437, 'GTPR': 1.0, 'GTNR': 1.0, 'GFPR': 0.0, 'GFNR': 0.0, 'PPV': 0.7454545454545455, 'NPV': 0.8756737958615893, 'FDR': 0.2545454545454545, 'FOR': 0.12432620413841071, 'ACC': 0.8489496959646213, 'MCC': 0.5779402541716592, 'f1_score': 0.6694889628061688, 'fitness': 0.6764848619885352, 'solution': {'corr_type': 'spearman', 'l2': 0.0001, 'dropout': 0.13467069366174075, 'privileged_demotion': 0.3623096577154652, 'privileged_promotion': 0.2865775055259927, 'protected_demotion': 0.037741093252399605, 'protected_promotion': 0.07612722160650287}, 'corr': [0.09077788948924177, 0.003141075549940012, 1.0, 0.06707254648541233, 0.04405878060156745, 0.2677560392081955, 0.010390263878949348, 0.045649186253023374, 0.07002273346247687, 0.08772513656205903, 0.10499569131361021, 0.024349853858702288, 0.003346207210477006, 0.008721447166909934, 0.008516580176061817, 0.0064545950188989645, 0.006653656197700689, 0.02348965126105743, 0.027322650488287213, 0.015293781228612156, 0.022490956952876926, 0.008013507009928358, 0.014758288444036838, 0.03088991124156633, 0.010168198997268972, 0.008915108933240651, 0.005859625495151363, 0.045407637037739035, 0.06027718668441726, 0.2382555898602624, 0.016770186270579, 0.43890547344808195, 0.04129306156156269, 0.17833471061716483, 0.10536512582235072, 0.17875435225657393, 0.2765617988271952, 0.013594606541588564, 0.2272716168319427, 0.030270771185392963, 0.10063989947259931, 0.09094864930649048, 0.03654930373512998, 0.16759285263139206, 0.09343746923482214, 0.032230119495643444, 0.06373959815699029, 0.024696464629648984, 0.023062552121285614, 0.13523261435162304, 0.5825583998277074, 0.17412400734749697, 0.05210730382736026, 0.09910031727609238, 0.3229484116796712, 0.3163103844729845, 0.01425359020016891, 0.009019626372626512, 0.11712564408777118, 0.008644996944516207, 0.10872337687998798, 0.00386413442277796, 0.0012165817227382818, 0.0077754915797785444, 0.006133808140235992, 0.005873344250115684, 0.016799959016742954, 0.0011296962672038915, 0.002941229852465713, 0.0006657435531939935, 0.0012391546162224569, 0.016459449708140943, 0.014067242999868043, 0.004543566853862858, 0.013560064045063911, 0.008431526701740027, 0.014807632238338692, 0.0012391546162224569, 0.002259065718351871, 0.025990996724321355, 0.015591863846867718, 0.0012391546162224569, 0.010439404598234805, 0.020954511614776856, 0.0045904961535360765, 0.0019397078144089766, 0.03706729665842563, 0.010509513298174471, 0.011124648313213088, 0.005614548950236409, 0.014934956403765385, 0.006250212862476142, 0.007230805391550742, 0.009069031626643523, 0.0008760177282006686, 0.004334581508291528, 0.00639357728064353, 0.01088486940318393, 0.011802109319463574, 0.006249501806707717, 0.005091264582455193, 0.00782771201716572]}, {'overall_acc': 0.7888336097291321, 'bal_acc': 0.5843219818359281, 'avg_odds_diff': 0.041423303944335896, 'disp_imp': 0.22481129541909275, 'stat_par_diff': 0.0476020717331098, 'eq_opp_diff': 0.07927423739617903, 'theil_ind': 0.2350401705101459, 'TPR': 0.17233809001097694, 'TNR': 0.9963058736608792, 'FPR': 0.003694126339120798, 'FNR': 0.827661909989023, 'GTPR': 1.0, 'GTNR': 1.0, 'GFPR': 0.0, 'GFNR': 0.0, 'PPV': 0.9401197604790419, 'NPV': 0.7815126050420168, 'FDR': 0.059880239520958084, 'FOR': 0.2184873949579832, 'ACC': 0.7888336097291321, 'MCC': 0.3488537550827983, 'f1_score': 0.29128014842300554, 'fitness': 0.7412315379960223, 'solution': {'corr_type': 'spearman', 'l2': 0.001, 'dropout': 0.15868185064837695, 'privileged_demotion': 0.801971218303587, 'privileged_promotion': 0.05519918218530073, 'protected_demotion': 0.8694175497247544, 'protected_promotion': 0.04943522918003895}, 'corr': [0.09077788948924177, 0.003141075549940012, 1.0, 0.06707254648541233, 0.04405878060156745, 0.2677560392081955, 0.010390263878949348, 0.045649186253023374, 0.07002273346247687, 0.08772513656205903, 0.10499569131361021, 0.024349853858702288, 0.003346207210477006, 0.008721447166909934, 0.008516580176061817, 0.0064545950188989645, 0.006653656197700689, 0.02348965126105743, 0.027322650488287213, 0.015293781228612156, 0.022490956952876926, 0.008013507009928358, 0.014758288444036838, 0.03088991124156633, 0.010168198997268972, 0.008915108933240651, 0.005859625495151363, 0.045407637037739035, 0.06027718668441726, 0.2382555898602624, 0.016770186270579, 0.43890547344808195, 0.04129306156156269, 0.17833471061716483, 0.10536512582235072, 0.17875435225657393, 0.2765617988271952, 0.013594606541588564, 0.2272716168319427, 0.030270771185392963, 0.10063989947259931, 0.09094864930649048, 0.03654930373512998, 0.16759285263139206, 0.09343746923482214, 0.032230119495643444, 0.06373959815699029, 0.024696464629648984, 0.023062552121285614, 0.13523261435162304, 0.5825583998277074, 0.17412400734749697, 0.05210730382736026, 0.09910031727609238, 0.3229484116796712, 0.3163103844729845, 0.01425359020016891, 0.009019626372626512, 0.11712564408777118, 0.008644996944516207, 0.10872337687998798, 0.00386413442277796, 0.0012165817227382818, 0.0077754915797785444, 0.006133808140235992, 0.005873344250115684, 0.016799959016742954, 0.0011296962672038915, 0.002941229852465713, 0.0006657435531939935, 0.0012391546162224569, 0.016459449708140943, 0.014067242999868043, 0.004543566853862858, 0.013560064045063911, 0.008431526701740027, 0.014807632238338692, 0.0012391546162224569, 0.002259065718351871, 0.025990996724321355, 0.015591863846867718, 0.0012391546162224569, 0.010439404598234805, 0.020954511614776856, 0.0045904961535360765, 0.0019397078144089766, 0.03706729665842563, 0.010509513298174471, 0.011124648313213088, 0.005614548950236409, 0.014934956403765385, 0.006250212862476142, 0.007230805391550742, 0.009069031626643523, 0.0008760177282006686, 0.004334581508291528, 0.00639357728064353, 0.01088486940318393, 0.011802109319463574, 0.006249501806707717, 0.005091264582455193, 0.00782771201716572]}, {'overall_acc': 0.18103924820342732, 'bal_acc': 0.21511311285089638, 'avg_odds_diff': 0.4359285568377084, 'disp_imp': 1.663437709711437, 'stat_par_diff': 0.38851171288510344, 'eq_opp_diff': 0.6476929711082363, 'theil_ind': 0.22984813342347632, 'TPR': 0.2837541163556531, 'TNR': 0.14647210934613963, 'FPR': 0.8535278906538604, 'FNR': 0.7162458836443468, 'GTPR': 1.0, 'GTNR': 1.0, 'GFPR': 0.0, 'GFNR': 0.0, 'PPV': 0.10062281043207474, 'NPV': 0.37797902764537655, 'FDR': 0.8993771895679252, 'FOR': 0.6220209723546235, 'ACC': 0.18103924820342732, 'MCC': -0.5450495377768505, 'f1_score': 0.1485632183908046, 'fitness': -0.20747246468167613, 'solution': {'corr_type': 'spearman', 'l2': 0.01, 'dropout': 0.06438316181022208, 'privileged_demotion': 0.5758275370381065, 'privileged_promotion': 0.9288654137383525, 'protected_demotion': 0.924721575737022, 'protected_promotion': 0.1856235142634327}, 'corr': [0.09077788948924177, 0.003141075549940012, 1.0, 0.06707254648541233, 0.04405878060156745, 0.2677560392081955, 0.010390263878949348, 0.045649186253023374, 0.07002273346247687, 0.08772513656205903, 0.10499569131361021, 0.024349853858702288, 0.003346207210477006, 0.008721447166909934, 0.008516580176061817, 0.0064545950188989645, 0.006653656197700689, 0.02348965126105743, 0.027322650488287213, 0.015293781228612156, 0.022490956952876926, 0.008013507009928358, 0.014758288444036838, 0.03088991124156633, 0.010168198997268972, 0.008915108933240651, 0.005859625495151363, 0.045407637037739035, 0.06027718668441726, 0.2382555898602624, 0.016770186270579, 0.43890547344808195, 0.04129306156156269, 0.17833471061716483, 0.10536512582235072, 0.17875435225657393, 0.2765617988271952, 0.013594606541588564, 0.2272716168319427, 0.030270771185392963, 0.10063989947259931, 0.09094864930649048, 0.03654930373512998, 0.16759285263139206, 0.09343746923482214, 0.032230119495643444, 0.06373959815699029, 0.024696464629648984, 0.023062552121285614, 0.13523261435162304, 0.5825583998277074, 0.17412400734749697, 0.05210730382736026, 0.09910031727609238, 0.3229484116796712, 0.3163103844729845, 0.01425359020016891, 0.009019626372626512, 0.11712564408777118, 0.008644996944516207, 0.10872337687998798, 0.00386413442277796, 0.0012165817227382818, 0.0077754915797785444, 0.006133808140235992, 0.005873344250115684, 0.016799959016742954, 0.0011296962672038915, 0.002941229852465713, 0.0006657435531939935, 0.0012391546162224569, 0.016459449708140943, 0.014067242999868043, 0.004543566853862858, 0.013560064045063911, 0.008431526701740027, 0.014807632238338692, 0.0012391546162224569, 0.002259065718351871, 0.025990996724321355, 0.015591863846867718, 0.0012391546162224569, 0.010439404598234805, 0.020954511614776856, 0.0045904961535360765, 0.0019397078144089766, 0.03706729665842563, 0.010509513298174471, 0.011124648313213088, 0.005614548950236409, 0.014934956403765385, 0.006250212862476142, 0.007230805391550742, 0.009069031626643523, 0.0008760177282006686, 0.004334581508291528, 0.00639357728064353, 0.01088486940318393, 0.011802109319463574, 0.006249501806707717, 0.005091264582455193, 0.00782771201716572]}, {'overall_acc': 0.5927307904919845, 'bal_acc': 0.6012962085125484, 'avg_odds_diff': 0.5433566895194601, 'disp_imp': 2.8637937841480055, 'stat_par_diff': 0.5449645102897178, 'eq_opp_diff': 0.30624613307835086, 'theil_ind': 0.16016037117257542, 'TPR': 0.6185510428100988, 'TNR': 0.5840413742149981, 'FPR': 0.41595862578500187, 'FNR': 0.3814489571899012, 'GTPR': 1.0, 'GTNR': 1.0, 'GFPR': 0.0, 'GFNR': 0.0, 'PPV': 0.33353063036401304, 'NPV': 0.8198081410422609, 'FDR': 0.666469369635987, 'FOR': 0.18019185895773918, 'ACC': 0.5927307904919845, 'MCC': 0.1762534320881606, 'f1_score': 0.43337819650067294, 'fitness': 0.0477662802022667, 'solution': {'corr_type': 'spearman', 'l2': 0.01, 'dropout': 0.1539547037342297, 'privileged_demotion': 0.1406520911694391, 'privileged_promotion': 0.14548223438468877, 'protected_demotion': 0.48091317450062476, 'protected_promotion': 0.938760935873764}, 'corr': [0.09077788948924177, 0.003141075549940012, 1.0, 0.06707254648541233, 0.04405878060156745, 0.2677560392081955, 0.010390263878949348, 0.045649186253023374, 0.07002273346247687, 0.08772513656205903, 0.10499569131361021, 0.024349853858702288, 0.003346207210477006, 0.008721447166909934, 0.008516580176061817, 0.0064545950188989645, 0.006653656197700689, 0.02348965126105743, 0.027322650488287213, 0.015293781228612156, 0.022490956952876926, 0.008013507009928358, 0.014758288444036838, 0.03088991124156633, 0.010168198997268972, 0.008915108933240651, 0.005859625495151363, 0.045407637037739035, 0.06027718668441726, 0.2382555898602624, 0.016770186270579, 0.43890547344808195, 0.04129306156156269, 0.17833471061716483, 0.10536512582235072, 0.17875435225657393, 0.2765617988271952, 0.013594606541588564, 0.2272716168319427, 0.030270771185392963, 0.10063989947259931, 0.09094864930649048, 0.03654930373512998, 0.16759285263139206, 0.09343746923482214, 0.032230119495643444, 0.06373959815699029, 0.024696464629648984, 0.023062552121285614, 0.13523261435162304, 0.5825583998277074, 0.17412400734749697, 0.05210730382736026, 0.09910031727609238, 0.3229484116796712, 0.3163103844729845, 0.01425359020016891, 0.009019626372626512, 0.11712564408777118, 0.008644996944516207, 0.10872337687998798, 0.00386413442277796, 0.0012165817227382818, 0.0077754915797785444, 0.006133808140235992, 0.005873344250115684, 0.016799959016742954, 0.0011296962672038915, 0.002941229852465713, 0.0006657435531939935, 0.0012391546162224569, 0.016459449708140943, 0.014067242999868043, 0.004543566853862858, 0.013560064045063911, 0.008431526701740027, 0.014807632238338692, 0.0012391546162224569, 0.002259065718351871, 0.025990996724321355, 0.015591863846867718, 0.0012391546162224569, 0.010439404598234805, 0.020954511614776856, 0.0045904961535360765, 0.0019397078144089766, 0.03706729665842563, 0.010509513298174471, 0.011124648313213088, 0.005614548950236409, 0.014934956403765385, 0.006250212862476142, 0.007230805391550742, 0.009069031626643523, 0.0008760177282006686, 0.004334581508291528, 0.00639357728064353, 0.01088486940318393, 0.011802109319463574, 0.006249501806707717, 0.005091264582455193, 0.00782771201716572]}, {'overall_acc': 0.8460475400773908, 'bal_acc': 0.7844169099342803, 'avg_odds_diff': 0.038513003211789965, 'disp_imp': 0.40469186209033037, 'stat_par_diff': 0.17261272969889974, 'eq_opp_diff': 0.0009936816843841845, 'theil_ind': 0.11377209248712947, 'TPR': 0.6602634467618003, 'TNR': 0.9085703731067603, 'FPR': 0.09142962689323975, 'FNR': 0.3397365532381998, 'GTPR': 1.0, 'GTNR': 1.0, 'GFPR': 0.0, 'GFNR': 0.0, 'PPV': 0.7084805653710248, 'NPV': 0.8882267966775009, 'FDR': 0.2915194346289753, 'FOR': 0.1117732033224991, 'ACC': 0.8460475400773908, 'MCC': 0.582603920427725, 'f1_score': 0.6835227272727273, 'fitness': 0.6734348103784911, 'solution': {'corr_type': 'spearman', 'l2': 0.001, 'dropout': 0.1513449252061954, 'privileged_demotion': 0.40168699347705816, 'privileged_promotion': 0.42701155657108647, 'protected_demotion': 0.30335861127436703, 'protected_promotion': 0.6192960745837562}, 'corr': [0.09077788948924177, 0.003141075549940012, 1.0, 0.06707254648541233, 0.04405878060156745, 0.2677560392081955, 0.010390263878949348, 0.045649186253023374, 0.07002273346247687, 0.08772513656205903, 0.10499569131361021, 0.024349853858702288, 0.003346207210477006, 0.008721447166909934, 0.008516580176061817, 0.0064545950188989645, 0.006653656197700689, 0.02348965126105743, 0.027322650488287213, 0.015293781228612156, 0.022490956952876926, 0.008013507009928358, 0.014758288444036838, 0.03088991124156633, 0.010168198997268972, 0.008915108933240651, 0.005859625495151363, 0.045407637037739035, 0.06027718668441726, 0.2382555898602624, 0.016770186270579, 0.43890547344808195, 0.04129306156156269, 0.17833471061716483, 0.10536512582235072, 0.17875435225657393, 0.2765617988271952, 0.013594606541588564, 0.2272716168319427, 0.030270771185392963, 0.10063989947259931, 0.09094864930649048, 0.03654930373512998, 0.16759285263139206, 0.09343746923482214, 0.032230119495643444, 0.06373959815699029, 0.024696464629648984, 0.023062552121285614, 0.13523261435162304, 0.5825583998277074, 0.17412400734749697, 0.05210730382736026, 0.09910031727609238, 0.3229484116796712, 0.3163103844729845, 0.01425359020016891, 0.009019626372626512, 0.11712564408777118, 0.008644996944516207, 0.10872337687998798, 0.00386413442277796, 0.0012165817227382818, 0.0077754915797785444, 0.006133808140235992, 0.005873344250115684, 0.016799959016742954, 0.0011296962672038915, 0.002941229852465713, 0.0006657435531939935, 0.0012391546162224569, 0.016459449708140943, 0.014067242999868043, 0.004543566853862858, 0.013560064045063911, 0.008431526701740027, 0.014807632238338692, 0.0012391546162224569, 0.002259065718351871, 0.025990996724321355, 0.015591863846867718, 0.0012391546162224569, 0.010439404598234805, 0.020954511614776856, 0.0045904961535360765, 0.0019397078144089766, 0.03706729665842563, 0.010509513298174471, 0.011124648313213088, 0.005614548950236409, 0.014934956403765385, 0.006250212862476142, 0.007230805391550742, 0.009069031626643523, 0.0008760177282006686, 0.004334581508291528, 0.00639357728064353, 0.01088486940318393, 0.011802109319463574, 0.006249501806707717, 0.005091264582455193, 0.00782771201716572]}, {'overall_acc': 0.1521558872305141, 'bal_acc': 0.24715519831700308, 'avg_odds_diff': 0.07769445684953147, 'disp_imp': 1.2084316006666065, 'stat_par_diff': 0.15960825703750303, 'eq_opp_diff': 0.09806513302210473, 'theil_ind': 0.1778163177131678, 'TPR': 0.43852908891328213, 'TNR': 0.05578130772072405, 'FPR': 0.9442186922792759, 'FNR': 0.5614709110867179, 'GTPR': 1.0, 'GTNR': 1.0, 'GFPR': 0.0, 'GFNR': 0.0, 'PPV': 0.13517171375401793, 'NPV': 0.22792452830188678, 'FDR': 0.8648282862459821, 'FOR': 0.7720754716981132, 'ACC': 0.1521558872305141, 'MCC': -0.5675170558996976, 'f1_score': 0.20664683822578558, 'fitness': -0.007452369806988934, 'solution': {'corr_type': 'spearman', 'l2': 0.01, 'dropout': 0.03050707495205094, 'privileged_demotion': 0.9706643798443262, 'privileged_promotion': 0.9053672991704943, 'protected_demotion': 0.6555273731371258, 'protected_promotion': 0.629204380228937}, 'corr': [0.09077788948924177, 0.003141075549940012, 1.0, 0.06707254648541233, 0.04405878060156745, 0.2677560392081955, 0.010390263878949348, 0.045649186253023374, 0.07002273346247687, 0.08772513656205903, 0.10499569131361021, 0.024349853858702288, 0.003346207210477006, 0.008721447166909934, 0.008516580176061817, 0.0064545950188989645, 0.006653656197700689, 0.02348965126105743, 0.027322650488287213, 0.015293781228612156, 0.022490956952876926, 0.008013507009928358, 0.014758288444036838, 0.03088991124156633, 0.010168198997268972, 0.008915108933240651, 0.005859625495151363, 0.045407637037739035, 0.06027718668441726, 0.2382555898602624, 0.016770186270579, 0.43890547344808195, 0.04129306156156269, 0.17833471061716483, 0.10536512582235072, 0.17875435225657393, 0.2765617988271952, 0.013594606541588564, 0.2272716168319427, 0.030270771185392963, 0.10063989947259931, 0.09094864930649048, 0.03654930373512998, 0.16759285263139206, 0.09343746923482214, 0.032230119495643444, 0.06373959815699029, 0.024696464629648984, 0.023062552121285614, 0.13523261435162304, 0.5825583998277074, 0.17412400734749697, 0.05210730382736026, 0.09910031727609238, 0.3229484116796712, 0.3163103844729845, 0.01425359020016891, 0.009019626372626512, 0.11712564408777118, 0.008644996944516207, 0.10872337687998798, 0.00386413442277796, 0.0012165817227382818, 0.0077754915797785444, 0.006133808140235992, 0.005873344250115684, 0.016799959016742954, 0.0011296962672038915, 0.002941229852465713, 0.0006657435531939935, 0.0012391546162224569, 0.016459449708140943, 0.014067242999868043, 0.004543566853862858, 0.013560064045063911, 0.008431526701740027, 0.014807632238338692, 0.0012391546162224569, 0.002259065718351871, 0.025990996724321355, 0.015591863846867718, 0.0012391546162224569, 0.010439404598234805, 0.020954511614776856, 0.0045904961535360765, 0.0019397078144089766, 0.03706729665842563, 0.010509513298174471, 0.011124648313213088, 0.005614548950236409, 0.014934956403765385, 0.006250212862476142, 0.007230805391550742, 0.009069031626643523, 0.0008760177282006686, 0.004334581508291528, 0.00639357728064353, 0.01088486940318393, 0.011802109319463574, 0.006249501806707717, 0.005091264582455193, 0.00782771201716572]}, {'overall_acc': 0.15768380320619127, 'bal_acc': 0.2665073921049505, 'avg_odds_diff': 0.20509094290936314, 'disp_imp': 1.2558910382937944, 'stat_par_diff': 0.19751166762164374, 'eq_opp_diff': 0.34133903294148527, 'theil_ind': 0.16458448258423744, 'TPR': 0.4857299670691548, 'TNR': 0.04728481714074621, 'FPR': 0.9527151828592538, 'FNR': 0.5142700329308453, 'GTPR': 1.0, 'GTNR': 1.0, 'GFPR': 0.0, 'GFNR': 0.0, 'PPV': 0.14645043852391196, 'NPV': 0.2145850796311819, 'FDR': 0.8535495614760881, 'FOR': 0.7854149203688181, 'ACC': 0.15768380320619127, 'MCC': -0.5462480814030859, 'f1_score': 0.2250476795931341, 'fitness': -0.03982786441545247, 'solution': {'corr_type': 'spearman', 'l2': 0.001, 'dropout': 0.007450482006842396, 'privileged_demotion': 0.8313875032413636, 'privileged_promotion': 0.7336528365343014, 'protected_demotion': 0.7906202111234449, 'protected_promotion': 0.3595830061627172}, 'corr': [0.09077788948924177, 0.003141075549940012, 1.0, 0.06707254648541233, 0.04405878060156745, 0.2677560392081955, 0.010390263878949348, 0.045649186253023374, 0.07002273346247687, 0.08772513656205903, 0.10499569131361021, 0.024349853858702288, 0.003346207210477006, 0.008721447166909934, 0.008516580176061817, 0.0064545950188989645, 0.006653656197700689, 0.02348965126105743, 0.027322650488287213, 0.015293781228612156, 0.022490956952876926, 0.008013507009928358, 0.014758288444036838, 0.03088991124156633, 0.010168198997268972, 0.008915108933240651, 0.005859625495151363, 0.045407637037739035, 0.06027718668441726, 0.2382555898602624, 0.016770186270579, 0.43890547344808195, 0.04129306156156269, 0.17833471061716483, 0.10536512582235072, 0.17875435225657393, 0.2765617988271952, 0.013594606541588564, 0.2272716168319427, 0.030270771185392963, 0.10063989947259931, 0.09094864930649048, 0.03654930373512998, 0.16759285263139206, 0.09343746923482214, 0.032230119495643444, 0.06373959815699029, 0.024696464629648984, 0.023062552121285614, 0.13523261435162304, 0.5825583998277074, 0.17412400734749697, 0.05210730382736026, 0.09910031727609238, 0.3229484116796712, 0.3163103844729845, 0.01425359020016891, 0.009019626372626512, 0.11712564408777118, 0.008644996944516207, 0.10872337687998798, 0.00386413442277796, 0.0012165817227382818, 0.0077754915797785444, 0.006133808140235992, 0.005873344250115684, 0.016799959016742954, 0.0011296962672038915, 0.002941229852465713, 0.0006657435531939935, 0.0012391546162224569, 0.016459449708140943, 0.014067242999868043, 0.004543566853862858, 0.013560064045063911, 0.008431526701740027, 0.014807632238338692, 0.0012391546162224569, 0.002259065718351871, 0.025990996724321355, 0.015591863846867718, 0.0012391546162224569, 0.010439404598234805, 0.020954511614776856, 0.0045904961535360765, 0.0019397078144089766, 0.03706729665842563, 0.010509513298174471, 0.011124648313213088, 0.005614548950236409, 0.014934956403765385, 0.006250212862476142, 0.007230805391550742, 0.009069031626643523, 0.0008760177282006686, 0.004334581508291528, 0.00639357728064353, 0.01088486940318393, 0.011802109319463574, 0.006249501806707717, 0.005091264582455193, 0.00782771201716572]}, {'overall_acc': 0.412106135986733, 'bal_acc': 0.35441573803251075, 'avg_odds_diff': 0.5576936285495265, 'disp_imp': 0.009687929682729168, 'stat_par_diff': 0.6614833572574694, 'eq_opp_diff': 0.276454431257851, 'theil_ind': 0.2700843507592589, 'TPR': 0.23819978046103182, 'TNR': 0.47063169560398965, 'FPR': 0.5293683043960103, 'FNR': 0.7618002195389681, 'GTPR': 1.0, 'GTNR': 1.0, 'GFPR': 0.0, 'GFNR': 0.0, 'PPV': 0.1315151515151515, 'NPV': 0.6473577235772358, 'FDR': 0.8684848484848485, 'FOR': 0.35264227642276424, 'ACC': 0.412106135986733, 'MCC': -0.253742504443649, 'f1_score': 0.16946505271378368, 'fitness': -0.24937722127073642, 'solution': {'corr_type': 'spearman', 'l2': 0.001, 'dropout': 0.1076467122056029, 'privileged_demotion': 0.5447563038179776, 'privileged_promotion': 0.6714833316918863, 'protected_demotion': 0.39975868550893723, 'protected_promotion': 0.5295533403617324}, 'corr': [0.09077788948924177, 0.003141075549940012, 1.0, 0.06707254648541233, 0.04405878060156745, 0.2677560392081955, 0.010390263878949348, 0.045649186253023374, 0.07002273346247687, 0.08772513656205903, 0.10499569131361021, 0.024349853858702288, 0.003346207210477006, 0.008721447166909934, 0.008516580176061817, 0.0064545950188989645, 0.006653656197700689, 0.02348965126105743, 0.027322650488287213, 0.015293781228612156, 0.022490956952876926, 0.008013507009928358, 0.014758288444036838, 0.03088991124156633, 0.010168198997268972, 0.008915108933240651, 0.005859625495151363, 0.045407637037739035, 0.06027718668441726, 0.2382555898602624, 0.016770186270579, 0.43890547344808195, 0.04129306156156269, 0.17833471061716483, 0.10536512582235072, 0.17875435225657393, 0.2765617988271952, 0.013594606541588564, 0.2272716168319427, 0.030270771185392963, 0.10063989947259931, 0.09094864930649048, 0.03654930373512998, 0.16759285263139206, 0.09343746923482214, 0.032230119495643444, 0.06373959815699029, 0.024696464629648984, 0.023062552121285614, 0.13523261435162304, 0.5825583998277074, 0.17412400734749697, 0.05210730382736026, 0.09910031727609238, 0.3229484116796712, 0.3163103844729845, 0.01425359020016891, 0.009019626372626512, 0.11712564408777118, 0.008644996944516207, 0.10872337687998798, 0.00386413442277796, 0.0012165817227382818, 0.0077754915797785444, 0.006133808140235992, 0.005873344250115684, 0.016799959016742954, 0.0011296962672038915, 0.002941229852465713, 0.0006657435531939935, 0.0012391546162224569, 0.016459449708140943, 0.014067242999868043, 0.004543566853862858, 0.013560064045063911, 0.008431526701740027, 0.014807632238338692, 0.0012391546162224569, 0.002259065718351871, 0.025990996724321355, 0.015591863846867718, 0.0012391546162224569, 0.010439404598234805, 0.020954511614776856, 0.0045904961535360765, 0.0019397078144089766, 0.03706729665842563, 0.010509513298174471, 0.011124648313213088, 0.005614548950236409, 0.014934956403765385, 0.006250212862476142, 0.007230805391550742, 0.009069031626643523, 0.0008760177282006686, 0.004334581508291528, 0.00639357728064353, 0.01088486940318393, 0.011802109319463574, 0.006249501806707717, 0.005091264582455193, 0.00782771201716572]}, {'overall_acc': 0.5720011055831952, 'bal_acc': 0.6573583266053736, 'avg_odds_diff': 0.48947558691001075, 'disp_imp': 2.4804425476016982, 'stat_par_diff': 0.5963311685235797, 'eq_opp_diff': 0.20116429495472188, 'theil_ind': 0.10352489346670905, 'TPR': 0.8293084522502744, 'TNR': 0.4854082009604728, 'FPR': 0.5145917990395271, 'FNR': 0.1706915477497256, 'GTPR': 1.0, 'GTNR': 1.0, 'GFPR': 0.0, 'GFNR': 0.0, 'PPV': 0.3516406795438678, 'NPV': 0.8941816944538958, 'FDR': 0.6483593204561322, 'FOR': 0.10581830554610412, 'ACC': 0.5720011055831952, 'MCC': 0.2781445574317369, 'f1_score': 0.49387154763850294, 'fitness': -0.024330062940384534, 'solution': {'corr_type': 'spearman', 'l2': 0.0001, 'dropout': 0.01399591626366954, 'privileged_demotion': 0.2007255637393781, 'privileged_promotion': 0.4993223161454381, 'protected_demotion': 0.8654373074012772, 'protected_promotion': 0.49949335206098544}, 'corr': [0.09077788948924177, 0.003141075549940012, 1.0, 0.06707254648541233, 0.04405878060156745, 0.2677560392081955, 0.010390263878949348, 0.045649186253023374, 0.07002273346247687, 0.08772513656205903, 0.10499569131361021, 0.024349853858702288, 0.003346207210477006, 0.008721447166909934, 0.008516580176061817, 0.0064545950188989645, 0.006653656197700689, 0.02348965126105743, 0.027322650488287213, 0.015293781228612156, 0.022490956952876926, 0.008013507009928358, 0.014758288444036838, 0.03088991124156633, 0.010168198997268972, 0.008915108933240651, 0.005859625495151363, 0.045407637037739035, 0.06027718668441726, 0.2382555898602624, 0.016770186270579, 0.43890547344808195, 0.04129306156156269, 0.17833471061716483, 0.10536512582235072, 0.17875435225657393, 0.2765617988271952, 0.013594606541588564, 0.2272716168319427, 0.030270771185392963, 0.10063989947259931, 0.09094864930649048, 0.03654930373512998, 0.16759285263139206, 0.09343746923482214, 0.032230119495643444, 0.06373959815699029, 0.024696464629648984, 0.023062552121285614, 0.13523261435162304, 0.5825583998277074, 0.17412400734749697, 0.05210730382736026, 0.09910031727609238, 0.3229484116796712, 0.3163103844729845, 0.01425359020016891, 0.009019626372626512, 0.11712564408777118, 0.008644996944516207, 0.10872337687998798, 0.00386413442277796, 0.0012165817227382818, 0.0077754915797785444, 0.006133808140235992, 0.005873344250115684, 0.016799959016742954, 0.0011296962672038915, 0.002941229852465713, 0.0006657435531939935, 0.0012391546162224569, 0.016459449708140943, 0.014067242999868043, 0.004543566853862858, 0.013560064045063911, 0.008431526701740027, 0.014807632238338692, 0.0012391546162224569, 0.002259065718351871, 0.025990996724321355, 0.015591863846867718, 0.0012391546162224569, 0.010439404598234805, 0.020954511614776856, 0.0045904961535360765, 0.0019397078144089766, 0.03706729665842563, 0.010509513298174471, 0.011124648313213088, 0.005614548950236409, 0.014934956403765385, 0.006250212862476142, 0.007230805391550742, 0.009069031626643523, 0.0008760177282006686, 0.004334581508291528, 0.00639357728064353, 0.01088486940318393, 0.011802109319463574, 0.006249501806707717, 0.005091264582455193, 0.00782771201716572]}, {'overall_acc': 0.8004422332780542, 'bal_acc': 0.6153846777695912, 'avg_odds_diff': 0.15831049774756237, 'disp_imp': 1.1613961207726793, 'stat_par_diff': 0.010731299612172854, 'eq_opp_diff': 0.30336351875808537, 'theil_ind': 0.21571908470329532, 'TPR': 0.24259055982436883, 'TNR': 0.9881787957148135, 'FPR': 0.011821204285186553, 'FNR': 0.7574094401756312, 'GTPR': 1.0, 'GTNR': 1.0, 'GFPR': 0.0, 'GFNR': 0.0, 'PPV': 0.8735177865612648, 'NPV': 0.7949479940564635, 'FDR': 0.12648221343873517, 'FOR': 0.2050520059435364, 'ACC': 0.8004422332780542, 'MCC': 0.3927612727766697, 'f1_score': 0.3797250859106529, 'fitness': 0.7897109336658813, 'solution': {'corr_type': 'spearman', 'l2': 0.001, 'dropout': 0.18795136815684638, 'privileged_demotion': 0.6582756125130651, 'privileged_promotion': 0.006293004614744913, 'protected_demotion': 0.06267296839629416, 'protected_promotion': 0.013851846588672001}, 'corr': [0.09077788948924177, 0.003141075549940012, 1.0, 0.06707254648541233, 0.04405878060156745, 0.2677560392081955, 0.010390263878949348, 0.045649186253023374, 0.07002273346247687, 0.08772513656205903, 0.10499569131361021, 0.024349853858702288, 0.003346207210477006, 0.008721447166909934, 0.008516580176061817, 0.0064545950188989645, 0.006653656197700689, 0.02348965126105743, 0.027322650488287213, 0.015293781228612156, 0.022490956952876926, 0.008013507009928358, 0.014758288444036838, 0.03088991124156633, 0.010168198997268972, 0.008915108933240651, 0.005859625495151363, 0.045407637037739035, 0.06027718668441726, 0.2382555898602624, 0.016770186270579, 0.43890547344808195, 0.04129306156156269, 0.17833471061716483, 0.10536512582235072, 0.17875435225657393, 0.2765617988271952, 0.013594606541588564, 0.2272716168319427, 0.030270771185392963, 0.10063989947259931, 0.09094864930649048, 0.03654930373512998, 0.16759285263139206, 0.09343746923482214, 0.032230119495643444, 0.06373959815699029, 0.024696464629648984, 0.023062552121285614, 0.13523261435162304, 0.5825583998277074, 0.17412400734749697, 0.05210730382736026, 0.09910031727609238, 0.3229484116796712, 0.3163103844729845, 0.01425359020016891, 0.009019626372626512, 0.11712564408777118, 0.008644996944516207, 0.10872337687998798, 0.00386413442277796, 0.0012165817227382818, 0.0077754915797785444, 0.006133808140235992, 0.005873344250115684, 0.016799959016742954, 0.0011296962672038915, 0.002941229852465713, 0.0006657435531939935, 0.0012391546162224569, 0.016459449708140943, 0.014067242999868043, 0.004543566853862858, 0.013560064045063911, 0.008431526701740027, 0.014807632238338692, 0.0012391546162224569, 0.002259065718351871, 0.025990996724321355, 0.015591863846867718, 0.0012391546162224569, 0.010439404598234805, 0.020954511614776856, 0.0045904961535360765, 0.0019397078144089766, 0.03706729665842563, 0.010509513298174471, 0.011124648313213088, 0.005614548950236409, 0.014934956403765385, 0.006250212862476142, 0.007230805391550742, 0.009069031626643523, 0.0008760177282006686, 0.004334581508291528, 0.00639357728064353, 0.01088486940318393, 0.011802109319463574, 0.006249501806707717, 0.005091264582455193, 0.00782771201716572]}, {'overall_acc': 0.5934217799889442, 'bal_acc': 0.5775425909247764, 'avg_odds_diff': 0.5067611237384634, 'disp_imp': 3.4808146946471155, 'stat_par_diff': 0.5937208002439314, 'eq_opp_diff': 0.2031375967902207, 'theil_ind': 0.1803070078094059, 'TPR': 0.5455543358946213, 'TNR': 0.6095308459549317, 'FPR': 0.3904691540450683, 'FNR': 0.4544456641053787, 'GTPR': 1.0, 'GTNR': 1.0, 'GFPR': 0.0, 'GFNR': 0.0, 'PPV': 0.31981981981981983, 'NPV': 0.7994186046511628, 'FDR': 0.6801801801801802, 'FOR': 0.2005813953488372, 'ACC': 0.5934217799889442, 'MCC': 0.13598570786129155, 'f1_score': 0.4032454361054767, 'fitness': -0.0002990202549871812, 'solution': {'corr_type': 'spearman', 'l2': 0.0001, 'dropout': 0.003133339460898088, 'privileged_demotion': 0.41122229091087714, 'privileged_promotion': 0.25262785950374056, 'protected_demotion': 0.3567480620428405, 'protected_promotion': 0.670503032124499}, 'corr': [0.09077788948924177, 0.003141075549940012, 1.0, 0.06707254648541233, 0.04405878060156745, 0.2677560392081955, 0.010390263878949348, 0.045649186253023374, 0.07002273346247687, 0.08772513656205903, 0.10499569131361021, 0.024349853858702288, 0.003346207210477006, 0.008721447166909934, 0.008516580176061817, 0.0064545950188989645, 0.006653656197700689, 0.02348965126105743, 0.027322650488287213, 0.015293781228612156, 0.022490956952876926, 0.008013507009928358, 0.014758288444036838, 0.03088991124156633, 0.010168198997268972, 0.008915108933240651, 0.005859625495151363, 0.045407637037739035, 0.06027718668441726, 0.2382555898602624, 0.016770186270579, 0.43890547344808195, 0.04129306156156269, 0.17833471061716483, 0.10536512582235072, 0.17875435225657393, 0.2765617988271952, 0.013594606541588564, 0.2272716168319427, 0.030270771185392963, 0.10063989947259931, 0.09094864930649048, 0.03654930373512998, 0.16759285263139206, 0.09343746923482214, 0.032230119495643444, 0.06373959815699029, 0.024696464629648984, 0.023062552121285614, 0.13523261435162304, 0.5825583998277074, 0.17412400734749697, 0.05210730382736026, 0.09910031727609238, 0.3229484116796712, 0.3163103844729845, 0.01425359020016891, 0.009019626372626512, 0.11712564408777118, 0.008644996944516207, 0.10872337687998798, 0.00386413442277796, 0.0012165817227382818, 0.0077754915797785444, 0.006133808140235992, 0.005873344250115684, 0.016799959016742954, 0.0011296962672038915, 0.002941229852465713, 0.0006657435531939935, 0.0012391546162224569, 0.016459449708140943, 0.014067242999868043, 0.004543566853862858, 0.013560064045063911, 0.008431526701740027, 0.014807632238338692, 0.0012391546162224569, 0.002259065718351871, 0.025990996724321355, 0.015591863846867718, 0.0012391546162224569, 0.010439404598234805, 0.020954511614776856, 0.0045904961535360765, 0.0019397078144089766, 0.03706729665842563, 0.010509513298174471, 0.011124648313213088, 0.005614548950236409, 0.014934956403765385, 0.006250212862476142, 0.007230805391550742, 0.009069031626643523, 0.0008760177282006686, 0.004334581508291528, 0.00639357728064353, 0.01088486940318393, 0.011802109319463574, 0.006249501806707717, 0.005091264582455193, 0.00782771201716572]}, {'overall_acc': 0.7997512437810945, 'bal_acc': 0.6123739242529734, 'avg_odds_diff': 0.11619252872387781, 'disp_imp': 0.9557011714043638, 'stat_par_diff': 0.002999493680835061, 'eq_opp_diff': 0.22274874852353901, 'theil_ind': 0.21755447794415325, 'TPR': 0.2349066959385291, 'TNR': 0.9898411525674178, 'FPR': 0.010158847432582194, 'FNR': 0.7650933040614709, 'GTPR': 1.0, 'GTNR': 1.0, 'GFPR': 0.0, 'GFNR': 0.0, 'PPV': 0.8861283643892339, 'NPV': 0.7935732267140531, 'FDR': 0.11387163561076605, 'FOR': 0.206426773285947, 'ACC': 0.7997512437810945, 'MCC': 0.390847118738942, 'f1_score': 0.37136659436008673, 'fitness': 0.7967517501002594, 'solution': {'corr_type': 'spearman', 'l2': 0.0001, 'dropout': 0.1986014365523561, 'privileged_demotion': 0.7602996487133781, 'privileged_promotion': 0.05738715282337192, 'protected_demotion': 0.16467420775896918, 'protected_promotion': 0.013449734843488104}, 'corr': [0.09077788948924177, 0.003141075549940012, 1.0, 0.06707254648541233, 0.04405878060156745, 0.2677560392081955, 0.010390263878949348, 0.045649186253023374, 0.07002273346247687, 0.08772513656205903, 0.10499569131361021, 0.024349853858702288, 0.003346207210477006, 0.008721447166909934, 0.008516580176061817, 0.0064545950188989645, 0.006653656197700689, 0.02348965126105743, 0.027322650488287213, 0.015293781228612156, 0.022490956952876926, 0.008013507009928358, 0.014758288444036838, 0.03088991124156633, 0.010168198997268972, 0.008915108933240651, 0.005859625495151363, 0.045407637037739035, 0.06027718668441726, 0.2382555898602624, 0.016770186270579, 0.43890547344808195, 0.04129306156156269, 0.17833471061716483, 0.10536512582235072, 0.17875435225657393, 0.2765617988271952, 0.013594606541588564, 0.2272716168319427, 0.030270771185392963, 0.10063989947259931, 0.09094864930649048, 0.03654930373512998, 0.16759285263139206, 0.09343746923482214, 0.032230119495643444, 0.06373959815699029, 0.024696464629648984, 0.023062552121285614, 0.13523261435162304, 0.5825583998277074, 0.17412400734749697, 0.05210730382736026, 0.09910031727609238, 0.3229484116796712, 0.3163103844729845, 0.01425359020016891, 0.009019626372626512, 0.11712564408777118, 0.008644996944516207, 0.10872337687998798, 0.00386413442277796, 0.0012165817227382818, 0.0077754915797785444, 0.006133808140235992, 0.005873344250115684, 0.016799959016742954, 0.0011296962672038915, 0.002941229852465713, 0.0006657435531939935, 0.0012391546162224569, 0.016459449708140943, 0.014067242999868043, 0.004543566853862858, 0.013560064045063911, 0.008431526701740027, 0.014807632238338692, 0.0012391546162224569, 0.002259065718351871, 0.025990996724321355, 0.015591863846867718, 0.0012391546162224569, 0.010439404598234805, 0.020954511614776856, 0.0045904961535360765, 0.0019397078144089766, 0.03706729665842563, 0.010509513298174471, 0.011124648313213088, 0.005614548950236409, 0.014934956403765385, 0.006250212862476142, 0.007230805391550742, 0.009069031626643523, 0.0008760177282006686, 0.004334581508291528, 0.00639357728064353, 0.01088486940318393, 0.011802109319463574, 0.006249501806707717, 0.005091264582455193, 0.00782771201716572]}, {'overall_acc': 0.49930901050304033, 'bal_acc': 0.376640611789494, 'avg_odds_diff': 0.9218181048945839, 'disp_imp': 686.8105509675829, 'stat_par_diff': 0.9761435251673607, 'eq_opp_diff': 0.8508024448319178, 'theil_ind': 0.3068960640141371, 'TPR': 0.12952799121844127, 'TNR': 0.6237532323605467, 'FPR': 0.37624676763945325, 'FNR': 0.8704720087815587, 'GTPR': 1.0, 'GTNR': 1.0, 'GFPR': 0.0, 'GFNR': 0.0, 'PPV': 0.10382754069511659, 'NPV': 0.6804352206326818, 'FDR': 0.8961724593048834, 'FOR': 0.31956477936731814, 'ACC': 0.49930901050304033, 'MCC': -0.23070853376859163, 'f1_score': 0.11526251526251527, 'fitness': -0.47683451466432036, 'solution': {'corr_type': 'spearman', 'l2': 0.001, 'dropout': 0.1825527218648717, 'privileged_demotion': 0.8792151255107417, 'privileged_promotion': 0.03876662547723744, 'protected_demotion': 0.9454260737355037, 'protected_promotion': 0.3070199890810842}, 'corr': [0.09077788948924177, 0.003141075549940012, 1.0, 0.06707254648541233, 0.04405878060156745, 0.2677560392081955, 0.010390263878949348, 0.045649186253023374, 0.07002273346247687, 0.08772513656205903, 0.10499569131361021, 0.024349853858702288, 0.003346207210477006, 0.008721447166909934, 0.008516580176061817, 0.0064545950188989645, 0.006653656197700689, 0.02348965126105743, 0.027322650488287213, 0.015293781228612156, 0.022490956952876926, 0.008013507009928358, 0.014758288444036838, 0.03088991124156633, 0.010168198997268972, 0.008915108933240651, 0.005859625495151363, 0.045407637037739035, 0.06027718668441726, 0.2382555898602624, 0.016770186270579, 0.43890547344808195, 0.04129306156156269, 0.17833471061716483, 0.10536512582235072, 0.17875435225657393, 0.2765617988271952, 0.013594606541588564, 0.2272716168319427, 0.030270771185392963, 0.10063989947259931, 0.09094864930649048, 0.03654930373512998, 0.16759285263139206, 0.09343746923482214, 0.032230119495643444, 0.06373959815699029, 0.024696464629648984, 0.023062552121285614, 0.13523261435162304, 0.5825583998277074, 0.17412400734749697, 0.05210730382736026, 0.09910031727609238, 0.3229484116796712, 0.3163103844729845, 0.01425359020016891, 0.009019626372626512, 0.11712564408777118, 0.008644996944516207, 0.10872337687998798, 0.00386413442277796, 0.0012165817227382818, 0.0077754915797785444, 0.006133808140235992, 0.005873344250115684, 0.016799959016742954, 0.0011296962672038915, 0.002941229852465713, 0.0006657435531939935, 0.0012391546162224569, 0.016459449708140943, 0.014067242999868043, 0.004543566853862858, 0.013560064045063911, 0.008431526701740027, 0.014807632238338692, 0.0012391546162224569, 0.002259065718351871, 0.025990996724321355, 0.015591863846867718, 0.0012391546162224569, 0.010439404598234805, 0.020954511614776856, 0.0045904961535360765, 0.0019397078144089766, 0.03706729665842563, 0.010509513298174471, 0.011124648313213088, 0.005614548950236409, 0.014934956403765385, 0.006250212862476142, 0.007230805391550742, 0.009069031626643523, 0.0008760177282006686, 0.004334581508291528, 0.00639357728064353, 0.01088486940318393, 0.011802109319463574, 0.006249501806707717, 0.005091264582455193, 0.00782771201716572]}, {'overall_acc': 0.796710889994472, 'bal_acc': 0.6076110964904988, 'avg_odds_diff': 0.17287307535602175, 'disp_imp': 1.3776034176972485, 'stat_par_diff': 0.022112603557707923, 'eq_opp_diff': 0.3263916230759135, 'theil_ind': 0.22057741373013848, 'TPR': 0.22667398463227223, 'TNR': 0.9885482083487255, 'FPR': 0.011451791651274473, 'FNR': 0.7733260153677278, 'GTPR': 1.0, 'GTNR': 1.0, 'GFPR': 0.0, 'GFNR': 0.0, 'PPV': 0.8694736842105263, 'NPV': 0.791598875905931, 'FDR': 0.13052631578947368, 'FOR': 0.2084011240940689, 'ACC': 0.796710889994472, 'MCC': 0.3771968797694732, 'f1_score': 0.3595994775794515, 'fitness': 0.7745982864367641, 'solution': {'corr_type': 'spearman', 'l2': 0.001, 'dropout': 0.19838294081857363, 'privileged_demotion': 0.6994725679427349, 'privileged_promotion': 0.0020492141063164927, 'protected_demotion': 0.006843771109859786, 'protected_promotion': 0.017960610055607146}, 'corr': [0.09077788948924177, 0.003141075549940012, 1.0, 0.06707254648541233, 0.04405878060156745, 0.2677560392081955, 0.010390263878949348, 0.045649186253023374, 0.07002273346247687, 0.08772513656205903, 0.10499569131361021, 0.024349853858702288, 0.003346207210477006, 0.008721447166909934, 0.008516580176061817, 0.0064545950188989645, 0.006653656197700689, 0.02348965126105743, 0.027322650488287213, 0.015293781228612156, 0.022490956952876926, 0.008013507009928358, 0.014758288444036838, 0.03088991124156633, 0.010168198997268972, 0.008915108933240651, 0.005859625495151363, 0.045407637037739035, 0.06027718668441726, 0.2382555898602624, 0.016770186270579, 0.43890547344808195, 0.04129306156156269, 0.17833471061716483, 0.10536512582235072, 0.17875435225657393, 0.2765617988271952, 0.013594606541588564, 0.2272716168319427, 0.030270771185392963, 0.10063989947259931, 0.09094864930649048, 0.03654930373512998, 0.16759285263139206, 0.09343746923482214, 0.032230119495643444, 0.06373959815699029, 0.024696464629648984, 0.023062552121285614, 0.13523261435162304, 0.5825583998277074, 0.17412400734749697, 0.05210730382736026, 0.09910031727609238, 0.3229484116796712, 0.3163103844729845, 0.01425359020016891, 0.009019626372626512, 0.11712564408777118, 0.008644996944516207, 0.10872337687998798, 0.00386413442277796, 0.0012165817227382818, 0.0077754915797785444, 0.006133808140235992, 0.005873344250115684, 0.016799959016742954, 0.0011296962672038915, 0.002941229852465713, 0.0006657435531939935, 0.0012391546162224569, 0.016459449708140943, 0.014067242999868043, 0.004543566853862858, 0.013560064045063911, 0.008431526701740027, 0.014807632238338692, 0.0012391546162224569, 0.002259065718351871, 0.025990996724321355, 0.015591863846867718, 0.0012391546162224569, 0.010439404598234805, 0.020954511614776856, 0.0045904961535360765, 0.0019397078144089766, 0.03706729665842563, 0.010509513298174471, 0.011124648313213088, 0.005614548950236409, 0.014934956403765385, 0.006250212862476142, 0.007230805391550742, 0.009069031626643523, 0.0008760177282006686, 0.004334581508291528, 0.00639357728064353, 0.01088486940318393, 0.011802109319463574, 0.006249501806707717, 0.005091264582455193, 0.00782771201716572]}, {'overall_acc': 0.8016860143725816, 'bal_acc': 0.6202214083339652, 'avg_odds_diff': 0.156513525152063, 'disp_imp': 1.1766658732756141, 'stat_par_diff': 0.012500960532719332, 'eq_opp_diff': 0.29340326602546074, 'theil_ind': 0.21276258148585778, 'TPR': 0.25466520307354557, 'TNR': 0.985777613594385, 'FPR': 0.014222386405615073, 'FNR': 0.7453347969264544, 'GTPR': 1.0, 'GTNR': 1.0, 'GFPR': 0.0, 'GFNR': 0.0, 'PPV': 0.8576709796672828, 'NPV': 0.7971620612397311, 'FDR': 0.1423290203327172, 'FOR': 0.20283793876026887, 'ACC': 0.8016860143725816, 'MCC': 0.39679957258408005, 'f1_score': 0.39272111722386804, 'fitness': 0.7891850538398623, 'solution': {'corr_type': 'spearman', 'l2': 0.001, 'dropout': 0.19651597864058312, 'privileged_demotion': 0.7296451720219934, 'privileged_promotion': 0.043630757649810836, 'protected_demotion': 0.03704864532510041, 'protected_promotion': 0.007144108536363089}, 'corr': [0.09077788948924177, 0.003141075549940012, 1.0, 0.06707254648541233, 0.04405878060156745, 0.2677560392081955, 0.010390263878949348, 0.045649186253023374, 0.07002273346247687, 0.08772513656205903, 0.10499569131361021, 0.024349853858702288, 0.003346207210477006, 0.008721447166909934, 0.008516580176061817, 0.0064545950188989645, 0.006653656197700689, 0.02348965126105743, 0.027322650488287213, 0.015293781228612156, 0.022490956952876926, 0.008013507009928358, 0.014758288444036838, 0.03088991124156633, 0.010168198997268972, 0.008915108933240651, 0.005859625495151363, 0.045407637037739035, 0.06027718668441726, 0.2382555898602624, 0.016770186270579, 0.43890547344808195, 0.04129306156156269, 0.17833471061716483, 0.10536512582235072, 0.17875435225657393, 0.2765617988271952, 0.013594606541588564, 0.2272716168319427, 0.030270771185392963, 0.10063989947259931, 0.09094864930649048, 0.03654930373512998, 0.16759285263139206, 0.09343746923482214, 0.032230119495643444, 0.06373959815699029, 0.024696464629648984, 0.023062552121285614, 0.13523261435162304, 0.5825583998277074, 0.17412400734749697, 0.05210730382736026, 0.09910031727609238, 0.3229484116796712, 0.3163103844729845, 0.01425359020016891, 0.009019626372626512, 0.11712564408777118, 0.008644996944516207, 0.10872337687998798, 0.00386413442277796, 0.0012165817227382818, 0.0077754915797785444, 0.006133808140235992, 0.005873344250115684, 0.016799959016742954, 0.0011296962672038915, 0.002941229852465713, 0.0006657435531939935, 0.0012391546162224569, 0.016459449708140943, 0.014067242999868043, 0.004543566853862858, 0.013560064045063911, 0.008431526701740027, 0.014807632238338692, 0.0012391546162224569, 0.002259065718351871, 0.025990996724321355, 0.015591863846867718, 0.0012391546162224569, 0.010439404598234805, 0.020954511614776856, 0.0045904961535360765, 0.0019397078144089766, 0.03706729665842563, 0.010509513298174471, 0.011124648313213088, 0.005614548950236409, 0.014934956403765385, 0.006250212862476142, 0.007230805391550742, 0.009069031626643523, 0.0008760177282006686, 0.004334581508291528, 0.00639357728064353, 0.01088486940318393, 0.011802109319463574, 0.006249501806707717, 0.005091264582455193, 0.00782771201716572]}, {'overall_acc': 0.798783858485351, 'bal_acc': 0.6179178509024658, 'avg_odds_diff': 0.2270423551952323, 'disp_imp': 1.6607216202135253, 'stat_par_diff': 0.04205080665450049, 'eq_opp_diff': 0.422797495172207, 'theil_ind': 0.2142713929243413, 'TPR': 0.2535675082327113, 'TNR': 0.9822681935722202, 'FPR': 0.01773180642777983, 'FNR': 0.7464324917672887, 'GTPR': 1.0, 'GTNR': 1.0, 'GFPR': 0.0, 'GFNR': 0.0, 'PPV': 0.8279569892473119, 'NPV': 0.7963462114405511, 'FDR': 0.17204301075268819, 'FOR': 0.20365378855944893, 'ACC': 0.798783858485351, 'MCC': 0.38370950401741044, 'f1_score': 0.38823529411764707, 'fitness': 0.7567330518308506, 'solution': {'corr_type': 'spearman', 'l2': 0.001, 'dropout': 0.1996020917030206, 'privileged_demotion': 0.6783878275155306, 'privileged_promotion': 0.0057498311966107905, 'protected_demotion': 0.007704861796848483, 'protected_promotion': 0.26768902618958834}, 'corr': [0.09077788948924177, 0.003141075549940012, 1.0, 0.06707254648541233, 0.04405878060156745, 0.2677560392081955, 0.010390263878949348, 0.045649186253023374, 0.07002273346247687, 0.08772513656205903, 0.10499569131361021, 0.024349853858702288, 0.003346207210477006, 0.008721447166909934, 0.008516580176061817, 0.0064545950188989645, 0.006653656197700689, 0.02348965126105743, 0.027322650488287213, 0.015293781228612156, 0.022490956952876926, 0.008013507009928358, 0.014758288444036838, 0.03088991124156633, 0.010168198997268972, 0.008915108933240651, 0.005859625495151363, 0.045407637037739035, 0.06027718668441726, 0.2382555898602624, 0.016770186270579, 0.43890547344808195, 0.04129306156156269, 0.17833471061716483, 0.10536512582235072, 0.17875435225657393, 0.2765617988271952, 0.013594606541588564, 0.2272716168319427, 0.030270771185392963, 0.10063989947259931, 0.09094864930649048, 0.03654930373512998, 0.16759285263139206, 0.09343746923482214, 0.032230119495643444, 0.06373959815699029, 0.024696464629648984, 0.023062552121285614, 0.13523261435162304, 0.5825583998277074, 0.17412400734749697, 0.05210730382736026, 0.09910031727609238, 0.3229484116796712, 0.3163103844729845, 0.01425359020016891, 0.009019626372626512, 0.11712564408777118, 0.008644996944516207, 0.10872337687998798, 0.00386413442277796, 0.0012165817227382818, 0.0077754915797785444, 0.006133808140235992, 0.005873344250115684, 0.016799959016742954, 0.0011296962672038915, 0.002941229852465713, 0.0006657435531939935, 0.0012391546162224569, 0.016459449708140943, 0.014067242999868043, 0.004543566853862858, 0.013560064045063911, 0.008431526701740027, 0.014807632238338692, 0.0012391546162224569, 0.002259065718351871, 0.025990996724321355, 0.015591863846867718, 0.0012391546162224569, 0.010439404598234805, 0.020954511614776856, 0.0045904961535360765, 0.0019397078144089766, 0.03706729665842563, 0.010509513298174471, 0.011124648313213088, 0.005614548950236409, 0.014934956403765385, 0.006250212862476142, 0.007230805391550742, 0.009069031626643523, 0.0008760177282006686, 0.004334581508291528, 0.00639357728064353, 0.01088486940318393, 0.011802109319463574, 0.006249501806707717, 0.005091264582455193, 0.00782771201716572]}, {'overall_acc': 0.7935323383084577, 'bal_acc': 0.6195064063287562, 'avg_odds_diff': 0.29449007744124306, 'disp_imp': 2.255938663841592, 'stat_par_diff': 0.08069878360592579, 'eq_opp_diff': 0.5285167894707239, 'theil_ind': 0.21339185633811036, 'TPR': 0.2689352360043908, 'TNR': 0.9700775766531216, 'FPR': 0.029922423346878464, 'FNR': 0.7310647639956093, 'GTPR': 1.0, 'GTNR': 1.0, 'GFPR': 0.0, 'GFNR': 0.0, 'PPV': 0.7515337423312883, 'NPV': 0.7976913730255164, 'FDR': 0.24846625766871167, 'FOR': 0.2023086269744836, 'ACC': 0.7935323383084577, 'MCC': 0.3623145589174917, 'f1_score': 0.3961196443007276, 'fitness': 0.712833554702532, 'solution': {'corr_type': 'spearman', 'l2': 0.001, 'dropout': 0.18923721728570064, 'privileged_demotion': 0.7290727650633348, 'privileged_promotion': 0.00489128147070008, 'protected_demotion': 0.000609402842213988, 'protected_promotion': 0.3086678684863697}, 'corr': [0.09077788948924177, 0.003141075549940012, 1.0, 0.06707254648541233, 0.04405878060156745, 0.2677560392081955, 0.010390263878949348, 0.045649186253023374, 0.07002273346247687, 0.08772513656205903, 0.10499569131361021, 0.024349853858702288, 0.003346207210477006, 0.008721447166909934, 0.008516580176061817, 0.0064545950188989645, 0.006653656197700689, 0.02348965126105743, 0.027322650488287213, 0.015293781228612156, 0.022490956952876926, 0.008013507009928358, 0.014758288444036838, 0.03088991124156633, 0.010168198997268972, 0.008915108933240651, 0.005859625495151363, 0.045407637037739035, 0.06027718668441726, 0.2382555898602624, 0.016770186270579, 0.43890547344808195, 0.04129306156156269, 0.17833471061716483, 0.10536512582235072, 0.17875435225657393, 0.2765617988271952, 0.013594606541588564, 0.2272716168319427, 0.030270771185392963, 0.10063989947259931, 0.09094864930649048, 0.03654930373512998, 0.16759285263139206, 0.09343746923482214, 0.032230119495643444, 0.06373959815699029, 0.024696464629648984, 0.023062552121285614, 0.13523261435162304, 0.5825583998277074, 0.17412400734749697, 0.05210730382736026, 0.09910031727609238, 0.3229484116796712, 0.3163103844729845, 0.01425359020016891, 0.009019626372626512, 0.11712564408777118, 0.008644996944516207, 0.10872337687998798, 0.00386413442277796, 0.0012165817227382818, 0.0077754915797785444, 0.006133808140235992, 0.005873344250115684, 0.016799959016742954, 0.0011296962672038915, 0.002941229852465713, 0.0006657435531939935, 0.0012391546162224569, 0.016459449708140943, 0.014067242999868043, 0.004543566853862858, 0.013560064045063911, 0.008431526701740027, 0.014807632238338692, 0.0012391546162224569, 0.002259065718351871, 0.025990996724321355, 0.015591863846867718, 0.0012391546162224569, 0.010439404598234805, 0.020954511614776856, 0.0045904961535360765, 0.0019397078144089766, 0.03706729665842563, 0.010509513298174471, 0.011124648313213088, 0.005614548950236409, 0.014934956403765385, 0.006250212862476142, 0.007230805391550742, 0.009069031626643523, 0.0008760177282006686, 0.004334581508291528, 0.00639357728064353, 0.01088486940318393, 0.011802109319463574, 0.006249501806707717, 0.005091264582455193, 0.00782771201716572]}, {'overall_acc': 0.7958817025981205, 'bal_acc': 0.6103342474707805, 'avg_odds_diff': 0.2466979278794281, 'disp_imp': 1.9560254160906563, 'stat_par_diff': 0.05229175212045273, 'eq_opp_diff': 0.45992931735943154, 'theil_ind': 0.21897711978121562, 'TPR': 0.23655323819978047, 'TNR': 0.9841152567417806, 'FPR': 0.01588474325821943, 'FNR': 0.7634467618002195, 'GTPR': 1.0, 'GTNR': 1.0, 'GFPR': 0.0, 'GFNR': 0.0, 'PPV': 0.8336557059961315, 'NPV': 0.7929751451108796, 'FDR': 0.16634429400386846, 'FOR': 0.2070248548891204, 'ACC': 0.7958817025981205, 'MCC': 0.371857078455868, 'f1_score': 0.3685335613510047, 'fitness': 0.7435899504776677, 'solution': {'corr_type': 'spearman', 'l2': 0.001, 'dropout': 0.1991304438854832, 'privileged_demotion': 0.7206835448929297, 'privileged_promotion': 0.006307320345273988, 'protected_demotion': 0.0002663863646921727, 'protected_promotion': 0.30533854897266555}, 'corr': [0.09077788948924177, 0.003141075549940012, 1.0, 0.06707254648541233, 0.04405878060156745, 0.2677560392081955, 0.010390263878949348, 0.045649186253023374, 0.07002273346247687, 0.08772513656205903, 0.10499569131361021, 0.024349853858702288, 0.003346207210477006, 0.008721447166909934, 0.008516580176061817, 0.0064545950188989645, 0.006653656197700689, 0.02348965126105743, 0.027322650488287213, 0.015293781228612156, 0.022490956952876926, 0.008013507009928358, 0.014758288444036838, 0.03088991124156633, 0.010168198997268972, 0.008915108933240651, 0.005859625495151363, 0.045407637037739035, 0.06027718668441726, 0.2382555898602624, 0.016770186270579, 0.43890547344808195, 0.04129306156156269, 0.17833471061716483, 0.10536512582235072, 0.17875435225657393, 0.2765617988271952, 0.013594606541588564, 0.2272716168319427, 0.030270771185392963, 0.10063989947259931, 0.09094864930649048, 0.03654930373512998, 0.16759285263139206, 0.09343746923482214, 0.032230119495643444, 0.06373959815699029, 0.024696464629648984, 0.023062552121285614, 0.13523261435162304, 0.5825583998277074, 0.17412400734749697, 0.05210730382736026, 0.09910031727609238, 0.3229484116796712, 0.3163103844729845, 0.01425359020016891, 0.009019626372626512, 0.11712564408777118, 0.008644996944516207, 0.10872337687998798, 0.00386413442277796, 0.0012165817227382818, 0.0077754915797785444, 0.006133808140235992, 0.005873344250115684, 0.016799959016742954, 0.0011296962672038915, 0.002941229852465713, 0.0006657435531939935, 0.0012391546162224569, 0.016459449708140943, 0.014067242999868043, 0.004543566853862858, 0.013560064045063911, 0.008431526701740027, 0.014807632238338692, 0.0012391546162224569, 0.002259065718351871, 0.025990996724321355, 0.015591863846867718, 0.0012391546162224569, 0.010439404598234805, 0.020954511614776856, 0.0045904961535360765, 0.0019397078144089766, 0.03706729665842563, 0.010509513298174471, 0.011124648313213088, 0.005614548950236409, 0.014934956403765385, 0.006250212862476142, 0.007230805391550742, 0.009069031626643523, 0.0008760177282006686, 0.004334581508291528, 0.00639357728064353, 0.01088486940318393, 0.011802109319463574, 0.006249501806707717, 0.005091264582455193, 0.00782771201716572]}, {'overall_acc': 0.8255942509673853, 'bal_acc': 0.6764360966831124, 'avg_odds_diff': 0.1076421265802198, 'disp_imp': 0.7473615070270987, 'stat_par_diff': 0.030770731453999167, 'eq_opp_diff': 0.20596396497740782, 'theil_ind': 0.17849748938767587, 'TPR': 0.37596048298573, 'TNR': 0.976911710380495, 'FPR': 0.023088289619504987, 'FNR': 0.6240395170142701, 'GTPR': 1.0, 'GTNR': 1.0, 'GFPR': 0.0, 'GFNR': 0.0, 'PPV': 0.845679012345679, 'NPV': 0.823062558356676, 'FDR': 0.15432098765432098, 'FOR': 0.176937441643324, 'ACC': 0.8255942509673853, 'MCC': 0.4857780407232447, 'f1_score': 0.520516717325228, 'fitness': 0.7948235195133861, 'solution': {'corr_type': 'spearman', 'l2': 0.0001, 'dropout': 0.1857278635072522, 'privileged_demotion': 0.6623973947351471, 'privileged_promotion': 0.1795585436369317, 'protected_demotion': 0.18186654114206746, 'protected_promotion': 0.2815180949525887}, 'corr': [0.09077788948924177, 0.003141075549940012, 1.0, 0.06707254648541233, 0.04405878060156745, 0.2677560392081955, 0.010390263878949348, 0.045649186253023374, 0.07002273346247687, 0.08772513656205903, 0.10499569131361021, 0.024349853858702288, 0.003346207210477006, 0.008721447166909934, 0.008516580176061817, 0.0064545950188989645, 0.006653656197700689, 0.02348965126105743, 0.027322650488287213, 0.015293781228612156, 0.022490956952876926, 0.008013507009928358, 0.014758288444036838, 0.03088991124156633, 0.010168198997268972, 0.008915108933240651, 0.005859625495151363, 0.045407637037739035, 0.06027718668441726, 0.2382555898602624, 0.016770186270579, 0.43890547344808195, 0.04129306156156269, 0.17833471061716483, 0.10536512582235072, 0.17875435225657393, 0.2765617988271952, 0.013594606541588564, 0.2272716168319427, 0.030270771185392963, 0.10063989947259931, 0.09094864930649048, 0.03654930373512998, 0.16759285263139206, 0.09343746923482214, 0.032230119495643444, 0.06373959815699029, 0.024696464629648984, 0.023062552121285614, 0.13523261435162304, 0.5825583998277074, 0.17412400734749697, 0.05210730382736026, 0.09910031727609238, 0.3229484116796712, 0.3163103844729845, 0.01425359020016891, 0.009019626372626512, 0.11712564408777118, 0.008644996944516207, 0.10872337687998798, 0.00386413442277796, 0.0012165817227382818, 0.0077754915797785444, 0.006133808140235992, 0.005873344250115684, 0.016799959016742954, 0.0011296962672038915, 0.002941229852465713, 0.0006657435531939935, 0.0012391546162224569, 0.016459449708140943, 0.014067242999868043, 0.004543566853862858, 0.013560064045063911, 0.008431526701740027, 0.014807632238338692, 0.0012391546162224569, 0.002259065718351871, 0.025990996724321355, 0.015591863846867718, 0.0012391546162224569, 0.010439404598234805, 0.020954511614776856, 0.0045904961535360765, 0.0019397078144089766, 0.03706729665842563, 0.010509513298174471, 0.011124648313213088, 0.005614548950236409, 0.014934956403765385, 0.006250212862476142, 0.007230805391550742, 0.009069031626643523, 0.0008760177282006686, 0.004334581508291528, 0.00639357728064353, 0.01088486940318393, 0.011802109319463574, 0.006249501806707717, 0.005091264582455193, 0.00782771201716572]}, {'overall_acc': 0.8300165837479271, 'bal_acc': 0.6866742198236309, 'avg_odds_diff': 0.09312613841687513, 'disp_imp': 0.6875738983159173, 'stat_par_diff': 0.041165537594812035, 'eq_opp_diff': 0.1800907437613664, 'theil_ind': 0.17237015151761811, 'TPR': 0.39791437980241495, 'TNR': 0.9754340598448467, 'FPR': 0.024565940155153305, 'FNR': 0.602085620197585, 'GTPR': 1.0, 'GTNR': 1.0, 'GFPR': 0.0, 'GFNR': 0.0, 'PPV': 0.844988344988345, 'NPV': 0.8280025086233929, 'FDR': 0.155011655011655, 'FOR': 0.17199749137660708, 'ACC': 0.8300165837479271, 'MCC': 0.501258501267381, 'f1_score': 0.541044776119403, 'fitness': 0.7888510461531151, 'solution': {'corr_type': 'spearman', 'l2': 0.0001, 'dropout': 0.17476010576711598, 'privileged_demotion': 0.6416163596223856, 'privileged_promotion': 0.18471916915782133, 'protected_demotion': 0.17085057319138752, 'protected_promotion': 0.29129092947005736}, 'corr': [0.09077788948924177, 0.003141075549940012, 1.0, 0.06707254648541233, 0.04405878060156745, 0.2677560392081955, 0.010390263878949348, 0.045649186253023374, 0.07002273346247687, 0.08772513656205903, 0.10499569131361021, 0.024349853858702288, 0.003346207210477006, 0.008721447166909934, 0.008516580176061817, 0.0064545950188989645, 0.006653656197700689, 0.02348965126105743, 0.027322650488287213, 0.015293781228612156, 0.022490956952876926, 0.008013507009928358, 0.014758288444036838, 0.03088991124156633, 0.010168198997268972, 0.008915108933240651, 0.005859625495151363, 0.045407637037739035, 0.06027718668441726, 0.2382555898602624, 0.016770186270579, 0.43890547344808195, 0.04129306156156269, 0.17833471061716483, 0.10536512582235072, 0.17875435225657393, 0.2765617988271952, 0.013594606541588564, 0.2272716168319427, 0.030270771185392963, 0.10063989947259931, 0.09094864930649048, 0.03654930373512998, 0.16759285263139206, 0.09343746923482214, 0.032230119495643444, 0.06373959815699029, 0.024696464629648984, 0.023062552121285614, 0.13523261435162304, 0.5825583998277074, 0.17412400734749697, 0.05210730382736026, 0.09910031727609238, 0.3229484116796712, 0.3163103844729845, 0.01425359020016891, 0.009019626372626512, 0.11712564408777118, 0.008644996944516207, 0.10872337687998798, 0.00386413442277796, 0.0012165817227382818, 0.0077754915797785444, 0.006133808140235992, 0.005873344250115684, 0.016799959016742954, 0.0011296962672038915, 0.002941229852465713, 0.0006657435531939935, 0.0012391546162224569, 0.016459449708140943, 0.014067242999868043, 0.004543566853862858, 0.013560064045063911, 0.008431526701740027, 0.014807632238338692, 0.0012391546162224569, 0.002259065718351871, 0.025990996724321355, 0.015591863846867718, 0.0012391546162224569, 0.010439404598234805, 0.020954511614776856, 0.0045904961535360765, 0.0019397078144089766, 0.03706729665842563, 0.010509513298174471, 0.011124648313213088, 0.005614548950236409, 0.014934956403765385, 0.006250212862476142, 0.007230805391550742, 0.009069031626643523, 0.0008760177282006686, 0.004334581508291528, 0.00639357728064353, 0.01088486940318393, 0.011802109319463574, 0.006249501806707717, 0.005091264582455193, 0.00782771201716572]}, {'overall_acc': 0.8237976782752903, 'bal_acc': 0.6726865178986706, 'avg_odds_diff': 0.13428527100291357, 'disp_imp': 0.8479155780237941, 'stat_par_diff': 0.01756485394113154, 'eq_opp_diff': 0.25344976282880555, 'theil_ind': 0.18075441345579574, 'TPR': 0.36827661909989023, 'TNR': 0.9770964166974511, 'FPR': 0.022903583302548946, 'FNR': 0.6317233809001098, 'GTPR': 1.0, 'GTNR': 1.0, 'GFPR': 0.0, 'GFNR': 0.0, 'PPV': 0.8440251572327044, 'NPV': 0.8213010402111474, 'FDR': 0.1559748427672956, 'FOR': 0.17869895978885267, 'ACC': 0.8237976782752903, 'MCC': 0.4793597069077504, 'f1_score': 0.5128009170806267, 'fitness': 0.8062328243341588, 'solution': {'corr_type': 'spearman', 'l2': 0.0001, 'dropout': 0.1761654022545309, 'privileged_demotion': 0.6157059628212445, 'privileged_promotion': 0.15245121571043274, 'protected_demotion': 0.21341131508533806, 'protected_promotion': 0.4092957080203651}, 'corr': [0.09077788948924177, 0.003141075549940012, 1.0, 0.06707254648541233, 0.04405878060156745, 0.2677560392081955, 0.010390263878949348, 0.045649186253023374, 0.07002273346247687, 0.08772513656205903, 0.10499569131361021, 0.024349853858702288, 0.003346207210477006, 0.008721447166909934, 0.008516580176061817, 0.0064545950188989645, 0.006653656197700689, 0.02348965126105743, 0.027322650488287213, 0.015293781228612156, 0.022490956952876926, 0.008013507009928358, 0.014758288444036838, 0.03088991124156633, 0.010168198997268972, 0.008915108933240651, 0.005859625495151363, 0.045407637037739035, 0.06027718668441726, 0.2382555898602624, 0.016770186270579, 0.43890547344808195, 0.04129306156156269, 0.17833471061716483, 0.10536512582235072, 0.17875435225657393, 0.2765617988271952, 0.013594606541588564, 0.2272716168319427, 0.030270771185392963, 0.10063989947259931, 0.09094864930649048, 0.03654930373512998, 0.16759285263139206, 0.09343746923482214, 0.032230119495643444, 0.06373959815699029, 0.024696464629648984, 0.023062552121285614, 0.13523261435162304, 0.5825583998277074, 0.17412400734749697, 0.05210730382736026, 0.09910031727609238, 0.3229484116796712, 0.3163103844729845, 0.01425359020016891, 0.009019626372626512, 0.11712564408777118, 0.008644996944516207, 0.10872337687998798, 0.00386413442277796, 0.0012165817227382818, 0.0077754915797785444, 0.006133808140235992, 0.005873344250115684, 0.016799959016742954, 0.0011296962672038915, 0.002941229852465713, 0.0006657435531939935, 0.0012391546162224569, 0.016459449708140943, 0.014067242999868043, 0.004543566853862858, 0.013560064045063911, 0.008431526701740027, 0.014807632238338692, 0.0012391546162224569, 0.002259065718351871, 0.025990996724321355, 0.015591863846867718, 0.0012391546162224569, 0.010439404598234805, 0.020954511614776856, 0.0045904961535360765, 0.0019397078144089766, 0.03706729665842563, 0.010509513298174471, 0.011124648313213088, 0.005614548950236409, 0.014934956403765385, 0.006250212862476142, 0.007230805391550742, 0.009069031626643523, 0.0008760177282006686, 0.004334581508291528, 0.00639357728064353, 0.01088486940318393, 0.011802109319463574, 0.006249501806707717, 0.005091264582455193, 0.00782771201716572]}, {'overall_acc': 0.8278054173576561, 'bal_acc': 0.6828296521154854, 'avg_odds_diff': 0.0751507239813021, 'disp_imp': 0.6293599090220665, 'stat_par_diff': 0.0492880478852315, 'eq_opp_diff': 0.15006937023079658, 'theil_ind': 0.17467690264740796, 'TPR': 0.3907793633369923, 'TNR': 0.9748799408939786, 'FPR': 0.025120059106021424, 'FNR': 0.6092206366630076, 'GTPR': 1.0, 'GTNR': 1.0, 'GFPR': 0.0, 'GFNR': 0.0, 'PPV': 0.839622641509434, 'NPV': 0.8262366938008766, 'FDR': 0.16037735849056603, 'FOR': 0.17376330619912336, 'ACC': 0.8278054173576561, 'MCC': 0.4934345562131465, 'f1_score': 0.5333333333333333, 'fitness': 0.7785173694724246, 'solution': {'corr_type': 'spearman', 'l2': 0.001, 'dropout': 0.16898196478587768, 'privileged_demotion': 0.6236081064730494, 'privileged_promotion': 0.16590355331026807, 'protected_demotion': 0.1686417504843682, 'protected_promotion': 0.2023582197151018}, 'corr': [0.09077788948924177, 0.003141075549940012, 1.0, 0.06707254648541233, 0.04405878060156745, 0.2677560392081955, 0.010390263878949348, 0.045649186253023374, 0.07002273346247687, 0.08772513656205903, 0.10499569131361021, 0.024349853858702288, 0.003346207210477006, 0.008721447166909934, 0.008516580176061817, 0.0064545950188989645, 0.006653656197700689, 0.02348965126105743, 0.027322650488287213, 0.015293781228612156, 0.022490956952876926, 0.008013507009928358, 0.014758288444036838, 0.03088991124156633, 0.010168198997268972, 0.008915108933240651, 0.005859625495151363, 0.045407637037739035, 0.06027718668441726, 0.2382555898602624, 0.016770186270579, 0.43890547344808195, 0.04129306156156269, 0.17833471061716483, 0.10536512582235072, 0.17875435225657393, 0.2765617988271952, 0.013594606541588564, 0.2272716168319427, 0.030270771185392963, 0.10063989947259931, 0.09094864930649048, 0.03654930373512998, 0.16759285263139206, 0.09343746923482214, 0.032230119495643444, 0.06373959815699029, 0.024696464629648984, 0.023062552121285614, 0.13523261435162304, 0.5825583998277074, 0.17412400734749697, 0.05210730382736026, 0.09910031727609238, 0.3229484116796712, 0.3163103844729845, 0.01425359020016891, 0.009019626372626512, 0.11712564408777118, 0.008644996944516207, 0.10872337687998798, 0.00386413442277796, 0.0012165817227382818, 0.0077754915797785444, 0.006133808140235992, 0.005873344250115684, 0.016799959016742954, 0.0011296962672038915, 0.002941229852465713, 0.0006657435531939935, 0.0012391546162224569, 0.016459449708140943, 0.014067242999868043, 0.004543566853862858, 0.013560064045063911, 0.008431526701740027, 0.014807632238338692, 0.0012391546162224569, 0.002259065718351871, 0.025990996724321355, 0.015591863846867718, 0.0012391546162224569, 0.010439404598234805, 0.020954511614776856, 0.0045904961535360765, 0.0019397078144089766, 0.03706729665842563, 0.010509513298174471, 0.011124648313213088, 0.005614548950236409, 0.014934956403765385, 0.006250212862476142, 0.007230805391550742, 0.009069031626643523, 0.0008760177282006686, 0.004334581508291528, 0.00639357728064353, 0.01088486940318393, 0.011802109319463574, 0.006249501806707717, 0.005091264582455193, 0.00782771201716572]}, {'overall_acc': 0.8302929795467109, 'bal_acc': 0.6870409966923174, 'avg_odds_diff': 0.06384858019542079, 'disp_imp': 0.5792059562244132, 'stat_par_diff': 0.057668805511335006, 'eq_opp_diff': 0.12393366706038961, 'theil_ind': 0.17214912244218444, 'TPR': 0.39846322722283206, 'TNR': 0.9756187661618028, 'FPR': 0.024381233838197267, 'FNR': 0.601536772777168, 'GTPR': 1.0, 'GTNR': 1.0, 'GFPR': 0.0, 'GFNR': 0.0, 'PPV': 0.8461538461538461, 'NPV': 0.82815929758545, 'FDR': 0.15384615384615385, 'FOR': 0.17184070241455002, 'ACC': 0.8302929795467109, 'MCC': 0.5022433722563749, 'f1_score': 0.5417910447761194, 'fitness': 0.7726241740353759, 'solution': {'corr_type': 'spearman', 'l2': 0.0001, 'dropout': 0.167124095350913, 'privileged_demotion': 0.6146393189628334, 'privileged_promotion': 0.17262973054253195, 'protected_demotion': 0.17753234376537128, 'protected_promotion': 0.14219966834999687}, 'corr': [0.09077788948924177, 0.003141075549940012, 1.0, 0.06707254648541233, 0.04405878060156745, 0.2677560392081955, 0.010390263878949348, 0.045649186253023374, 0.07002273346247687, 0.08772513656205903, 0.10499569131361021, 0.024349853858702288, 0.003346207210477006, 0.008721447166909934, 0.008516580176061817, 0.0064545950188989645, 0.006653656197700689, 0.02348965126105743, 0.027322650488287213, 0.015293781228612156, 0.022490956952876926, 0.008013507009928358, 0.014758288444036838, 0.03088991124156633, 0.010168198997268972, 0.008915108933240651, 0.005859625495151363, 0.045407637037739035, 0.06027718668441726, 0.2382555898602624, 0.016770186270579, 0.43890547344808195, 0.04129306156156269, 0.17833471061716483, 0.10536512582235072, 0.17875435225657393, 0.2765617988271952, 0.013594606541588564, 0.2272716168319427, 0.030270771185392963, 0.10063989947259931, 0.09094864930649048, 0.03654930373512998, 0.16759285263139206, 0.09343746923482214, 0.032230119495643444, 0.06373959815699029, 0.024696464629648984, 0.023062552121285614, 0.13523261435162304, 0.5825583998277074, 0.17412400734749697, 0.05210730382736026, 0.09910031727609238, 0.3229484116796712, 0.3163103844729845, 0.01425359020016891, 0.009019626372626512, 0.11712564408777118, 0.008644996944516207, 0.10872337687998798, 0.00386413442277796, 0.0012165817227382818, 0.0077754915797785444, 0.006133808140235992, 0.005873344250115684, 0.016799959016742954, 0.0011296962672038915, 0.002941229852465713, 0.0006657435531939935, 0.0012391546162224569, 0.016459449708140943, 0.014067242999868043, 0.004543566853862858, 0.013560064045063911, 0.008431526701740027, 0.014807632238338692, 0.0012391546162224569, 0.002259065718351871, 0.025990996724321355, 0.015591863846867718, 0.0012391546162224569, 0.010439404598234805, 0.020954511614776856, 0.0045904961535360765, 0.0019397078144089766, 0.03706729665842563, 0.010509513298174471, 0.011124648313213088, 0.005614548950236409, 0.014934956403765385, 0.006250212862476142, 0.007230805391550742, 0.009069031626643523, 0.0008760177282006686, 0.004334581508291528, 0.00639357728064353, 0.01088486940318393, 0.011802109319463574, 0.006249501806707717, 0.005091264582455193, 0.00782771201716572]}, {'overall_acc': 0.8305693753454948, 'bal_acc': 0.6926878195611897, 'avg_odds_diff': 0.06329975736892737, 'disp_imp': 0.5813162034798115, 'stat_par_diff': 0.06121058350915322, 'eq_opp_diff': 0.12160882689315106, 'theil_ind': 0.168808947139868, 'TPR': 0.4149286498353458, 'TNR': 0.9704469892870337, 'FPR': 0.029553010712966385, 'FNR': 0.5850713501646543, 'GTPR': 1.0, 'GTNR': 1.0, 'GFPR': 0.0, 'GFNR': 0.0, 'PPV': 0.8253275109170306, 'NPV': 0.8313291139240506, 'FDR': 0.17467248908296942, 'FOR': 0.16867088607594938, 'ACC': 0.8305693753454948, 'MCC': 0.5030501629878239, 'f1_score': 0.5522279035792549, 'fitness': 0.7693587918363416, 'solution': {'corr_type': 'spearman', 'l2': 0.0001, 'dropout': 0.17272372701191913, 'privileged_demotion': 0.6089621942923651, 'privileged_promotion': 0.18580469368397884, 'protected_demotion': 0.1524470750707233, 'protected_promotion': 0.18446415769714253}, 'corr': [0.09077788948924177, 0.003141075549940012, 1.0, 0.06707254648541233, 0.04405878060156745, 0.2677560392081955, 0.010390263878949348, 0.045649186253023374, 0.07002273346247687, 0.08772513656205903, 0.10499569131361021, 0.024349853858702288, 0.003346207210477006, 0.008721447166909934, 0.008516580176061817, 0.0064545950188989645, 0.006653656197700689, 0.02348965126105743, 0.027322650488287213, 0.015293781228612156, 0.022490956952876926, 0.008013507009928358, 0.014758288444036838, 0.03088991124156633, 0.010168198997268972, 0.008915108933240651, 0.005859625495151363, 0.045407637037739035, 0.06027718668441726, 0.2382555898602624, 0.016770186270579, 0.43890547344808195, 0.04129306156156269, 0.17833471061716483, 0.10536512582235072, 0.17875435225657393, 0.2765617988271952, 0.013594606541588564, 0.2272716168319427, 0.030270771185392963, 0.10063989947259931, 0.09094864930649048, 0.03654930373512998, 0.16759285263139206, 0.09343746923482214, 0.032230119495643444, 0.06373959815699029, 0.024696464629648984, 0.023062552121285614, 0.13523261435162304, 0.5825583998277074, 0.17412400734749697, 0.05210730382736026, 0.09910031727609238, 0.3229484116796712, 0.3163103844729845, 0.01425359020016891, 0.009019626372626512, 0.11712564408777118, 0.008644996944516207, 0.10872337687998798, 0.00386413442277796, 0.0012165817227382818, 0.0077754915797785444, 0.006133808140235992, 0.005873344250115684, 0.016799959016742954, 0.0011296962672038915, 0.002941229852465713, 0.0006657435531939935, 0.0012391546162224569, 0.016459449708140943, 0.014067242999868043, 0.004543566853862858, 0.013560064045063911, 0.008431526701740027, 0.014807632238338692, 0.0012391546162224569, 0.002259065718351871, 0.025990996724321355, 0.015591863846867718, 0.0012391546162224569, 0.010439404598234805, 0.020954511614776856, 0.0045904961535360765, 0.0019397078144089766, 0.03706729665842563, 0.010509513298174471, 0.011124648313213088, 0.005614548950236409, 0.014934956403765385, 0.006250212862476142, 0.007230805391550742, 0.009069031626643523, 0.0008760177282006686, 0.004334581508291528, 0.00639357728064353, 0.01088486940318393, 0.011802109319463574, 0.006249501806707717, 0.005091264582455193, 0.00782771201716572]}, {'overall_acc': 0.8402432283029297, 'bal_acc': 0.722639641827891, 'avg_odds_diff': 0.02802337609694021, 'disp_imp': 0.44104458872905977, 'stat_par_diff': 0.10388069253795025, 'eq_opp_diff': 0.029627650599021338, 'theil_ind': 0.15107945675334278, 'TPR': 0.4857299670691548, 'TNR': 0.9595493165866272, 'FPR': 0.04045068341337274, 'FNR': 0.5142700329308453, 'GTPR': 1.0, 'GTNR': 1.0, 'GFPR': 0.0, 'GFNR': 0.0, 'PPV': 0.8016304347826086, 'NPV': 0.8471950424005219, 'FDR': 0.1983695652173913, 'FOR': 0.15280495759947815, 'ACC': 0.8402432283029297, 'MCC': 0.5375021336680676, 'f1_score': 0.6049213943950785, 'fitness': 0.7363625357649795, 'solution': {'corr_type': 'spearman', 'l2': 0.0001, 'dropout': 0.16995066237864004, 'privileged_demotion': 0.5012726528060001, 'privileged_promotion': 0.23784876772154587, 'protected_demotion': 0.1979422868986672, 'protected_promotion': 0.15545521576381716}, 'corr': [0.09077788948924177, 0.003141075549940012, 1.0, 0.06707254648541233, 0.04405878060156745, 0.2677560392081955, 0.010390263878949348, 0.045649186253023374, 0.07002273346247687, 0.08772513656205903, 0.10499569131361021, 0.024349853858702288, 0.003346207210477006, 0.008721447166909934, 0.008516580176061817, 0.0064545950188989645, 0.006653656197700689, 0.02348965126105743, 0.027322650488287213, 0.015293781228612156, 0.022490956952876926, 0.008013507009928358, 0.014758288444036838, 0.03088991124156633, 0.010168198997268972, 0.008915108933240651, 0.005859625495151363, 0.045407637037739035, 0.06027718668441726, 0.2382555898602624, 0.016770186270579, 0.43890547344808195, 0.04129306156156269, 0.17833471061716483, 0.10536512582235072, 0.17875435225657393, 0.2765617988271952, 0.013594606541588564, 0.2272716168319427, 0.030270771185392963, 0.10063989947259931, 0.09094864930649048, 0.03654930373512998, 0.16759285263139206, 0.09343746923482214, 0.032230119495643444, 0.06373959815699029, 0.024696464629648984, 0.023062552121285614, 0.13523261435162304, 0.5825583998277074, 0.17412400734749697, 0.05210730382736026, 0.09910031727609238, 0.3229484116796712, 0.3163103844729845, 0.01425359020016891, 0.009019626372626512, 0.11712564408777118, 0.008644996944516207, 0.10872337687998798, 0.00386413442277796, 0.0012165817227382818, 0.0077754915797785444, 0.006133808140235992, 0.005873344250115684, 0.016799959016742954, 0.0011296962672038915, 0.002941229852465713, 0.0006657435531939935, 0.0012391546162224569, 0.016459449708140943, 0.014067242999868043, 0.004543566853862858, 0.013560064045063911, 0.008431526701740027, 0.014807632238338692, 0.0012391546162224569, 0.002259065718351871, 0.025990996724321355, 0.015591863846867718, 0.0012391546162224569, 0.010439404598234805, 0.020954511614776856, 0.0045904961535360765, 0.0019397078144089766, 0.03706729665842563, 0.010509513298174471, 0.011124648313213088, 0.005614548950236409, 0.014934956403765385, 0.006250212862476142, 0.007230805391550742, 0.009069031626643523, 0.0008760177282006686, 0.004334581508291528, 0.00639357728064353, 0.01088486940318393, 0.011802109319463574, 0.006249501806707717, 0.005091264582455193, 0.00782771201716572]}, {'overall_acc': 0.8407960199004975, 'bal_acc': 0.7219166311514198, 'avg_odds_diff': 0.05039362057204635, 'disp_imp': 0.4925703319435175, 'stat_par_diff': 0.09110622140989712, 'eq_opp_diff': 0.08047884207960704, 'theil_ind': 0.15151973019056258, 'TPR': 0.482436882546652, 'TNR': 0.9613963797561876, 'FPR': 0.03860362024381234, 'FNR': 0.5175631174533479, 'GTPR': 1.0, 'GTNR': 1.0, 'GFPR': 0.0, 'GFNR': 0.0, 'PPV': 0.8079044117647058, 'NPV': 0.8466167859466494, 'FDR': 0.19209558823529413, 'FOR': 0.15338321405335067, 'ACC': 0.8407960199004975, 'MCC': 0.538978922061515, 'f1_score': 0.6041237113402061, 'fitness': 0.7496897984906004, 'solution': {'corr_type': 'spearman', 'l2': 0.0001, 'dropout': 0.16764960277086027, 'privileged_demotion': 0.4961211625426055, 'privileged_promotion': 0.2701210415790489, 'protected_demotion': 0.21984429731965036, 'protected_promotion': 0.43126961604639336}, 'corr': [0.09077788948924177, 0.003141075549940012, 1.0, 0.06707254648541233, 0.04405878060156745, 0.2677560392081955, 0.010390263878949348, 0.045649186253023374, 0.07002273346247687, 0.08772513656205903, 0.10499569131361021, 0.024349853858702288, 0.003346207210477006, 0.008721447166909934, 0.008516580176061817, 0.0064545950188989645, 0.006653656197700689, 0.02348965126105743, 0.027322650488287213, 0.015293781228612156, 0.022490956952876926, 0.008013507009928358, 0.014758288444036838, 0.03088991124156633, 0.010168198997268972, 0.008915108933240651, 0.005859625495151363, 0.045407637037739035, 0.06027718668441726, 0.2382555898602624, 0.016770186270579, 0.43890547344808195, 0.04129306156156269, 0.17833471061716483, 0.10536512582235072, 0.17875435225657393, 0.2765617988271952, 0.013594606541588564, 0.2272716168319427, 0.030270771185392963, 0.10063989947259931, 0.09094864930649048, 0.03654930373512998, 0.16759285263139206, 0.09343746923482214, 0.032230119495643444, 0.06373959815699029, 0.024696464629648984, 0.023062552121285614, 0.13523261435162304, 0.5825583998277074, 0.17412400734749697, 0.05210730382736026, 0.09910031727609238, 0.3229484116796712, 0.3163103844729845, 0.01425359020016891, 0.009019626372626512, 0.11712564408777118, 0.008644996944516207, 0.10872337687998798, 0.00386413442277796, 0.0012165817227382818, 0.0077754915797785444, 0.006133808140235992, 0.005873344250115684, 0.016799959016742954, 0.0011296962672038915, 0.002941229852465713, 0.0006657435531939935, 0.0012391546162224569, 0.016459449708140943, 0.014067242999868043, 0.004543566853862858, 0.013560064045063911, 0.008431526701740027, 0.014807632238338692, 0.0012391546162224569, 0.002259065718351871, 0.025990996724321355, 0.015591863846867718, 0.0012391546162224569, 0.010439404598234805, 0.020954511614776856, 0.0045904961535360765, 0.0019397078144089766, 0.03706729665842563, 0.010509513298174471, 0.011124648313213088, 0.005614548950236409, 0.014934956403765385, 0.006250212862476142, 0.007230805391550742, 0.009069031626643523, 0.0008760177282006686, 0.004334581508291528, 0.00639357728064353, 0.01088486940318393, 0.011802109319463574, 0.006249501806707717, 0.005091264582455193, 0.00782771201716572]}, {'overall_acc': 0.8450801547816473, 'bal_acc': 0.7338831066507656, 'avg_odds_diff': 0.04518707634795397, 'disp_imp': 0.4704835122584102, 'stat_par_diff': 0.10196260957529191, 'eq_opp_diff': 0.06521739130434778, 'theil_ind': 0.144504063637305, 'TPR': 0.5098792535675082, 'TNR': 0.9578869597340229, 'FPR': 0.0421130402659771, 'FNR': 0.49012074643249176, 'GTPR': 1.0, 'GTNR': 1.0, 'GFPR': 0.0, 'GFNR': 0.0, 'PPV': 0.8029386343993086, 'NPV': 0.8531008389537753, 'FDR': 0.19706136560069146, 'FOR': 0.14689916104622472, 'ACC': 0.8450801547816473, 'MCC': 0.5539612804399806, 'f1_score': 0.6236992279288351, 'fitness': 0.7431175452063554, 'solution': {'corr_type': 'spearman', 'l2': 0.0001, 'dropout': 0.13479196310617367, 'privileged_demotion': 0.4989023424807909, 'privileged_promotion': 0.24842199584244773, 'protected_demotion': 0.27499400655620865, 'protected_promotion': 0.42441474619264485}, 'corr': [0.09077788948924177, 0.003141075549940012, 1.0, 0.06707254648541233, 0.04405878060156745, 0.2677560392081955, 0.010390263878949348, 0.045649186253023374, 0.07002273346247687, 0.08772513656205903, 0.10499569131361021, 0.024349853858702288, 0.003346207210477006, 0.008721447166909934, 0.008516580176061817, 0.0064545950188989645, 0.006653656197700689, 0.02348965126105743, 0.027322650488287213, 0.015293781228612156, 0.022490956952876926, 0.008013507009928358, 0.014758288444036838, 0.03088991124156633, 0.010168198997268972, 0.008915108933240651, 0.005859625495151363, 0.045407637037739035, 0.06027718668441726, 0.2382555898602624, 0.016770186270579, 0.43890547344808195, 0.04129306156156269, 0.17833471061716483, 0.10536512582235072, 0.17875435225657393, 0.2765617988271952, 0.013594606541588564, 0.2272716168319427, 0.030270771185392963, 0.10063989947259931, 0.09094864930649048, 0.03654930373512998, 0.16759285263139206, 0.09343746923482214, 0.032230119495643444, 0.06373959815699029, 0.024696464629648984, 0.023062552121285614, 0.13523261435162304, 0.5825583998277074, 0.17412400734749697, 0.05210730382736026, 0.09910031727609238, 0.3229484116796712, 0.3163103844729845, 0.01425359020016891, 0.009019626372626512, 0.11712564408777118, 0.008644996944516207, 0.10872337687998798, 0.00386413442277796, 0.0012165817227382818, 0.0077754915797785444, 0.006133808140235992, 0.005873344250115684, 0.016799959016742954, 0.0011296962672038915, 0.002941229852465713, 0.0006657435531939935, 0.0012391546162224569, 0.016459449708140943, 0.014067242999868043, 0.004543566853862858, 0.013560064045063911, 0.008431526701740027, 0.014807632238338692, 0.0012391546162224569, 0.002259065718351871, 0.025990996724321355, 0.015591863846867718, 0.0012391546162224569, 0.010439404598234805, 0.020954511614776856, 0.0045904961535360765, 0.0019397078144089766, 0.03706729665842563, 0.010509513298174471, 0.011124648313213088, 0.005614548950236409, 0.014934956403765385, 0.006250212862476142, 0.007230805391550742, 0.009069031626643523, 0.0008760177282006686, 0.004334581508291528, 0.00639357728064353, 0.01088486940318393, 0.011802109319463574, 0.006249501806707717, 0.005091264582455193, 0.00782771201716572]}, {'overall_acc': 0.8414870093974571, 'bal_acc': 0.7234708202541932, 'avg_odds_diff': 0.0456801235954533, 'disp_imp': 0.49163246311208514, 'stat_par_diff': 0.09189482315847017, 'eq_opp_diff': 0.07232783996100267, 'theil_ind': 0.15060877624210345, 'TPR': 0.4857299670691548, 'TNR': 0.9612116734392316, 'FPR': 0.03878832656076838, 'FNR': 0.5142700329308453, 'GTPR': 1.0, 'GTNR': 1.0, 'GFPR': 0.0, 'GFNR': 0.0, 'PPV': 0.8082191780821918, 'NPV': 0.8474189871356457, 'FDR': 0.1917808219178082, 'FOR': 0.15258101286435433, 'ACC': 0.8414870093974571, 'MCC': 0.5413242994198291, 'f1_score': 0.6067877956804937, 'fitness': 0.7495921862389869, 'solution': {'corr_type': 'spearman', 'l2': 0.0001, 'dropout': 0.13702035350328107, 'privileged_demotion': 0.47246946659647737, 'privileged_promotion': 0.28877489420510116, 'protected_demotion': 0.25534343605110943, 'protected_promotion': 0.4310779513434283}, 'corr': [0.09077788948924177, 0.003141075549940012, 1.0, 0.06707254648541233, 0.04405878060156745, 0.2677560392081955, 0.010390263878949348, 0.045649186253023374, 0.07002273346247687, 0.08772513656205903, 0.10499569131361021, 0.024349853858702288, 0.003346207210477006, 0.008721447166909934, 0.008516580176061817, 0.0064545950188989645, 0.006653656197700689, 0.02348965126105743, 0.027322650488287213, 0.015293781228612156, 0.022490956952876926, 0.008013507009928358, 0.014758288444036838, 0.03088991124156633, 0.010168198997268972, 0.008915108933240651, 0.005859625495151363, 0.045407637037739035, 0.06027718668441726, 0.2382555898602624, 0.016770186270579, 0.43890547344808195, 0.04129306156156269, 0.17833471061716483, 0.10536512582235072, 0.17875435225657393, 0.2765617988271952, 0.013594606541588564, 0.2272716168319427, 0.030270771185392963, 0.10063989947259931, 0.09094864930649048, 0.03654930373512998, 0.16759285263139206, 0.09343746923482214, 0.032230119495643444, 0.06373959815699029, 0.024696464629648984, 0.023062552121285614, 0.13523261435162304, 0.5825583998277074, 0.17412400734749697, 0.05210730382736026, 0.09910031727609238, 0.3229484116796712, 0.3163103844729845, 0.01425359020016891, 0.009019626372626512, 0.11712564408777118, 0.008644996944516207, 0.10872337687998798, 0.00386413442277796, 0.0012165817227382818, 0.0077754915797785444, 0.006133808140235992, 0.005873344250115684, 0.016799959016742954, 0.0011296962672038915, 0.002941229852465713, 0.0006657435531939935, 0.0012391546162224569, 0.016459449708140943, 0.014067242999868043, 0.004543566853862858, 0.013560064045063911, 0.008431526701740027, 0.014807632238338692, 0.0012391546162224569, 0.002259065718351871, 0.025990996724321355, 0.015591863846867718, 0.0012391546162224569, 0.010439404598234805, 0.020954511614776856, 0.0045904961535360765, 0.0019397078144089766, 0.03706729665842563, 0.010509513298174471, 0.011124648313213088, 0.005614548950236409, 0.014934956403765385, 0.006250212862476142, 0.007230805391550742, 0.009069031626643523, 0.0008760177282006686, 0.004334581508291528, 0.00639357728064353, 0.01088486940318393, 0.011802109319463574, 0.006249501806707717, 0.005091264582455193, 0.00782771201716572]}, {'overall_acc': 0.8414870093974571, 'bal_acc': 0.7371261116339838, 'avg_odds_diff': 0.05035682841340057, 'disp_imp': 0.4680124854083134, 'stat_par_diff': 0.11033494609262308, 'eq_opp_diff': 0.06651573954290646, 'theil_ind': 0.14243156050595526, 'TPR': 0.5268935236004391, 'TNR': 0.9473586996675286, 'FPR': 0.05264130033247137, 'FNR': 0.47310647639956094, 'GTPR': 1.0, 'GTNR': 1.0, 'GFPR': 0.0, 'GFNR': 0.0, 'PPV': 0.7710843373493976, 'NPV': 0.8561175095977299, 'FDR': 0.2289156626506024, 'FOR': 0.14388249040227008, 'ACC': 0.8414870093974571, 'MCC': 0.5453914835716184, 'f1_score': 0.626018910987936, 'fitness': 0.7311520633048341, 'solution': {'corr_type': 'spearman', 'l2': 0.0001, 'dropout': 0.14215180383170967, 'privileged_demotion': 0.47644948126001996, 'privileged_promotion': 0.29151054632682133, 'protected_demotion': 0.252269795414402, 'protected_promotion': 0.43158949394927326}, 'corr': [0.09077788948924177, 0.003141075549940012, 1.0, 0.06707254648541233, 0.04405878060156745, 0.2677560392081955, 0.010390263878949348, 0.045649186253023374, 0.07002273346247687, 0.08772513656205903, 0.10499569131361021, 0.024349853858702288, 0.003346207210477006, 0.008721447166909934, 0.008516580176061817, 0.0064545950188989645, 0.006653656197700689, 0.02348965126105743, 0.027322650488287213, 0.015293781228612156, 0.022490956952876926, 0.008013507009928358, 0.014758288444036838, 0.03088991124156633, 0.010168198997268972, 0.008915108933240651, 0.005859625495151363, 0.045407637037739035, 0.06027718668441726, 0.2382555898602624, 0.016770186270579, 0.43890547344808195, 0.04129306156156269, 0.17833471061716483, 0.10536512582235072, 0.17875435225657393, 0.2765617988271952, 0.013594606541588564, 0.2272716168319427, 0.030270771185392963, 0.10063989947259931, 0.09094864930649048, 0.03654930373512998, 0.16759285263139206, 0.09343746923482214, 0.032230119495643444, 0.06373959815699029, 0.024696464629648984, 0.023062552121285614, 0.13523261435162304, 0.5825583998277074, 0.17412400734749697, 0.05210730382736026, 0.09910031727609238, 0.3229484116796712, 0.3163103844729845, 0.01425359020016891, 0.009019626372626512, 0.11712564408777118, 0.008644996944516207, 0.10872337687998798, 0.00386413442277796, 0.0012165817227382818, 0.0077754915797785444, 0.006133808140235992, 0.005873344250115684, 0.016799959016742954, 0.0011296962672038915, 0.002941229852465713, 0.0006657435531939935, 0.0012391546162224569, 0.016459449708140943, 0.014067242999868043, 0.004543566853862858, 0.013560064045063911, 0.008431526701740027, 0.014807632238338692, 0.0012391546162224569, 0.002259065718351871, 0.025990996724321355, 0.015591863846867718, 0.0012391546162224569, 0.010439404598234805, 0.020954511614776856, 0.0045904961535360765, 0.0019397078144089766, 0.03706729665842563, 0.010509513298174471, 0.011124648313213088, 0.005614548950236409, 0.014934956403765385, 0.006250212862476142, 0.007230805391550742, 0.009069031626643523, 0.0008760177282006686, 0.004334581508291528, 0.00639357728064353, 0.01088486940318393, 0.011802109319463574, 0.006249501806707717, 0.005091264582455193, 0.00782771201716572]}, {'overall_acc': 0.5060807075732449, 'bal_acc': 0.6457144282193946, 'avg_odds_diff': 0.7240468282019616, 'disp_imp': 0.091458153580673, 'stat_par_diff': 0.908541846419327, 'eq_opp_diff': 0.4818840579710145, 'theil_ind': 0.07592423171272497, 'TPR': 0.9270032930845225, 'TNR': 0.36442556335426673, 'FPR': 0.6355744366457333, 'FNR': 0.0729967069154775, 'GTPR': 1.0, 'GTNR': 1.0, 'GFPR': 0.0, 'GFNR': 0.0, 'PPV': 0.32923976608187133, 'NPV': 0.9368471035137702, 'FDR': 0.6707602339181287, 'FOR': 0.06315289648622982, 'ACC': 0.5060807075732449, 'MCC': 0.2784697328609252, 'f1_score': 0.48590333716915995, 'fitness': -0.40246113884608214, 'solution': {'corr_type': 'spearman', 'l2': 0.0001, 'dropout': 0.13685406370714787, 'privileged_demotion': 0.9800474324995622, 'privileged_promotion': 0.36003319574277337, 'protected_demotion': 0.2792399661933286, 'protected_promotion': 0.38378973229390845}, 'corr': [0.09077788948924177, 0.003141075549940012, 1.0, 0.06707254648541233, 0.04405878060156745, 0.2677560392081955, 0.010390263878949348, 0.045649186253023374, 0.07002273346247687, 0.08772513656205903, 0.10499569131361021, 0.024349853858702288, 0.003346207210477006, 0.008721447166909934, 0.008516580176061817, 0.0064545950188989645, 0.006653656197700689, 0.02348965126105743, 0.027322650488287213, 0.015293781228612156, 0.022490956952876926, 0.008013507009928358, 0.014758288444036838, 0.03088991124156633, 0.010168198997268972, 0.008915108933240651, 0.005859625495151363, 0.045407637037739035, 0.06027718668441726, 0.2382555898602624, 0.016770186270579, 0.43890547344808195, 0.04129306156156269, 0.17833471061716483, 0.10536512582235072, 0.17875435225657393, 0.2765617988271952, 0.013594606541588564, 0.2272716168319427, 0.030270771185392963, 0.10063989947259931, 0.09094864930649048, 0.03654930373512998, 0.16759285263139206, 0.09343746923482214, 0.032230119495643444, 0.06373959815699029, 0.024696464629648984, 0.023062552121285614, 0.13523261435162304, 0.5825583998277074, 0.17412400734749697, 0.05210730382736026, 0.09910031727609238, 0.3229484116796712, 0.3163103844729845, 0.01425359020016891, 0.009019626372626512, 0.11712564408777118, 0.008644996944516207, 0.10872337687998798, 0.00386413442277796, 0.0012165817227382818, 0.0077754915797785444, 0.006133808140235992, 0.005873344250115684, 0.016799959016742954, 0.0011296962672038915, 0.002941229852465713, 0.0006657435531939935, 0.0012391546162224569, 0.016459449708140943, 0.014067242999868043, 0.004543566853862858, 0.013560064045063911, 0.008431526701740027, 0.014807632238338692, 0.0012391546162224569, 0.002259065718351871, 0.025990996724321355, 0.015591863846867718, 0.0012391546162224569, 0.010439404598234805, 0.020954511614776856, 0.0045904961535360765, 0.0019397078144089766, 0.03706729665842563, 0.010509513298174471, 0.011124648313213088, 0.005614548950236409, 0.014934956403765385, 0.006250212862476142, 0.007230805391550742, 0.009069031626643523, 0.0008760177282006686, 0.004334581508291528, 0.00639357728064353, 0.01088486940318393, 0.011802109319463574, 0.006249501806707717, 0.005091264582455193, 0.00782771201716572]}, {'overall_acc': 0.5080154781647319, 'bal_acc': 0.6457328785759731, 'avg_odds_diff': 0.7406905914472643, 'disp_imp': 0.08072223485184284, 'stat_par_diff': 0.9187170019729957, 'eq_opp_diff': 0.5072463768115942, 'theil_ind': 0.07701953048569021, 'TPR': 0.9231613611416026, 'TNR': 0.36830439601034354, 'FPR': 0.6316956039896564, 'FNR': 0.07683863885839737, 'GTPR': 1.0, 'GTNR': 1.0, 'GFPR': 0.0, 'GFNR': 0.0, 'PPV': 0.3296746373970992, 'NPV': 0.9343955014058107, 'FDR': 0.6703253626029009, 'FOR': 0.06560449859418932, 'ACC': 0.5080154781647319, 'MCC': 0.2774299964809315, 'f1_score': 0.48584633160023105, 'fitness': -0.41070152380826375, 'solution': {'corr_type': 'spearman', 'l2': 0.0001, 'dropout': 0.13500662993287488, 'privileged_demotion': 0.948041219436438, 'privileged_promotion': 0.35175735799156715, 'protected_demotion': 0.2661151537668215, 'protected_promotion': 0.3994743621186663}, 'corr': [0.09077788948924177, 0.003141075549940012, 1.0, 0.06707254648541233, 0.04405878060156745, 0.2677560392081955, 0.010390263878949348, 0.045649186253023374, 0.07002273346247687, 0.08772513656205903, 0.10499569131361021, 0.024349853858702288, 0.003346207210477006, 0.008721447166909934, 0.008516580176061817, 0.0064545950188989645, 0.006653656197700689, 0.02348965126105743, 0.027322650488287213, 0.015293781228612156, 0.022490956952876926, 0.008013507009928358, 0.014758288444036838, 0.03088991124156633, 0.010168198997268972, 0.008915108933240651, 0.005859625495151363, 0.045407637037739035, 0.06027718668441726, 0.2382555898602624, 0.016770186270579, 0.43890547344808195, 0.04129306156156269, 0.17833471061716483, 0.10536512582235072, 0.17875435225657393, 0.2765617988271952, 0.013594606541588564, 0.2272716168319427, 0.030270771185392963, 0.10063989947259931, 0.09094864930649048, 0.03654930373512998, 0.16759285263139206, 0.09343746923482214, 0.032230119495643444, 0.06373959815699029, 0.024696464629648984, 0.023062552121285614, 0.13523261435162304, 0.5825583998277074, 0.17412400734749697, 0.05210730382736026, 0.09910031727609238, 0.3229484116796712, 0.3163103844729845, 0.01425359020016891, 0.009019626372626512, 0.11712564408777118, 0.008644996944516207, 0.10872337687998798, 0.00386413442277796, 0.0012165817227382818, 0.0077754915797785444, 0.006133808140235992, 0.005873344250115684, 0.016799959016742954, 0.0011296962672038915, 0.002941229852465713, 0.0006657435531939935, 0.0012391546162224569, 0.016459449708140943, 0.014067242999868043, 0.004543566853862858, 0.013560064045063911, 0.008431526701740027, 0.014807632238338692, 0.0012391546162224569, 0.002259065718351871, 0.025990996724321355, 0.015591863846867718, 0.0012391546162224569, 0.010439404598234805, 0.020954511614776856, 0.0045904961535360765, 0.0019397078144089766, 0.03706729665842563, 0.010509513298174471, 0.011124648313213088, 0.005614548950236409, 0.014934956403765385, 0.006250212862476142, 0.007230805391550742, 0.009069031626643523, 0.0008760177282006686, 0.004334581508291528, 0.00639357728064353, 0.01088486940318393, 0.011802109319463574, 0.006249501806707717, 0.005091264582455193, 0.00782771201716572]}, {'overall_acc': 0.5064953012714207, 'bal_acc': 0.6478121932121341, 'avg_odds_diff': 0.6958461622174843, 'disp_imp': 0.10240990108405132, 'stat_par_diff': 0.8961300092877812, 'eq_opp_diff': 0.4328421171044491, 'theil_ind': 0.07450384997781859, 'TPR': 0.9324917672886938, 'TNR': 0.36313261913557443, 'FPR': 0.6368673808644255, 'FNR': 0.06750823271130625, 'GTPR': 1.0, 'GTNR': 1.0, 'GFPR': 0.0, 'GFNR': 0.0, 'PPV': 0.33009520108801244, 'NPV': 0.9411201531833413, 'FDR': 0.6699047989119876, 'FOR': 0.05887984681665869, 'ACC': 0.5064953012714207, 'MCC': 0.2831569753605047, 'f1_score': 0.487587889223705, 'fitness': -0.38963470801636046, 'solution': {'corr_type': 'spearman', 'l2': 0.0001, 'dropout': 0.13744618950936113, 'privileged_demotion': 0.7904024969447874, 'privileged_promotion': 0.3637482132858886, 'protected_demotion': 0.12143148784952205, 'protected_promotion': 0.40412453439730395}, 'corr': [0.09077788948924177, 0.003141075549940012, 1.0, 0.06707254648541233, 0.04405878060156745, 0.2677560392081955, 0.010390263878949348, 0.045649186253023374, 0.07002273346247687, 0.08772513656205903, 0.10499569131361021, 0.024349853858702288, 0.003346207210477006, 0.008721447166909934, 0.008516580176061817, 0.0064545950188989645, 0.006653656197700689, 0.02348965126105743, 0.027322650488287213, 0.015293781228612156, 0.022490956952876926, 0.008013507009928358, 0.014758288444036838, 0.03088991124156633, 0.010168198997268972, 0.008915108933240651, 0.005859625495151363, 0.045407637037739035, 0.06027718668441726, 0.2382555898602624, 0.016770186270579, 0.43890547344808195, 0.04129306156156269, 0.17833471061716483, 0.10536512582235072, 0.17875435225657393, 0.2765617988271952, 0.013594606541588564, 0.2272716168319427, 0.030270771185392963, 0.10063989947259931, 0.09094864930649048, 0.03654930373512998, 0.16759285263139206, 0.09343746923482214, 0.032230119495643444, 0.06373959815699029, 0.024696464629648984, 0.023062552121285614, 0.13523261435162304, 0.5825583998277074, 0.17412400734749697, 0.05210730382736026, 0.09910031727609238, 0.3229484116796712, 0.3163103844729845, 0.01425359020016891, 0.009019626372626512, 0.11712564408777118, 0.008644996944516207, 0.10872337687998798, 0.00386413442277796, 0.0012165817227382818, 0.0077754915797785444, 0.006133808140235992, 0.005873344250115684, 0.016799959016742954, 0.0011296962672038915, 0.002941229852465713, 0.0006657435531939935, 0.0012391546162224569, 0.016459449708140943, 0.014067242999868043, 0.004543566853862858, 0.013560064045063911, 0.008431526701740027, 0.014807632238338692, 0.0012391546162224569, 0.002259065718351871, 0.025990996724321355, 0.015591863846867718, 0.0012391546162224569, 0.010439404598234805, 0.020954511614776856, 0.0045904961535360765, 0.0019397078144089766, 0.03706729665842563, 0.010509513298174471, 0.011124648313213088, 0.005614548950236409, 0.014934956403765385, 0.006250212862476142, 0.007230805391550742, 0.009069031626643523, 0.0008760177282006686, 0.004334581508291528, 0.00639357728064353, 0.01088486940318393, 0.011802109319463574, 0.006249501806707717, 0.005091264582455193, 0.00782771201716572]}, {'overall_acc': 0.7972636815920398, 'bal_acc': 0.6110757085038302, 'avg_odds_diff': 0.1724693609451002, 'disp_imp': 1.3457757077717374, 'stat_par_diff': 0.021725232554181947, 'eq_opp_diff': 0.32393554193149227, 'theil_ind': 0.2184668698822394, 'TPR': 0.23600439077936333, 'TNR': 0.986147026228297, 'FPR': 0.013852973771702993, 'FNR': 0.7639956092206367, 'GTPR': 1.0, 'GTNR': 1.0, 'GFPR': 0.0, 'GFNR': 0.0, 'PPV': 0.8514851485148515, 'NPV': 0.7931956618630218, 'FDR': 0.1485148514851485, 'FOR': 0.20680433813697816, 'ACC': 0.7972636815920398, 'MCC': 0.3784398968701521, 'f1_score': 0.3695745595186936, 'fitness': 0.7755384490378578, 'solution': {'corr_type': 'spearman', 'l2': 0.0001, 'dropout': 0.1832883878810673, 'privileged_demotion': 0.7962683147099314, 'privileged_promotion': 0.09471707904000326, 'protected_demotion': 0.10485497742532149, 'protected_promotion': 0.08658084252448935}, 'corr': [0.09077788948924177, 0.003141075549940012, 1.0, 0.06707254648541233, 0.04405878060156745, 0.2677560392081955, 0.010390263878949348, 0.045649186253023374, 0.07002273346247687, 0.08772513656205903, 0.10499569131361021, 0.024349853858702288, 0.003346207210477006, 0.008721447166909934, 0.008516580176061817, 0.0064545950188989645, 0.006653656197700689, 0.02348965126105743, 0.027322650488287213, 0.015293781228612156, 0.022490956952876926, 0.008013507009928358, 0.014758288444036838, 0.03088991124156633, 0.010168198997268972, 0.008915108933240651, 0.005859625495151363, 0.045407637037739035, 0.06027718668441726, 0.2382555898602624, 0.016770186270579, 0.43890547344808195, 0.04129306156156269, 0.17833471061716483, 0.10536512582235072, 0.17875435225657393, 0.2765617988271952, 0.013594606541588564, 0.2272716168319427, 0.030270771185392963, 0.10063989947259931, 0.09094864930649048, 0.03654930373512998, 0.16759285263139206, 0.09343746923482214, 0.032230119495643444, 0.06373959815699029, 0.024696464629648984, 0.023062552121285614, 0.13523261435162304, 0.5825583998277074, 0.17412400734749697, 0.05210730382736026, 0.09910031727609238, 0.3229484116796712, 0.3163103844729845, 0.01425359020016891, 0.009019626372626512, 0.11712564408777118, 0.008644996944516207, 0.10872337687998798, 0.00386413442277796, 0.0012165817227382818, 0.0077754915797785444, 0.006133808140235992, 0.005873344250115684, 0.016799959016742954, 0.0011296962672038915, 0.002941229852465713, 0.0006657435531939935, 0.0012391546162224569, 0.016459449708140943, 0.014067242999868043, 0.004543566853862858, 0.013560064045063911, 0.008431526701740027, 0.014807632238338692, 0.0012391546162224569, 0.002259065718351871, 0.025990996724321355, 0.015591863846867718, 0.0012391546162224569, 0.010439404598234805, 0.020954511614776856, 0.0045904961535360765, 0.0019397078144089766, 0.03706729665842563, 0.010509513298174471, 0.011124648313213088, 0.005614548950236409, 0.014934956403765385, 0.006250212862476142, 0.007230805391550742, 0.009069031626643523, 0.0008760177282006686, 0.004334581508291528, 0.00639357728064353, 0.01088486940318393, 0.011802109319463574, 0.006249501806707717, 0.005091264582455193, 0.00782771201716572]}, {'overall_acc': 0.7997512437810945, 'bal_acc': 0.6163794763910454, 'avg_odds_diff': 0.16435576213773123, 'disp_imp': 1.2665646978848015, 'stat_par_diff': 0.01788661047213999, 'eq_opp_diff': 0.3067289123872734, 'theil_ind': 0.21515855579388835, 'TPR': 0.24698133918770582, 'TNR': 0.985777613594385, 'FPR': 0.014222386405615073, 'FNR': 0.7530186608122942, 'GTPR': 1.0, 'GTNR': 1.0, 'GFPR': 0.0, 'GFNR': 0.0, 'PPV': 0.8538899430740038, 'NPV': 0.795498583991653, 'FDR': 0.1461100569259962, 'FOR': 0.204501416008347, 'ACC': 0.7997512437810945, 'MCC': 0.388781421249147, 'f1_score': 0.38314176245210724, 'fitness': 0.7818646333089545, 'solution': {'corr_type': 'spearman', 'l2': 0.0001, 'dropout': 0.18575951152794995, 'privileged_demotion': 0.7992401389892725, 'privileged_promotion': 0.1054468796260874, 'protected_demotion': 0.11223105289213453, 'protected_promotion': 0.07957215774565563}, 'corr': [0.09077788948924177, 0.003141075549940012, 1.0, 0.06707254648541233, 0.04405878060156745, 0.2677560392081955, 0.010390263878949348, 0.045649186253023374, 0.07002273346247687, 0.08772513656205903, 0.10499569131361021, 0.024349853858702288, 0.003346207210477006, 0.008721447166909934, 0.008516580176061817, 0.0064545950188989645, 0.006653656197700689, 0.02348965126105743, 0.027322650488287213, 0.015293781228612156, 0.022490956952876926, 0.008013507009928358, 0.014758288444036838, 0.03088991124156633, 0.010168198997268972, 0.008915108933240651, 0.005859625495151363, 0.045407637037739035, 0.06027718668441726, 0.2382555898602624, 0.016770186270579, 0.43890547344808195, 0.04129306156156269, 0.17833471061716483, 0.10536512582235072, 0.17875435225657393, 0.2765617988271952, 0.013594606541588564, 0.2272716168319427, 0.030270771185392963, 0.10063989947259931, 0.09094864930649048, 0.03654930373512998, 0.16759285263139206, 0.09343746923482214, 0.032230119495643444, 0.06373959815699029, 0.024696464629648984, 0.023062552121285614, 0.13523261435162304, 0.5825583998277074, 0.17412400734749697, 0.05210730382736026, 0.09910031727609238, 0.3229484116796712, 0.3163103844729845, 0.01425359020016891, 0.009019626372626512, 0.11712564408777118, 0.008644996944516207, 0.10872337687998798, 0.00386413442277796, 0.0012165817227382818, 0.0077754915797785444, 0.006133808140235992, 0.005873344250115684, 0.016799959016742954, 0.0011296962672038915, 0.002941229852465713, 0.0006657435531939935, 0.0012391546162224569, 0.016459449708140943, 0.014067242999868043, 0.004543566853862858, 0.013560064045063911, 0.008431526701740027, 0.014807632238338692, 0.0012391546162224569, 0.002259065718351871, 0.025990996724321355, 0.015591863846867718, 0.0012391546162224569, 0.010439404598234805, 0.020954511614776856, 0.0045904961535360765, 0.0019397078144089766, 0.03706729665842563, 0.010509513298174471, 0.011124648313213088, 0.005614548950236409, 0.014934956403765385, 0.006250212862476142, 0.007230805391550742, 0.009069031626643523, 0.0008760177282006686, 0.004334581508291528, 0.00639357728064353, 0.01088486940318393, 0.011802109319463574, 0.006249501806707717, 0.005091264582455193, 0.00782771201716572]}, {'overall_acc': 0.7834438916528469, 'bal_acc': 0.5778070798275966, 'avg_odds_diff': 0.16625158124135142, 'disp_imp': 1.8103265558765054, 'stat_par_diff': 0.030317219658657378, 'eq_opp_diff': 0.31537675534806986, 'theil_ind': 0.23935758922161024, 'TPR': 0.16355653128430298, 'TNR': 0.9920576283708903, 'FPR': 0.007942371629109716, 'FNR': 0.8364434687156971, 'GTPR': 1.0, 'GTNR': 1.0, 'GFPR': 0.0, 'GFNR': 0.0, 'PPV': 0.873900293255132, 'NPV': 0.7789702683103699, 'FDR': 0.12609970674486803, 'FOR': 0.22102973168963017, 'ACC': 0.7834438916528469, 'MCC': 0.31874112348680345, 'f1_score': 0.2755432269995377, 'fitness': 0.7531266719941895, 'solution': {'corr_type': 'spearman', 'l2': 0.01, 'dropout': 0.18203151557568503, 'privileged_demotion': 0.8854006516236046, 'privileged_promotion': 0.09932630743714578, 'protected_demotion': 0.0986049547774161, 'protected_promotion': 0.10244005166017858}, 'corr': [0.09077788948924177, 0.003141075549940012, 1.0, 0.06707254648541233, 0.04405878060156745, 0.2677560392081955, 0.010390263878949348, 0.045649186253023374, 0.07002273346247687, 0.08772513656205903, 0.10499569131361021, 0.024349853858702288, 0.003346207210477006, 0.008721447166909934, 0.008516580176061817, 0.0064545950188989645, 0.006653656197700689, 0.02348965126105743, 0.027322650488287213, 0.015293781228612156, 0.022490956952876926, 0.008013507009928358, 0.014758288444036838, 0.03088991124156633, 0.010168198997268972, 0.008915108933240651, 0.005859625495151363, 0.045407637037739035, 0.06027718668441726, 0.2382555898602624, 0.016770186270579, 0.43890547344808195, 0.04129306156156269, 0.17833471061716483, 0.10536512582235072, 0.17875435225657393, 0.2765617988271952, 0.013594606541588564, 0.2272716168319427, 0.030270771185392963, 0.10063989947259931, 0.09094864930649048, 0.03654930373512998, 0.16759285263139206, 0.09343746923482214, 0.032230119495643444, 0.06373959815699029, 0.024696464629648984, 0.023062552121285614, 0.13523261435162304, 0.5825583998277074, 0.17412400734749697, 0.05210730382736026, 0.09910031727609238, 0.3229484116796712, 0.3163103844729845, 0.01425359020016891, 0.009019626372626512, 0.11712564408777118, 0.008644996944516207, 0.10872337687998798, 0.00386413442277796, 0.0012165817227382818, 0.0077754915797785444, 0.006133808140235992, 0.005873344250115684, 0.016799959016742954, 0.0011296962672038915, 0.002941229852465713, 0.0006657435531939935, 0.0012391546162224569, 0.016459449708140943, 0.014067242999868043, 0.004543566853862858, 0.013560064045063911, 0.008431526701740027, 0.014807632238338692, 0.0012391546162224569, 0.002259065718351871, 0.025990996724321355, 0.015591863846867718, 0.0012391546162224569, 0.010439404598234805, 0.020954511614776856, 0.0045904961535360765, 0.0019397078144089766, 0.03706729665842563, 0.010509513298174471, 0.011124648313213088, 0.005614548950236409, 0.014934956403765385, 0.006250212862476142, 0.007230805391550742, 0.009069031626643523, 0.0008760177282006686, 0.004334581508291528, 0.00639357728064353, 0.01088486940318393, 0.011802109319463574, 0.006249501806707717, 0.005091264582455193, 0.00782771201716572]}, {'overall_acc': 0.7980928689883914, 'bal_acc': 0.6114477569029677, 'avg_odds_diff': 0.16467374192941192, 'disp_imp': 1.2689007321424113, 'stat_par_diff': 0.017004499328241135, 'eq_opp_diff': 0.3117723156532988, 'theil_ind': 0.2182014422491232, 'TPR': 0.23545554335894622, 'TNR': 0.9874399704469893, 'FPR': 0.012560029553010712, 'FNR': 0.7645444566410537, 'GTPR': 1.0, 'GTNR': 1.0, 'GFPR': 0.0, 'GFNR': 0.0, 'PPV': 0.8631790744466801, 'NPV': 0.7932927734085176, 'FDR': 0.13682092555331993, 'FOR': 0.2067072265914824, 'ACC': 0.7980928689883914, 'MCC': 0.38252402516288597, 'f1_score': 0.369987063389392, 'fitness': 0.7810883696601503, 'solution': {'corr_type': 'spearman', 'l2': 0.01, 'dropout': 0.184528564078975, 'privileged_demotion': 0.7772469861679656, 'privileged_promotion': 0.08730758881985821, 'protected_demotion': 0.09284911244259644, 'protected_promotion': 0.1009783770233879}, 'corr': [0.09077788948924177, 0.003141075549940012, 1.0, 0.06707254648541233, 0.04405878060156745, 0.2677560392081955, 0.010390263878949348, 0.045649186253023374, 0.07002273346247687, 0.08772513656205903, 0.10499569131361021, 0.024349853858702288, 0.003346207210477006, 0.008721447166909934, 0.008516580176061817, 0.0064545950188989645, 0.006653656197700689, 0.02348965126105743, 0.027322650488287213, 0.015293781228612156, 0.022490956952876926, 0.008013507009928358, 0.014758288444036838, 0.03088991124156633, 0.010168198997268972, 0.008915108933240651, 0.005859625495151363, 0.045407637037739035, 0.06027718668441726, 0.2382555898602624, 0.016770186270579, 0.43890547344808195, 0.04129306156156269, 0.17833471061716483, 0.10536512582235072, 0.17875435225657393, 0.2765617988271952, 0.013594606541588564, 0.2272716168319427, 0.030270771185392963, 0.10063989947259931, 0.09094864930649048, 0.03654930373512998, 0.16759285263139206, 0.09343746923482214, 0.032230119495643444, 0.06373959815699029, 0.024696464629648984, 0.023062552121285614, 0.13523261435162304, 0.5825583998277074, 0.17412400734749697, 0.05210730382736026, 0.09910031727609238, 0.3229484116796712, 0.3163103844729845, 0.01425359020016891, 0.009019626372626512, 0.11712564408777118, 0.008644996944516207, 0.10872337687998798, 0.00386413442277796, 0.0012165817227382818, 0.0077754915797785444, 0.006133808140235992, 0.005873344250115684, 0.016799959016742954, 0.0011296962672038915, 0.002941229852465713, 0.0006657435531939935, 0.0012391546162224569, 0.016459449708140943, 0.014067242999868043, 0.004543566853862858, 0.013560064045063911, 0.008431526701740027, 0.014807632238338692, 0.0012391546162224569, 0.002259065718351871, 0.025990996724321355, 0.015591863846867718, 0.0012391546162224569, 0.010439404598234805, 0.020954511614776856, 0.0045904961535360765, 0.0019397078144089766, 0.03706729665842563, 0.010509513298174471, 0.011124648313213088, 0.005614548950236409, 0.014934956403765385, 0.006250212862476142, 0.007230805391550742, 0.009069031626643523, 0.0008760177282006686, 0.004334581508291528, 0.00639357728064353, 0.01088486940318393, 0.011802109319463574, 0.006249501806707717, 0.005091264582455193, 0.00782771201716572]}, {'overall_acc': 0.8208955223880597, 'bal_acc': 0.6654670555704465, 'avg_odds_diff': 0.09782584666802349, 'disp_imp': 0.7399371774047453, 'stat_par_diff': 0.029718443736993325, 'eq_opp_diff': 0.18680746948647287, 'theil_ind': 0.1851004201173429, 'TPR': 0.35236004390779363, 'TNR': 0.9785740672330994, 'FPR': 0.021425932766900628, 'FNR': 0.6476399560922064, 'GTPR': 1.0, 'GTNR': 1.0, 'GFPR': 0.0, 'GFNR': 0.0, 'PPV': 0.8469656992084432, 'NPV': 0.8178450138931769, 'FDR': 0.15303430079155672, 'FOR': 0.1821549861068231, 'ACC': 0.8208955223880597, 'MCC': 0.4690506821413096, 'f1_score': 0.4976744186046511, 'fitness': 0.7911770786510665, 'solution': {'corr_type': 'spearman', 'l2': 0.0001, 'dropout': 0.08835734717450158, 'privileged_demotion': 0.5620259731456052, 'privileged_promotion': 0.08897611276243754, 'protected_demotion': 0.3341026433149531, 'protected_promotion': 0.5097472704396079}, 'corr': [0.09077788948924177, 0.003141075549940012, 1.0, 0.06707254648541233, 0.04405878060156745, 0.2677560392081955, 0.010390263878949348, 0.045649186253023374, 0.07002273346247687, 0.08772513656205903, 0.10499569131361021, 0.024349853858702288, 0.003346207210477006, 0.008721447166909934, 0.008516580176061817, 0.0064545950188989645, 0.006653656197700689, 0.02348965126105743, 0.027322650488287213, 0.015293781228612156, 0.022490956952876926, 0.008013507009928358, 0.014758288444036838, 0.03088991124156633, 0.010168198997268972, 0.008915108933240651, 0.005859625495151363, 0.045407637037739035, 0.06027718668441726, 0.2382555898602624, 0.016770186270579, 0.43890547344808195, 0.04129306156156269, 0.17833471061716483, 0.10536512582235072, 0.17875435225657393, 0.2765617988271952, 0.013594606541588564, 0.2272716168319427, 0.030270771185392963, 0.10063989947259931, 0.09094864930649048, 0.03654930373512998, 0.16759285263139206, 0.09343746923482214, 0.032230119495643444, 0.06373959815699029, 0.024696464629648984, 0.023062552121285614, 0.13523261435162304, 0.5825583998277074, 0.17412400734749697, 0.05210730382736026, 0.09910031727609238, 0.3229484116796712, 0.3163103844729845, 0.01425359020016891, 0.009019626372626512, 0.11712564408777118, 0.008644996944516207, 0.10872337687998798, 0.00386413442277796, 0.0012165817227382818, 0.0077754915797785444, 0.006133808140235992, 0.005873344250115684, 0.016799959016742954, 0.0011296962672038915, 0.002941229852465713, 0.0006657435531939935, 0.0012391546162224569, 0.016459449708140943, 0.014067242999868043, 0.004543566853862858, 0.013560064045063911, 0.008431526701740027, 0.014807632238338692, 0.0012391546162224569, 0.002259065718351871, 0.025990996724321355, 0.015591863846867718, 0.0012391546162224569, 0.010439404598234805, 0.020954511614776856, 0.0045904961535360765, 0.0019397078144089766, 0.03706729665842563, 0.010509513298174471, 0.011124648313213088, 0.005614548950236409, 0.014934956403765385, 0.006250212862476142, 0.007230805391550742, 0.009069031626643523, 0.0008760177282006686, 0.004334581508291528, 0.00639357728064353, 0.01088486940318393, 0.011802109319463574, 0.006249501806707717, 0.005091264582455193, 0.00782771201716572]}, {'overall_acc': 0.83595909342178, 'bal_acc': 0.7097628135698926, 'avg_odds_diff': 0.0664354234717785, 'disp_imp': 0.310891515288386, 'stat_par_diff': 0.12526697546404694, 'eq_opp_diff': 0.09705738980445094, 'theil_ind': 0.1586781424617636, 'TPR': 0.45554335894621295, 'TNR': 0.9639822681935722, 'FPR': 0.03601773180642778, 'FNR': 0.544456641053787, 'GTPR': 1.0, 'GTNR': 1.0, 'GFPR': 0.0, 'GFNR': 0.0, 'PPV': 0.8097560975609757, 'NPV': 0.8402833682176784, 'FDR': 0.1902439024390244, 'FOR': 0.15971663178232168, 'ACC': 0.83595909342178, 'MCC': 0.5222147207293192, 'f1_score': 0.5830698981383913, 'fitness': 0.710692117957733, 'solution': {'corr_type': 'spearman', 'l2': 0.01, 'dropout': 0.08807113085880888, 'privileged_demotion': 0.32576278463629355, 'privileged_promotion': 0.0961828259638383, 'protected_demotion': 0.5594193113282556, 'protected_promotion': 0.23342542600095129}, 'corr': [0.09077788948924177, 0.003141075549940012, 1.0, 0.06707254648541233, 0.04405878060156745, 0.2677560392081955, 0.010390263878949348, 0.045649186253023374, 0.07002273346247687, 0.08772513656205903, 0.10499569131361021, 0.024349853858702288, 0.003346207210477006, 0.008721447166909934, 0.008516580176061817, 0.0064545950188989645, 0.006653656197700689, 0.02348965126105743, 0.027322650488287213, 0.015293781228612156, 0.022490956952876926, 0.008013507009928358, 0.014758288444036838, 0.03088991124156633, 0.010168198997268972, 0.008915108933240651, 0.005859625495151363, 0.045407637037739035, 0.06027718668441726, 0.2382555898602624, 0.016770186270579, 0.43890547344808195, 0.04129306156156269, 0.17833471061716483, 0.10536512582235072, 0.17875435225657393, 0.2765617988271952, 0.013594606541588564, 0.2272716168319427, 0.030270771185392963, 0.10063989947259931, 0.09094864930649048, 0.03654930373512998, 0.16759285263139206, 0.09343746923482214, 0.032230119495643444, 0.06373959815699029, 0.024696464629648984, 0.023062552121285614, 0.13523261435162304, 0.5825583998277074, 0.17412400734749697, 0.05210730382736026, 0.09910031727609238, 0.3229484116796712, 0.3163103844729845, 0.01425359020016891, 0.009019626372626512, 0.11712564408777118, 0.008644996944516207, 0.10872337687998798, 0.00386413442277796, 0.0012165817227382818, 0.0077754915797785444, 0.006133808140235992, 0.005873344250115684, 0.016799959016742954, 0.0011296962672038915, 0.002941229852465713, 0.0006657435531939935, 0.0012391546162224569, 0.016459449708140943, 0.014067242999868043, 0.004543566853862858, 0.013560064045063911, 0.008431526701740027, 0.014807632238338692, 0.0012391546162224569, 0.002259065718351871, 0.025990996724321355, 0.015591863846867718, 0.0012391546162224569, 0.010439404598234805, 0.020954511614776856, 0.0045904961535360765, 0.0019397078144089766, 0.03706729665842563, 0.010509513298174471, 0.011124648313213088, 0.005614548950236409, 0.014934956403765385, 0.006250212862476142, 0.007230805391550742, 0.009069031626643523, 0.0008760177282006686, 0.004334581508291528, 0.00639357728064353, 0.01088486940318393, 0.011802109319463574, 0.006249501806707717, 0.005091264582455193, 0.00782771201716572]}, {'overall_acc': 0.7834438916528469, 'bal_acc': 0.5814484908622075, 'avg_odds_diff': 0.20502179733720308, 'disp_imp': 2.1328232142046226, 'stat_par_diff': 0.04376502860896265, 'eq_opp_diff': 0.3878405234640119, 'theil_ind': 0.2371441079545439, 'TPR': 0.17453347969264543, 'TNR': 0.9883635020317695, 'FPR': 0.011636497968230514, 'FNR': 0.8254665203073546, 'GTPR': 1.0, 'GTNR': 1.0, 'GFPR': 0.0, 'GFNR': 0.0, 'PPV': 0.8346456692913385, 'NPV': 0.7805981035740336, 'FDR': 0.16535433070866143, 'FOR': 0.21940189642596644, 'ACC': 0.7834438916528469, 'MCC': 0.31657756336245724, 'f1_score': 0.28869723104857015, 'fitness': 0.7396788630438842, 'solution': {'corr_type': 'spearman', 'l2': 0.01, 'dropout': 0.18211518364027499, 'privileged_demotion': 0.8787555463844744, 'privileged_promotion': 0.10538465638431142, 'protected_demotion': 0.09581730417776423, 'protected_promotion': 0.09304212609098658}, 'corr': [0.09077788948924177, 0.003141075549940012, 1.0, 0.06707254648541233, 0.04405878060156745, 0.2677560392081955, 0.010390263878949348, 0.045649186253023374, 0.07002273346247687, 0.08772513656205903, 0.10499569131361021, 0.024349853858702288, 0.003346207210477006, 0.008721447166909934, 0.008516580176061817, 0.0064545950188989645, 0.006653656197700689, 0.02348965126105743, 0.027322650488287213, 0.015293781228612156, 0.022490956952876926, 0.008013507009928358, 0.014758288444036838, 0.03088991124156633, 0.010168198997268972, 0.008915108933240651, 0.005859625495151363, 0.045407637037739035, 0.06027718668441726, 0.2382555898602624, 0.016770186270579, 0.43890547344808195, 0.04129306156156269, 0.17833471061716483, 0.10536512582235072, 0.17875435225657393, 0.2765617988271952, 0.013594606541588564, 0.2272716168319427, 0.030270771185392963, 0.10063989947259931, 0.09094864930649048, 0.03654930373512998, 0.16759285263139206, 0.09343746923482214, 0.032230119495643444, 0.06373959815699029, 0.024696464629648984, 0.023062552121285614, 0.13523261435162304, 0.5825583998277074, 0.17412400734749697, 0.05210730382736026, 0.09910031727609238, 0.3229484116796712, 0.3163103844729845, 0.01425359020016891, 0.009019626372626512, 0.11712564408777118, 0.008644996944516207, 0.10872337687998798, 0.00386413442277796, 0.0012165817227382818, 0.0077754915797785444, 0.006133808140235992, 0.005873344250115684, 0.016799959016742954, 0.0011296962672038915, 0.002941229852465713, 0.0006657435531939935, 0.0012391546162224569, 0.016459449708140943, 0.014067242999868043, 0.004543566853862858, 0.013560064045063911, 0.008431526701740027, 0.014807632238338692, 0.0012391546162224569, 0.002259065718351871, 0.025990996724321355, 0.015591863846867718, 0.0012391546162224569, 0.010439404598234805, 0.020954511614776856, 0.0045904961535360765, 0.0019397078144089766, 0.03706729665842563, 0.010509513298174471, 0.011124648313213088, 0.005614548950236409, 0.014934956403765385, 0.006250212862476142, 0.007230805391550742, 0.009069031626643523, 0.0008760177282006686, 0.004334581508291528, 0.00639357728064353, 0.01088486940318393, 0.011802109319463574, 0.006249501806707717, 0.005091264582455193, 0.00782771201716572]}, {'overall_acc': 0.5124378109452736, 'bal_acc': 0.6587020599924496, 'avg_odds_diff': 0.5927326368307658, 'disp_imp': 0.1523308173762958, 'stat_par_diff': 0.8330185359130464, 'eq_opp_diff': 0.2823509008755648, 'theil_ind': 0.06931988894684579, 'TPR': 0.9533479692645445, 'TNR': 0.36405615072035463, 'FPR': 0.6359438492796453, 'FNR': 0.04665203073545554, 'GTPR': 1.0, 'GTNR': 1.0, 'GFPR': 0.0, 'GFNR': 0.0, 'PPV': 0.3353281853281853, 'NPV': 0.9586575875486382, 'FDR': 0.6646718146718147, 'FOR': 0.04134241245136187, 'ACC': 0.5124378109452736, 'MCC': 0.3054706131987962, 'f1_score': 0.49614395886889456, 'fitness': -0.3205807249677728, 'solution': {'corr_type': 'spearman', 'l2': 0.01, 'dropout': 0.0838104727123817, 'privileged_demotion': 0.8939630931297899, 'privileged_promotion': 0.11464290371445715, 'protected_demotion': 0.06756949819262559, 'protected_promotion': 0.524953244918817}, 'corr': [0.09077788948924177, 0.003141075549940012, 1.0, 0.06707254648541233, 0.04405878060156745, 0.2677560392081955, 0.010390263878949348, 0.045649186253023374, 0.07002273346247687, 0.08772513656205903, 0.10499569131361021, 0.024349853858702288, 0.003346207210477006, 0.008721447166909934, 0.008516580176061817, 0.0064545950188989645, 0.006653656197700689, 0.02348965126105743, 0.027322650488287213, 0.015293781228612156, 0.022490956952876926, 0.008013507009928358, 0.014758288444036838, 0.03088991124156633, 0.010168198997268972, 0.008915108933240651, 0.005859625495151363, 0.045407637037739035, 0.06027718668441726, 0.2382555898602624, 0.016770186270579, 0.43890547344808195, 0.04129306156156269, 0.17833471061716483, 0.10536512582235072, 0.17875435225657393, 0.2765617988271952, 0.013594606541588564, 0.2272716168319427, 0.030270771185392963, 0.10063989947259931, 0.09094864930649048, 0.03654930373512998, 0.16759285263139206, 0.09343746923482214, 0.032230119495643444, 0.06373959815699029, 0.024696464629648984, 0.023062552121285614, 0.13523261435162304, 0.5825583998277074, 0.17412400734749697, 0.05210730382736026, 0.09910031727609238, 0.3229484116796712, 0.3163103844729845, 0.01425359020016891, 0.009019626372626512, 0.11712564408777118, 0.008644996944516207, 0.10872337687998798, 0.00386413442277796, 0.0012165817227382818, 0.0077754915797785444, 0.006133808140235992, 0.005873344250115684, 0.016799959016742954, 0.0011296962672038915, 0.002941229852465713, 0.0006657435531939935, 0.0012391546162224569, 0.016459449708140943, 0.014067242999868043, 0.004543566853862858, 0.013560064045063911, 0.008431526701740027, 0.014807632238338692, 0.0012391546162224569, 0.002259065718351871, 0.025990996724321355, 0.015591863846867718, 0.0012391546162224569, 0.010439404598234805, 0.020954511614776856, 0.0045904961535360765, 0.0019397078144089766, 0.03706729665842563, 0.010509513298174471, 0.011124648313213088, 0.005614548950236409, 0.014934956403765385, 0.006250212862476142, 0.007230805391550742, 0.009069031626643523, 0.0008760177282006686, 0.004334581508291528, 0.00639357728064353, 0.01088486940318393, 0.011802109319463574, 0.006249501806707717, 0.005091264582455193, 0.00782771201716572]}, {'overall_acc': 0.8448037589828634, 'bal_acc': 0.7859526486804751, 'avg_odds_diff': 0.23553611749405506, 'disp_imp': 0.17349376695868732, 'stat_par_diff': 0.2692279352037786, 'eq_opp_diff': 0.33819393666685416, 'theil_ind': 0.11265770169607207, 'TPR': 0.6673984632272228, 'TNR': 0.9045068341337273, 'FPR': 0.09549316586627263, 'FNR': 0.33260153677277715, 'GTPR': 1.0, 'GTNR': 1.0, 'GFPR': 0.0, 'GFNR': 0.0, 'PPV': 0.7016733987305251, 'NPV': 0.8898782482282391, 'FDR': 0.2983266012694749, 'FOR': 0.11012175177176085, 'ACC': 0.8448037589828634, 'MCC': 0.5816455282715685, 'f1_score': 0.6841068917018285, 'fitness': 0.5755758237790849, 'solution': {'corr_type': 'spearman', 'l2': 0.0001, 'dropout': 0.12072345022816114, 'privileged_demotion': 0.3233675566125797, 'privileged_promotion': 0.43048313595239324, 'protected_demotion': 0.5810155603858532, 'protected_promotion': 0.2319958793771411}, 'corr': [0.09077788948924177, 0.003141075549940012, 1.0, 0.06707254648541233, 0.04405878060156745, 0.2677560392081955, 0.010390263878949348, 0.045649186253023374, 0.07002273346247687, 0.08772513656205903, 0.10499569131361021, 0.024349853858702288, 0.003346207210477006, 0.008721447166909934, 0.008516580176061817, 0.0064545950188989645, 0.006653656197700689, 0.02348965126105743, 0.027322650488287213, 0.015293781228612156, 0.022490956952876926, 0.008013507009928358, 0.014758288444036838, 0.03088991124156633, 0.010168198997268972, 0.008915108933240651, 0.005859625495151363, 0.045407637037739035, 0.06027718668441726, 0.2382555898602624, 0.016770186270579, 0.43890547344808195, 0.04129306156156269, 0.17833471061716483, 0.10536512582235072, 0.17875435225657393, 0.2765617988271952, 0.013594606541588564, 0.2272716168319427, 0.030270771185392963, 0.10063989947259931, 0.09094864930649048, 0.03654930373512998, 0.16759285263139206, 0.09343746923482214, 0.032230119495643444, 0.06373959815699029, 0.024696464629648984, 0.023062552121285614, 0.13523261435162304, 0.5825583998277074, 0.17412400734749697, 0.05210730382736026, 0.09910031727609238, 0.3229484116796712, 0.3163103844729845, 0.01425359020016891, 0.009019626372626512, 0.11712564408777118, 0.008644996944516207, 0.10872337687998798, 0.00386413442277796, 0.0012165817227382818, 0.0077754915797785444, 0.006133808140235992, 0.005873344250115684, 0.016799959016742954, 0.0011296962672038915, 0.002941229852465713, 0.0006657435531939935, 0.0012391546162224569, 0.016459449708140943, 0.014067242999868043, 0.004543566853862858, 0.013560064045063911, 0.008431526701740027, 0.014807632238338692, 0.0012391546162224569, 0.002259065718351871, 0.025990996724321355, 0.015591863846867718, 0.0012391546162224569, 0.010439404598234805, 0.020954511614776856, 0.0045904961535360765, 0.0019397078144089766, 0.03706729665842563, 0.010509513298174471, 0.011124648313213088, 0.005614548950236409, 0.014934956403765385, 0.006250212862476142, 0.007230805391550742, 0.009069031626643523, 0.0008760177282006686, 0.004334581508291528, 0.00639357728064353, 0.01088486940318393, 0.011802109319463574, 0.006249501806707717, 0.005091264582455193, 0.00782771201716572]}, {'overall_acc': 0.5713101160862355, 'bal_acc': 0.5265340457739154, 'avg_odds_diff': 0.8107969440080296, 'disp_imp': 8.28715441398789, 'stat_par_diff': 0.866812796295835, 'eq_opp_diff': 0.6557549168494665, 'theil_ind': 0.2119855983265788, 'TPR': 0.43633369923161364, 'TNR': 0.6167343923162172, 'FPR': 0.38326560768378276, 'FNR': 0.5636663007683864, 'GTPR': 1.0, 'GTNR': 1.0, 'GFPR': 0.0, 'GFNR': 0.0, 'PPV': 0.2770034843205575, 'NPV': 0.7647732478240953, 'FDR': 0.7229965156794426, 'FOR': 0.23522675217590472, 'ACC': 0.5713101160862355, 'MCC': 0.04708515101411098, 'f1_score': 0.3388746803069054, 'fitness': -0.29550268020959947, 'solution': {'corr_type': 'spearman', 'l2': 0.0001, 'dropout': 0.08721774490459312, 'privileged_demotion': 0.5592090786934301, 'privileged_promotion': 0.1334761902417195, 'protected_demotion': 0.5480097558793237, 'protected_promotion': 0.5041575384812439}, 'corr': [0.09077788948924177, 0.003141075549940012, 1.0, 0.06707254648541233, 0.04405878060156745, 0.2677560392081955, 0.010390263878949348, 0.045649186253023374, 0.07002273346247687, 0.08772513656205903, 0.10499569131361021, 0.024349853858702288, 0.003346207210477006, 0.008721447166909934, 0.008516580176061817, 0.0064545950188989645, 0.006653656197700689, 0.02348965126105743, 0.027322650488287213, 0.015293781228612156, 0.022490956952876926, 0.008013507009928358, 0.014758288444036838, 0.03088991124156633, 0.010168198997268972, 0.008915108933240651, 0.005859625495151363, 0.045407637037739035, 0.06027718668441726, 0.2382555898602624, 0.016770186270579, 0.43890547344808195, 0.04129306156156269, 0.17833471061716483, 0.10536512582235072, 0.17875435225657393, 0.2765617988271952, 0.013594606541588564, 0.2272716168319427, 0.030270771185392963, 0.10063989947259931, 0.09094864930649048, 0.03654930373512998, 0.16759285263139206, 0.09343746923482214, 0.032230119495643444, 0.06373959815699029, 0.024696464629648984, 0.023062552121285614, 0.13523261435162304, 0.5825583998277074, 0.17412400734749697, 0.05210730382736026, 0.09910031727609238, 0.3229484116796712, 0.3163103844729845, 0.01425359020016891, 0.009019626372626512, 0.11712564408777118, 0.008644996944516207, 0.10872337687998798, 0.00386413442277796, 0.0012165817227382818, 0.0077754915797785444, 0.006133808140235992, 0.005873344250115684, 0.016799959016742954, 0.0011296962672038915, 0.002941229852465713, 0.0006657435531939935, 0.0012391546162224569, 0.016459449708140943, 0.014067242999868043, 0.004543566853862858, 0.013560064045063911, 0.008431526701740027, 0.014807632238338692, 0.0012391546162224569, 0.002259065718351871, 0.025990996724321355, 0.015591863846867718, 0.0012391546162224569, 0.010439404598234805, 0.020954511614776856, 0.0045904961535360765, 0.0019397078144089766, 0.03706729665842563, 0.010509513298174471, 0.011124648313213088, 0.005614548950236409, 0.014934956403765385, 0.006250212862476142, 0.007230805391550742, 0.009069031626643523, 0.0008760177282006686, 0.004334581508291528, 0.00639357728064353, 0.01088486940318393, 0.011802109319463574, 0.006249501806707717, 0.005091264582455193, 0.00782771201716572]}, {'overall_acc': 0.8272526257600884, 'bal_acc': 0.6835526627919566, 'avg_odds_diff': 0.09132739642202428, 'disp_imp': 0.6769866099361782, 'stat_par_diff': 0.043020286801912014, 'eq_opp_diff': 0.1803485385379755, 'theil_ind': 0.17425651286026103, 'TPR': 0.3940724478594951, 'TNR': 0.9730328777244182, 'FPR': 0.026967122275581824, 'FNR': 0.605927552140505, 'GTPR': 1.0, 'GTNR': 1.0, 'GFPR': 0.0, 'GFNR': 0.0, 'PPV': 0.8310185185185185, 'NPV': 0.8267419962335216, 'FDR': 0.16898148148148148, 'FOR': 0.17325800376647835, 'ACC': 0.8272526257600884, 'MCC': 0.49139331286077764, 'f1_score': 0.5346239761727476, 'fitness': 0.7842323389581763, 'solution': {'corr_type': 'spearman', 'l2': 0.0001, 'dropout': 0.07423573901849206, 'privileged_demotion': 0.5647586061153366, 'privileged_promotion': 0.13249733321899657, 'protected_demotion': 0.3354945401658551, 'protected_promotion': 0.5104015024173774}, 'corr': [0.09077788948924177, 0.003141075549940012, 1.0, 0.06707254648541233, 0.04405878060156745, 0.2677560392081955, 0.010390263878949348, 0.045649186253023374, 0.07002273346247687, 0.08772513656205903, 0.10499569131361021, 0.024349853858702288, 0.003346207210477006, 0.008721447166909934, 0.008516580176061817, 0.0064545950188989645, 0.006653656197700689, 0.02348965126105743, 0.027322650488287213, 0.015293781228612156, 0.022490956952876926, 0.008013507009928358, 0.014758288444036838, 0.03088991124156633, 0.010168198997268972, 0.008915108933240651, 0.005859625495151363, 0.045407637037739035, 0.06027718668441726, 0.2382555898602624, 0.016770186270579, 0.43890547344808195, 0.04129306156156269, 0.17833471061716483, 0.10536512582235072, 0.17875435225657393, 0.2765617988271952, 0.013594606541588564, 0.2272716168319427, 0.030270771185392963, 0.10063989947259931, 0.09094864930649048, 0.03654930373512998, 0.16759285263139206, 0.09343746923482214, 0.032230119495643444, 0.06373959815699029, 0.024696464629648984, 0.023062552121285614, 0.13523261435162304, 0.5825583998277074, 0.17412400734749697, 0.05210730382736026, 0.09910031727609238, 0.3229484116796712, 0.3163103844729845, 0.01425359020016891, 0.009019626372626512, 0.11712564408777118, 0.008644996944516207, 0.10872337687998798, 0.00386413442277796, 0.0012165817227382818, 0.0077754915797785444, 0.006133808140235992, 0.005873344250115684, 0.016799959016742954, 0.0011296962672038915, 0.002941229852465713, 0.0006657435531939935, 0.0012391546162224569, 0.016459449708140943, 0.014067242999868043, 0.004543566853862858, 0.013560064045063911, 0.008431526701740027, 0.014807632238338692, 0.0012391546162224569, 0.002259065718351871, 0.025990996724321355, 0.015591863846867718, 0.0012391546162224569, 0.010439404598234805, 0.020954511614776856, 0.0045904961535360765, 0.0019397078144089766, 0.03706729665842563, 0.010509513298174471, 0.011124648313213088, 0.005614548950236409, 0.014934956403765385, 0.006250212862476142, 0.007230805391550742, 0.009069031626643523, 0.0008760177282006686, 0.004334581508291528, 0.00639357728064353, 0.01088486940318393, 0.011802109319463574, 0.006249501806707717, 0.005091264582455193, 0.00782771201716572]}, {'overall_acc': 0.8356826976229962, 'bal_acc': 0.7124912360806253, 'avg_odds_diff': 0.07379804651818518, 'disp_imp': 0.59519266181391, 'stat_par_diff': 0.06807150644162188, 'eq_opp_diff': 0.14025442000862443, 'theil_ind': 0.1570461749955581, 'TPR': 0.4643249176728869, 'TNR': 0.9606575544883635, 'FPR': 0.0393424455116365, 'FNR': 0.535675082327113, 'GTPR': 1.0, 'GTNR': 1.0, 'GFPR': 0.0, 'GFNR': 0.0, 'PPV': 0.7988668555240793, 'NPV': 0.8419944957098915, 'FDR': 0.20113314447592068, 'FOR': 0.15800550429010846, 'ACC': 0.8356826976229962, 'MCC': 0.5218762701637356, 'f1_score': 0.5872960777507811, 'fitness': 0.7676111911813743, 'solution': {'corr_type': 'spearman', 'l2': 0.0001, 'dropout': 0.07013914689192656, 'privileged_demotion': 0.5574986440770419, 'privileged_promotion': 0.21584328772072148, 'protected_demotion': 0.33278853629334515, 'protected_promotion': 0.5791812539786729}, 'corr': [0.09077788948924177, 0.003141075549940012, 1.0, 0.06707254648541233, 0.04405878060156745, 0.2677560392081955, 0.010390263878949348, 0.045649186253023374, 0.07002273346247687, 0.08772513656205903, 0.10499569131361021, 0.024349853858702288, 0.003346207210477006, 0.008721447166909934, 0.008516580176061817, 0.0064545950188989645, 0.006653656197700689, 0.02348965126105743, 0.027322650488287213, 0.015293781228612156, 0.022490956952876926, 0.008013507009928358, 0.014758288444036838, 0.03088991124156633, 0.010168198997268972, 0.008915108933240651, 0.005859625495151363, 0.045407637037739035, 0.06027718668441726, 0.2382555898602624, 0.016770186270579, 0.43890547344808195, 0.04129306156156269, 0.17833471061716483, 0.10536512582235072, 0.17875435225657393, 0.2765617988271952, 0.013594606541588564, 0.2272716168319427, 0.030270771185392963, 0.10063989947259931, 0.09094864930649048, 0.03654930373512998, 0.16759285263139206, 0.09343746923482214, 0.032230119495643444, 0.06373959815699029, 0.024696464629648984, 0.023062552121285614, 0.13523261435162304, 0.5825583998277074, 0.17412400734749697, 0.05210730382736026, 0.09910031727609238, 0.3229484116796712, 0.3163103844729845, 0.01425359020016891, 0.009019626372626512, 0.11712564408777118, 0.008644996944516207, 0.10872337687998798, 0.00386413442277796, 0.0012165817227382818, 0.0077754915797785444, 0.006133808140235992, 0.005873344250115684, 0.016799959016742954, 0.0011296962672038915, 0.002941229852465713, 0.0006657435531939935, 0.0012391546162224569, 0.016459449708140943, 0.014067242999868043, 0.004543566853862858, 0.013560064045063911, 0.008431526701740027, 0.014807632238338692, 0.0012391546162224569, 0.002259065718351871, 0.025990996724321355, 0.015591863846867718, 0.0012391546162224569, 0.010439404598234805, 0.020954511614776856, 0.0045904961535360765, 0.0019397078144089766, 0.03706729665842563, 0.010509513298174471, 0.011124648313213088, 0.005614548950236409, 0.014934956403765385, 0.006250212862476142, 0.007230805391550742, 0.009069031626643523, 0.0008760177282006686, 0.004334581508291528, 0.00639357728064353, 0.01088486940318393, 0.011802109319463574, 0.006249501806707717, 0.005091264582455193, 0.00782771201716572]}, {'overall_acc': 0.8279436152570481, 'bal_acc': 0.6829220052739635, 'avg_odds_diff': 0.08692138734730223, 'disp_imp': 0.6644567958210433, 'stat_par_diff': 0.04400678460663421, 'eq_opp_diff': 0.1714194649117874, 'theil_ind': 0.17462000019507662, 'TPR': 0.3907793633369923, 'TNR': 0.9750646472109347, 'FPR': 0.024935352789065387, 'FNR': 0.6092206366630076, 'GTPR': 1.0, 'GTNR': 1.0, 'GFPR': 0.0, 'GFNR': 0.0, 'PPV': 0.8406139315230224, 'NPV': 0.8262638910627641, 'FDR': 0.15938606847697756, 'FOR': 0.17373610893723587, 'ACC': 0.8279436152570481, 'MCC': 0.4939364910190915, 'f1_score': 0.5335331584863244, 'fitness': 0.7839368306504139, 'solution': {'corr_type': 'spearman', 'l2': 0.0001, 'dropout': 0.08952234244911575, 'privileged_demotion': 0.673767866742214, 'privileged_promotion': 0.210507482579245, 'protected_demotion': 0.3447618910326924, 'protected_promotion': 0.5081075864970257}, 'corr': [0.09077788948924177, 0.003141075549940012, 1.0, 0.06707254648541233, 0.04405878060156745, 0.2677560392081955, 0.010390263878949348, 0.045649186253023374, 0.07002273346247687, 0.08772513656205903, 0.10499569131361021, 0.024349853858702288, 0.003346207210477006, 0.008721447166909934, 0.008516580176061817, 0.0064545950188989645, 0.006653656197700689, 0.02348965126105743, 0.027322650488287213, 0.015293781228612156, 0.022490956952876926, 0.008013507009928358, 0.014758288444036838, 0.03088991124156633, 0.010168198997268972, 0.008915108933240651, 0.005859625495151363, 0.045407637037739035, 0.06027718668441726, 0.2382555898602624, 0.016770186270579, 0.43890547344808195, 0.04129306156156269, 0.17833471061716483, 0.10536512582235072, 0.17875435225657393, 0.2765617988271952, 0.013594606541588564, 0.2272716168319427, 0.030270771185392963, 0.10063989947259931, 0.09094864930649048, 0.03654930373512998, 0.16759285263139206, 0.09343746923482214, 0.032230119495643444, 0.06373959815699029, 0.024696464629648984, 0.023062552121285614, 0.13523261435162304, 0.5825583998277074, 0.17412400734749697, 0.05210730382736026, 0.09910031727609238, 0.3229484116796712, 0.3163103844729845, 0.01425359020016891, 0.009019626372626512, 0.11712564408777118, 0.008644996944516207, 0.10872337687998798, 0.00386413442277796, 0.0012165817227382818, 0.0077754915797785444, 0.006133808140235992, 0.005873344250115684, 0.016799959016742954, 0.0011296962672038915, 0.002941229852465713, 0.0006657435531939935, 0.0012391546162224569, 0.016459449708140943, 0.014067242999868043, 0.004543566853862858, 0.013560064045063911, 0.008431526701740027, 0.014807632238338692, 0.0012391546162224569, 0.002259065718351871, 0.025990996724321355, 0.015591863846867718, 0.0012391546162224569, 0.010439404598234805, 0.020954511614776856, 0.0045904961535360765, 0.0019397078144089766, 0.03706729665842563, 0.010509513298174471, 0.011124648313213088, 0.005614548950236409, 0.014934956403765385, 0.006250212862476142, 0.007230805391550742, 0.009069031626643523, 0.0008760177282006686, 0.004334581508291528, 0.00639357728064353, 0.01088486940318393, 0.011802109319463574, 0.006249501806707717, 0.005091264582455193, 0.00782771201716572]}, {'overall_acc': 0.5706191265892758, 'bal_acc': 0.49147887515272237, 'avg_odds_diff': 0.46421932622221956, 'disp_imp': 7.331081289288796, 'stat_par_diff': 0.7209039288332098, 'eq_opp_diff': 0.04847947953578191, 'theil_ind': 0.24234757286978448, 'TPR': 0.33205268935236004, 'TNR': 0.6509050609530846, 'FPR': 0.3490949390469154, 'FNR': 0.6679473106476399, 'GTPR': 1.0, 'GTNR': 1.0, 'GFPR': 0.0, 'GFNR': 0.0, 'PPV': 0.24248496993987975, 'NPV': 0.7433031006116853, 'FDR': 0.7575150300601202, 'FOR': 0.2566968993883147, 'ACC': 0.5706191265892758, 'MCC': -0.015562880527127121, 'f1_score': 0.28028723650683346, 'fitness': -0.15028480224393392, 'solution': {'corr_type': 'spearman', 'l2': 0.0001, 'dropout': 0.050248663350973326, 'privileged_demotion': 0.6779624536161653, 'privileged_promotion': 0.21246590969751747, 'protected_demotion': 0.44341819294707163, 'protected_promotion': 0.5918416834653645}, 'corr': [0.09077788948924177, 0.003141075549940012, 1.0, 0.06707254648541233, 0.04405878060156745, 0.2677560392081955, 0.010390263878949348, 0.045649186253023374, 0.07002273346247687, 0.08772513656205903, 0.10499569131361021, 0.024349853858702288, 0.003346207210477006, 0.008721447166909934, 0.008516580176061817, 0.0064545950188989645, 0.006653656197700689, 0.02348965126105743, 0.027322650488287213, 0.015293781228612156, 0.022490956952876926, 0.008013507009928358, 0.014758288444036838, 0.03088991124156633, 0.010168198997268972, 0.008915108933240651, 0.005859625495151363, 0.045407637037739035, 0.06027718668441726, 0.2382555898602624, 0.016770186270579, 0.43890547344808195, 0.04129306156156269, 0.17833471061716483, 0.10536512582235072, 0.17875435225657393, 0.2765617988271952, 0.013594606541588564, 0.2272716168319427, 0.030270771185392963, 0.10063989947259931, 0.09094864930649048, 0.03654930373512998, 0.16759285263139206, 0.09343746923482214, 0.032230119495643444, 0.06373959815699029, 0.024696464629648984, 0.023062552121285614, 0.13523261435162304, 0.5825583998277074, 0.17412400734749697, 0.05210730382736026, 0.09910031727609238, 0.3229484116796712, 0.3163103844729845, 0.01425359020016891, 0.009019626372626512, 0.11712564408777118, 0.008644996944516207, 0.10872337687998798, 0.00386413442277796, 0.0012165817227382818, 0.0077754915797785444, 0.006133808140235992, 0.005873344250115684, 0.016799959016742954, 0.0011296962672038915, 0.002941229852465713, 0.0006657435531939935, 0.0012391546162224569, 0.016459449708140943, 0.014067242999868043, 0.004543566853862858, 0.013560064045063911, 0.008431526701740027, 0.014807632238338692, 0.0012391546162224569, 0.002259065718351871, 0.025990996724321355, 0.015591863846867718, 0.0012391546162224569, 0.010439404598234805, 0.020954511614776856, 0.0045904961535360765, 0.0019397078144089766, 0.03706729665842563, 0.010509513298174471, 0.011124648313213088, 0.005614548950236409, 0.014934956403765385, 0.006250212862476142, 0.007230805391550742, 0.009069031626643523, 0.0008760177282006686, 0.004334581508291528, 0.00639357728064353, 0.01088486940318393, 0.011802109319463574, 0.006249501806707717, 0.005091264582455193, 0.00782771201716572]}, {'overall_acc': 0.49847982310668876, 'bal_acc': 0.3460448518030864, 'avg_odds_diff': 0.5847589180892985, 'disp_imp': 824.900086281277, 'stat_par_diff': 0.8376373386348891, 'eq_opp_diff': 0.2529763578753961, 'theil_ind': 0.33618807236569415, 'TPR': 0.03896816684961581, 'TNR': 0.653121536756557, 'FPR': 0.3468784632434429, 'FNR': 0.9610318331503842, 'GTPR': 1.0, 'GTNR': 1.0, 'GFPR': 0.0, 'GFNR': 0.0, 'PPV': 0.03642893791688045, 'NPV': 0.6688102893890675, 'FDR': 0.9635710620831196, 'FOR': 0.3311897106109325, 'ACC': 0.49847982310668876, 'MCC': -0.30126379949389714, 'f1_score': 0.03765579421904004, 'fitness': -0.33915751552820034, 'solution': {'corr_type': 'spearman', 'l2': 0.0001, 'dropout': 0.06699420970354697, 'privileged_demotion': 0.6478870161520353, 'privileged_promotion': 0.21575340845935742, 'protected_demotion': 0.31821740587655384, 'protected_promotion': 0.8384208967735655}, 'corr': [0.09077788948924177, 0.003141075549940012, 1.0, 0.06707254648541233, 0.04405878060156745, 0.2677560392081955, 0.010390263878949348, 0.045649186253023374, 0.07002273346247687, 0.08772513656205903, 0.10499569131361021, 0.024349853858702288, 0.003346207210477006, 0.008721447166909934, 0.008516580176061817, 0.0064545950188989645, 0.006653656197700689, 0.02348965126105743, 0.027322650488287213, 0.015293781228612156, 0.022490956952876926, 0.008013507009928358, 0.014758288444036838, 0.03088991124156633, 0.010168198997268972, 0.008915108933240651, 0.005859625495151363, 0.045407637037739035, 0.06027718668441726, 0.2382555898602624, 0.016770186270579, 0.43890547344808195, 0.04129306156156269, 0.17833471061716483, 0.10536512582235072, 0.17875435225657393, 0.2765617988271952, 0.013594606541588564, 0.2272716168319427, 0.030270771185392963, 0.10063989947259931, 0.09094864930649048, 0.03654930373512998, 0.16759285263139206, 0.09343746923482214, 0.032230119495643444, 0.06373959815699029, 0.024696464629648984, 0.023062552121285614, 0.13523261435162304, 0.5825583998277074, 0.17412400734749697, 0.05210730382736026, 0.09910031727609238, 0.3229484116796712, 0.3163103844729845, 0.01425359020016891, 0.009019626372626512, 0.11712564408777118, 0.008644996944516207, 0.10872337687998798, 0.00386413442277796, 0.0012165817227382818, 0.0077754915797785444, 0.006133808140235992, 0.005873344250115684, 0.016799959016742954, 0.0011296962672038915, 0.002941229852465713, 0.0006657435531939935, 0.0012391546162224569, 0.016459449708140943, 0.014067242999868043, 0.004543566853862858, 0.013560064045063911, 0.008431526701740027, 0.014807632238338692, 0.0012391546162224569, 0.002259065718351871, 0.025990996724321355, 0.015591863846867718, 0.0012391546162224569, 0.010439404598234805, 0.020954511614776856, 0.0045904961535360765, 0.0019397078144089766, 0.03706729665842563, 0.010509513298174471, 0.011124648313213088, 0.005614548950236409, 0.014934956403765385, 0.006250212862476142, 0.007230805391550742, 0.009069031626643523, 0.0008760177282006686, 0.004334581508291528, 0.00639357728064353, 0.01088486940318393, 0.011802109319463574, 0.006249501806707717, 0.005091264582455193, 0.00782771201716572]}, {'overall_acc': 0.5637092316196793, 'bal_acc': 0.49796752088438445, 'avg_odds_diff': 0.4854962066576526, 'disp_imp': 6.733520478638295, 'stat_par_diff': 0.7449612821980216, 'eq_opp_diff': 0.060263044415696465, 'theil_ind': 0.23282419589377878, 'TPR': 0.36553238199780463, 'TNR': 0.6304026597709642, 'FPR': 0.36959734022903584, 'FNR': 0.6344676180021954, 'GTPR': 1.0, 'GTNR': 1.0, 'GFPR': 0.0, 'GFNR': 0.0, 'PPV': 0.24971878515185603, 'NPV': 0.7469905887502736, 'FDR': 0.750281214848144, 'FOR': 0.2530094112497264, 'ACC': 0.5637092316196793, 'MCC': -0.0036573566468752483, 'f1_score': 0.2967253285809758, 'fitness': -0.18125205057834226, 'solution': {'corr_type': 'spearman', 'l2': 0.0001, 'dropout': 0.04800476844785441, 'privileged_demotion': 0.4333847037950755, 'privileged_promotion': 0.06533228430494786, 'protected_demotion': 0.42886830961693345, 'protected_promotion': 0.8033583623669036}, 'corr': [0.09077788948924177, 0.003141075549940012, 1.0, 0.06707254648541233, 0.04405878060156745, 0.2677560392081955, 0.010390263878949348, 0.045649186253023374, 0.07002273346247687, 0.08772513656205903, 0.10499569131361021, 0.024349853858702288, 0.003346207210477006, 0.008721447166909934, 0.008516580176061817, 0.0064545950188989645, 0.006653656197700689, 0.02348965126105743, 0.027322650488287213, 0.015293781228612156, 0.022490956952876926, 0.008013507009928358, 0.014758288444036838, 0.03088991124156633, 0.010168198997268972, 0.008915108933240651, 0.005859625495151363, 0.045407637037739035, 0.06027718668441726, 0.2382555898602624, 0.016770186270579, 0.43890547344808195, 0.04129306156156269, 0.17833471061716483, 0.10536512582235072, 0.17875435225657393, 0.2765617988271952, 0.013594606541588564, 0.2272716168319427, 0.030270771185392963, 0.10063989947259931, 0.09094864930649048, 0.03654930373512998, 0.16759285263139206, 0.09343746923482214, 0.032230119495643444, 0.06373959815699029, 0.024696464629648984, 0.023062552121285614, 0.13523261435162304, 0.5825583998277074, 0.17412400734749697, 0.05210730382736026, 0.09910031727609238, 0.3229484116796712, 0.3163103844729845, 0.01425359020016891, 0.009019626372626512, 0.11712564408777118, 0.008644996944516207, 0.10872337687998798, 0.00386413442277796, 0.0012165817227382818, 0.0077754915797785444, 0.006133808140235992, 0.005873344250115684, 0.016799959016742954, 0.0011296962672038915, 0.002941229852465713, 0.0006657435531939935, 0.0012391546162224569, 0.016459449708140943, 0.014067242999868043, 0.004543566853862858, 0.013560064045063911, 0.008431526701740027, 0.014807632238338692, 0.0012391546162224569, 0.002259065718351871, 0.025990996724321355, 0.015591863846867718, 0.0012391546162224569, 0.010439404598234805, 0.020954511614776856, 0.0045904961535360765, 0.0019397078144089766, 0.03706729665842563, 0.010509513298174471, 0.011124648313213088, 0.005614548950236409, 0.014934956403765385, 0.006250212862476142, 0.007230805391550742, 0.009069031626643523, 0.0008760177282006686, 0.004334581508291528, 0.00639357728064353, 0.01088486940318393, 0.011802109319463574, 0.006249501806707717, 0.005091264582455193, 0.00782771201716572]}, {'overall_acc': 0.8380320619126589, 'bal_acc': 0.7180667919128235, 'avg_odds_diff': 0.08680871545291333, 'disp_imp': 0.6246116571249927, 'stat_par_diff': 0.06404042693617958, 'eq_opp_diff': 0.16872433770178297, 'theil_ind': 0.15376057074286284, 'TPR': 0.47639956092206365, 'TNR': 0.9597340229035833, 'FPR': 0.040265977096416695, 'FNR': 0.5236004390779363, 'GTPR': 1.0, 'GTNR': 1.0, 'GFPR': 0.0, 'GFNR': 0.0, 'PPV': 0.7992633517495396, 'NPV': 0.8448780487804878, 'FDR': 0.2007366482504604, 'FOR': 0.1551219512195122, 'ACC': 0.8380320619126589, 'MCC': 0.530029902461769, 'f1_score': 0.5969738651994497, 'fitness': 0.7739916349764793, 'solution': {'corr_type': 'spearman', 'l2': 0.0001, 'dropout': 0.058884490795864025, 'privileged_demotion': 0.573089280190234, 'privileged_promotion': 0.21492779596772252, 'protected_demotion': 0.33759505823675523, 'protected_promotion': 0.5932630273630934}, 'corr': [0.09077788948924177, 0.003141075549940012, 1.0, 0.06707254648541233, 0.04405878060156745, 0.2677560392081955, 0.010390263878949348, 0.045649186253023374, 0.07002273346247687, 0.08772513656205903, 0.10499569131361021, 0.024349853858702288, 0.003346207210477006, 0.008721447166909934, 0.008516580176061817, 0.0064545950188989645, 0.006653656197700689, 0.02348965126105743, 0.027322650488287213, 0.015293781228612156, 0.022490956952876926, 0.008013507009928358, 0.014758288444036838, 0.03088991124156633, 0.010168198997268972, 0.008915108933240651, 0.005859625495151363, 0.045407637037739035, 0.06027718668441726, 0.2382555898602624, 0.016770186270579, 0.43890547344808195, 0.04129306156156269, 0.17833471061716483, 0.10536512582235072, 0.17875435225657393, 0.2765617988271952, 0.013594606541588564, 0.2272716168319427, 0.030270771185392963, 0.10063989947259931, 0.09094864930649048, 0.03654930373512998, 0.16759285263139206, 0.09343746923482214, 0.032230119495643444, 0.06373959815699029, 0.024696464629648984, 0.023062552121285614, 0.13523261435162304, 0.5825583998277074, 0.17412400734749697, 0.05210730382736026, 0.09910031727609238, 0.3229484116796712, 0.3163103844729845, 0.01425359020016891, 0.009019626372626512, 0.11712564408777118, 0.008644996944516207, 0.10872337687998798, 0.00386413442277796, 0.0012165817227382818, 0.0077754915797785444, 0.006133808140235992, 0.005873344250115684, 0.016799959016742954, 0.0011296962672038915, 0.002941229852465713, 0.0006657435531939935, 0.0012391546162224569, 0.016459449708140943, 0.014067242999868043, 0.004543566853862858, 0.013560064045063911, 0.008431526701740027, 0.014807632238338692, 0.0012391546162224569, 0.002259065718351871, 0.025990996724321355, 0.015591863846867718, 0.0012391546162224569, 0.010439404598234805, 0.020954511614776856, 0.0045904961535360765, 0.0019397078144089766, 0.03706729665842563, 0.010509513298174471, 0.011124648313213088, 0.005614548950236409, 0.014934956403765385, 0.006250212862476142, 0.007230805391550742, 0.009069031626643523, 0.0008760177282006686, 0.004334581508291528, 0.00639357728064353, 0.01088486940318393, 0.011802109319463574, 0.006249501806707717, 0.005091264582455193, 0.00782771201716572]}, {'overall_acc': 0.55085682697623, 'bal_acc': 0.46461708211057484, 'avg_odds_diff': 0.5440581189699953, 'disp_imp': 9.661114877357328, 'stat_par_diff': 0.7889750843952995, 'eq_opp_diff': 0.15677203442263343, 'theil_ind': 0.25545613784108395, 'TPR': 0.29088913282107576, 'TNR': 0.6383450314000739, 'FPR': 0.36165496859992613, 'FNR': 0.7091108671789242, 'GTPR': 1.0, 'GTNR': 1.0, 'GFPR': 0.0, 'GFNR': 0.0, 'PPV': 0.21302250803858522, 'NPV': 0.7278854254422915, 'FDR': 0.7869774919614148, 'FOR': 0.2721145745577085, 'ACC': 0.55085682697623, 'MCC': -0.06466606123095156, 'f1_score': 0.2459396751740139, 'fitness': -0.23811825741906956, 'solution': {'corr_type': 'spearman', 'l2': 0.0001, 'dropout': 0.1222400876177998, 'privileged_demotion': 0.6634526642038616, 'privileged_promotion': 0.050946313167711324, 'protected_demotion': 0.41843472892815414, 'protected_promotion': 0.7931842991349688}, 'corr': [0.09077788948924177, 0.003141075549940012, 1.0, 0.06707254648541233, 0.04405878060156745, 0.2677560392081955, 0.010390263878949348, 0.045649186253023374, 0.07002273346247687, 0.08772513656205903, 0.10499569131361021, 0.024349853858702288, 0.003346207210477006, 0.008721447166909934, 0.008516580176061817, 0.0064545950188989645, 0.006653656197700689, 0.02348965126105743, 0.027322650488287213, 0.015293781228612156, 0.022490956952876926, 0.008013507009928358, 0.014758288444036838, 0.03088991124156633, 0.010168198997268972, 0.008915108933240651, 0.005859625495151363, 0.045407637037739035, 0.06027718668441726, 0.2382555898602624, 0.016770186270579, 0.43890547344808195, 0.04129306156156269, 0.17833471061716483, 0.10536512582235072, 0.17875435225657393, 0.2765617988271952, 0.013594606541588564, 0.2272716168319427, 0.030270771185392963, 0.10063989947259931, 0.09094864930649048, 0.03654930373512998, 0.16759285263139206, 0.09343746923482214, 0.032230119495643444, 0.06373959815699029, 0.024696464629648984, 0.023062552121285614, 0.13523261435162304, 0.5825583998277074, 0.17412400734749697, 0.05210730382736026, 0.09910031727609238, 0.3229484116796712, 0.3163103844729845, 0.01425359020016891, 0.009019626372626512, 0.11712564408777118, 0.008644996944516207, 0.10872337687998798, 0.00386413442277796, 0.0012165817227382818, 0.0077754915797785444, 0.006133808140235992, 0.005873344250115684, 0.016799959016742954, 0.0011296962672038915, 0.002941229852465713, 0.0006657435531939935, 0.0012391546162224569, 0.016459449708140943, 0.014067242999868043, 0.004543566853862858, 0.013560064045063911, 0.008431526701740027, 0.014807632238338692, 0.0012391546162224569, 0.002259065718351871, 0.025990996724321355, 0.015591863846867718, 0.0012391546162224569, 0.010439404598234805, 0.020954511614776856, 0.0045904961535360765, 0.0019397078144089766, 0.03706729665842563, 0.010509513298174471, 0.011124648313213088, 0.005614548950236409, 0.014934956403765385, 0.006250212862476142, 0.007230805391550742, 0.009069031626643523, 0.0008760177282006686, 0.004334581508291528, 0.00639357728064353, 0.01088486940318393, 0.011802109319463574, 0.006249501806707717, 0.005091264582455193, 0.00782771201716572]}, {'overall_acc': 0.7974018794914317, 'bal_acc': 0.6071625095242362, 'avg_odds_diff': 0.12057752648251968, 'disp_imp': 1.0064268489635186, 'stat_par_diff': 0.0004077220163924006, 'eq_opp_diff': 0.23141534019536156, 'theil_ind': 0.22080500353057927, 'TPR': 0.2239297475301866, 'TNR': 0.9903952715182859, 'FPR': 0.009604728481714075, 'FNR': 0.7760702524698134, 'GTPR': 1.0, 'GTNR': 1.0, 'GFPR': 0.0, 'GFNR': 0.0, 'PPV': 0.8869565217391304, 'NPV': 0.7913223140495868, 'FDR': 0.11304347826086956, 'FOR': 0.20867768595041322, 'ACC': 0.7974018794914317, 'MCC': 0.38127696547338463, 'f1_score': 0.35758106923751093, 'fitness': 0.7969941574750393, 'solution': {'corr_type': 'spearman', 'l2': 0.001, 'dropout': 0.12207933972407925, 'privileged_demotion': 0.751043974130444, 'privileged_promotion': 0.058963580878634264, 'protected_demotion': 0.21774032284463812, 'protected_promotion': 0.03810720448536933}, 'corr': [0.09077788948924177, 0.003141075549940012, 1.0, 0.06707254648541233, 0.04405878060156745, 0.2677560392081955, 0.010390263878949348, 0.045649186253023374, 0.07002273346247687, 0.08772513656205903, 0.10499569131361021, 0.024349853858702288, 0.003346207210477006, 0.008721447166909934, 0.008516580176061817, 0.0064545950188989645, 0.006653656197700689, 0.02348965126105743, 0.027322650488287213, 0.015293781228612156, 0.022490956952876926, 0.008013507009928358, 0.014758288444036838, 0.03088991124156633, 0.010168198997268972, 0.008915108933240651, 0.005859625495151363, 0.045407637037739035, 0.06027718668441726, 0.2382555898602624, 0.016770186270579, 0.43890547344808195, 0.04129306156156269, 0.17833471061716483, 0.10536512582235072, 0.17875435225657393, 0.2765617988271952, 0.013594606541588564, 0.2272716168319427, 0.030270771185392963, 0.10063989947259931, 0.09094864930649048, 0.03654930373512998, 0.16759285263139206, 0.09343746923482214, 0.032230119495643444, 0.06373959815699029, 0.024696464629648984, 0.023062552121285614, 0.13523261435162304, 0.5825583998277074, 0.17412400734749697, 0.05210730382736026, 0.09910031727609238, 0.3229484116796712, 0.3163103844729845, 0.01425359020016891, 0.009019626372626512, 0.11712564408777118, 0.008644996944516207, 0.10872337687998798, 0.00386413442277796, 0.0012165817227382818, 0.0077754915797785444, 0.006133808140235992, 0.005873344250115684, 0.016799959016742954, 0.0011296962672038915, 0.002941229852465713, 0.0006657435531939935, 0.0012391546162224569, 0.016459449708140943, 0.014067242999868043, 0.004543566853862858, 0.013560064045063911, 0.008431526701740027, 0.014807632238338692, 0.0012391546162224569, 0.002259065718351871, 0.025990996724321355, 0.015591863846867718, 0.0012391546162224569, 0.010439404598234805, 0.020954511614776856, 0.0045904961535360765, 0.0019397078144089766, 0.03706729665842563, 0.010509513298174471, 0.011124648313213088, 0.005614548950236409, 0.014934956403765385, 0.006250212862476142, 0.007230805391550742, 0.009069031626643523, 0.0008760177282006686, 0.004334581508291528, 0.00639357728064353, 0.01088486940318393, 0.011802109319463574, 0.006249501806707717, 0.005091264582455193, 0.00782771201716572]}, {'overall_acc': 0.7906301824212272, 'bal_acc': 0.5933516066205556, 'avg_odds_diff': 0.1568071682671633, 'disp_imp': 1.4028913031994508, 'stat_par_diff': 0.020070835559956368, 'eq_opp_diff': 0.29856384873539943, 'theil_ind': 0.22950419861743987, 'TPR': 0.1959385290889133, 'TNR': 0.990764684152198, 'FPR': 0.009235315847801994, 'FNR': 0.8040614709110867, 'GTPR': 1.0, 'GTNR': 1.0, 'GFPR': 0.0, 'GFNR': 0.0, 'PPV': 0.8771498771498771, 'NPV': 0.7854737150388051, 'FDR': 0.12285012285012285, 'FOR': 0.2145262849611949, 'ACC': 0.7906301824212272, 'MCC': 0.35172994446164907, 'f1_score': 0.32032301480484526, 'fitness': 0.7705593468612708, 'solution': {'corr_type': 'spearman', 'l2': 0.001, 'dropout': 0.16030027114260606, 'privileged_demotion': 0.7604168196739443, 'privileged_promotion': 0.052794863684606286, 'protected_demotion': 0.05308603715981525, 'protected_promotion': 0.005984833580255234}, 'corr': [0.09077788948924177, 0.003141075549940012, 1.0, 0.06707254648541233, 0.04405878060156745, 0.2677560392081955, 0.010390263878949348, 0.045649186253023374, 0.07002273346247687, 0.08772513656205903, 0.10499569131361021, 0.024349853858702288, 0.003346207210477006, 0.008721447166909934, 0.008516580176061817, 0.0064545950188989645, 0.006653656197700689, 0.02348965126105743, 0.027322650488287213, 0.015293781228612156, 0.022490956952876926, 0.008013507009928358, 0.014758288444036838, 0.03088991124156633, 0.010168198997268972, 0.008915108933240651, 0.005859625495151363, 0.045407637037739035, 0.06027718668441726, 0.2382555898602624, 0.016770186270579, 0.43890547344808195, 0.04129306156156269, 0.17833471061716483, 0.10536512582235072, 0.17875435225657393, 0.2765617988271952, 0.013594606541588564, 0.2272716168319427, 0.030270771185392963, 0.10063989947259931, 0.09094864930649048, 0.03654930373512998, 0.16759285263139206, 0.09343746923482214, 0.032230119495643444, 0.06373959815699029, 0.024696464629648984, 0.023062552121285614, 0.13523261435162304, 0.5825583998277074, 0.17412400734749697, 0.05210730382736026, 0.09910031727609238, 0.3229484116796712, 0.3163103844729845, 0.01425359020016891, 0.009019626372626512, 0.11712564408777118, 0.008644996944516207, 0.10872337687998798, 0.00386413442277796, 0.0012165817227382818, 0.0077754915797785444, 0.006133808140235992, 0.005873344250115684, 0.016799959016742954, 0.0011296962672038915, 0.002941229852465713, 0.0006657435531939935, 0.0012391546162224569, 0.016459449708140943, 0.014067242999868043, 0.004543566853862858, 0.013560064045063911, 0.008431526701740027, 0.014807632238338692, 0.0012391546162224569, 0.002259065718351871, 0.025990996724321355, 0.015591863846867718, 0.0012391546162224569, 0.010439404598234805, 0.020954511614776856, 0.0045904961535360765, 0.0019397078144089766, 0.03706729665842563, 0.010509513298174471, 0.011124648313213088, 0.005614548950236409, 0.014934956403765385, 0.006250212862476142, 0.007230805391550742, 0.009069031626643523, 0.0008760177282006686, 0.004334581508291528, 0.00639357728064353, 0.01088486940318393, 0.011802109319463574, 0.006249501806707717, 0.005091264582455193, 0.00782771201716572]}, {'overall_acc': 0.7960199004975125, 'bal_acc': 0.6053286251808033, 'avg_odds_diff': 0.15021842014232414, 'disp_imp': 1.220679140023875, 'stat_par_diff': 0.013102543490640814, 'eq_opp_diff': 0.2858897200817444, 'theil_ind': 0.22198502937422918, 'TPR': 0.221185510428101, 'TNR': 0.9894717399335057, 'FPR': 0.010528260066494275, 'FNR': 0.778814489571899, 'GTPR': 1.0, 'GTNR': 1.0, 'GFPR': 0.0, 'GFNR': 0.0, 'PPV': 0.8760869565217392, 'NPV': 0.7905844155844156, 'FDR': 0.12391304347826088, 'FOR': 0.20941558441558442, 'ACC': 0.7960199004975125, 'MCC': 0.3747521289368242, 'f1_score': 0.35319894829097287, 'fitness': 0.7829173570068717, 'solution': {'corr_type': 'spearman', 'l2': 0.001, 'dropout': 0.15521885690716614, 'privileged_demotion': 0.7435381312618583, 'privileged_promotion': 0.05500666954657962, 'protected_demotion': 0.05565899921988504, 'protected_promotion': 0.019894029603264057}, 'corr': [0.09077788948924177, 0.003141075549940012, 1.0, 0.06707254648541233, 0.04405878060156745, 0.2677560392081955, 0.010390263878949348, 0.045649186253023374, 0.07002273346247687, 0.08772513656205903, 0.10499569131361021, 0.024349853858702288, 0.003346207210477006, 0.008721447166909934, 0.008516580176061817, 0.0064545950188989645, 0.006653656197700689, 0.02348965126105743, 0.027322650488287213, 0.015293781228612156, 0.022490956952876926, 0.008013507009928358, 0.014758288444036838, 0.03088991124156633, 0.010168198997268972, 0.008915108933240651, 0.005859625495151363, 0.045407637037739035, 0.06027718668441726, 0.2382555898602624, 0.016770186270579, 0.43890547344808195, 0.04129306156156269, 0.17833471061716483, 0.10536512582235072, 0.17875435225657393, 0.2765617988271952, 0.013594606541588564, 0.2272716168319427, 0.030270771185392963, 0.10063989947259931, 0.09094864930649048, 0.03654930373512998, 0.16759285263139206, 0.09343746923482214, 0.032230119495643444, 0.06373959815699029, 0.024696464629648984, 0.023062552121285614, 0.13523261435162304, 0.5825583998277074, 0.17412400734749697, 0.05210730382736026, 0.09910031727609238, 0.3229484116796712, 0.3163103844729845, 0.01425359020016891, 0.009019626372626512, 0.11712564408777118, 0.008644996944516207, 0.10872337687998798, 0.00386413442277796, 0.0012165817227382818, 0.0077754915797785444, 0.006133808140235992, 0.005873344250115684, 0.016799959016742954, 0.0011296962672038915, 0.002941229852465713, 0.0006657435531939935, 0.0012391546162224569, 0.016459449708140943, 0.014067242999868043, 0.004543566853862858, 0.013560064045063911, 0.008431526701740027, 0.014807632238338692, 0.0012391546162224569, 0.002259065718351871, 0.025990996724321355, 0.015591863846867718, 0.0012391546162224569, 0.010439404598234805, 0.020954511614776856, 0.0045904961535360765, 0.0019397078144089766, 0.03706729665842563, 0.010509513298174471, 0.011124648313213088, 0.005614548950236409, 0.014934956403765385, 0.006250212862476142, 0.007230805391550742, 0.009069031626643523, 0.0008760177282006686, 0.004334581508291528, 0.00639357728064353, 0.01088486940318393, 0.011802109319463574, 0.006249501806707717, 0.005091264582455193, 0.00782771201716572]}, {'overall_acc': 0.79297954671089, 'bal_acc': 0.6018402912804426, 'avg_odds_diff': 0.16145936861664673, 'disp_imp': 1.359653173571194, 'stat_par_diff': 0.020768910389227152, 'eq_opp_diff': 0.30387442113354707, 'theil_ind': 0.22425107426868873, 'TPR': 0.216794731064764, 'TNR': 0.9868858514961212, 'FPR': 0.013114148503878832, 'FNR': 0.783205268935236, 'GTPR': 1.0, 'GTNR': 1.0, 'GFPR': 0.0, 'GFNR': 0.0, 'PPV': 0.8476394849785408, 'NPV': 0.7892171344165436, 'FDR': 0.15236051502145923, 'FOR': 0.21078286558345644, 'ACC': 0.79297954671089, 'MCC': 0.3601601411124594, 'f1_score': 0.34527972027972026, 'fitness': 0.7722106363216629, 'solution': {'corr_type': 'spearman', 'l2': 0.001, 'dropout': 0.15793381208157456, 'privileged_demotion': 0.7438654345206126, 'privileged_promotion': 0.04175482285151737, 'protected_demotion': 0.03709978374726269, 'protected_promotion': 0.0006673959626621179}, 'corr': [0.09077788948924177, 0.003141075549940012, 1.0, 0.06707254648541233, 0.04405878060156745, 0.2677560392081955, 0.010390263878949348, 0.045649186253023374, 0.07002273346247687, 0.08772513656205903, 0.10499569131361021, 0.024349853858702288, 0.003346207210477006, 0.008721447166909934, 0.008516580176061817, 0.0064545950188989645, 0.006653656197700689, 0.02348965126105743, 0.027322650488287213, 0.015293781228612156, 0.022490956952876926, 0.008013507009928358, 0.014758288444036838, 0.03088991124156633, 0.010168198997268972, 0.008915108933240651, 0.005859625495151363, 0.045407637037739035, 0.06027718668441726, 0.2382555898602624, 0.016770186270579, 0.43890547344808195, 0.04129306156156269, 0.17833471061716483, 0.10536512582235072, 0.17875435225657393, 0.2765617988271952, 0.013594606541588564, 0.2272716168319427, 0.030270771185392963, 0.10063989947259931, 0.09094864930649048, 0.03654930373512998, 0.16759285263139206, 0.09343746923482214, 0.032230119495643444, 0.06373959815699029, 0.024696464629648984, 0.023062552121285614, 0.13523261435162304, 0.5825583998277074, 0.17412400734749697, 0.05210730382736026, 0.09910031727609238, 0.3229484116796712, 0.3163103844729845, 0.01425359020016891, 0.009019626372626512, 0.11712564408777118, 0.008644996944516207, 0.10872337687998798, 0.00386413442277796, 0.0012165817227382818, 0.0077754915797785444, 0.006133808140235992, 0.005873344250115684, 0.016799959016742954, 0.0011296962672038915, 0.002941229852465713, 0.0006657435531939935, 0.0012391546162224569, 0.016459449708140943, 0.014067242999868043, 0.004543566853862858, 0.013560064045063911, 0.008431526701740027, 0.014807632238338692, 0.0012391546162224569, 0.002259065718351871, 0.025990996724321355, 0.015591863846867718, 0.0012391546162224569, 0.010439404598234805, 0.020954511614776856, 0.0045904961535360765, 0.0019397078144089766, 0.03706729665842563, 0.010509513298174471, 0.011124648313213088, 0.005614548950236409, 0.014934956403765385, 0.006250212862476142, 0.007230805391550742, 0.009069031626643523, 0.0008760177282006686, 0.004334581508291528, 0.00639357728064353, 0.01088486940318393, 0.011802109319463574, 0.006249501806707717, 0.005091264582455193, 0.00782771201716572]}, {'overall_acc': 0.8029297954671089, 'bal_acc': 0.6181394579325787, 'avg_odds_diff': 0.06645877990427129, 'disp_imp': 0.692211569930174, 'stat_par_diff': 0.023594192382335177, 'eq_opp_diff': 0.12868177812775375, 'theil_ind': 0.21393541001521402, 'TPR': 0.24588364434687157, 'TNR': 0.9903952715182859, 'FPR': 0.009604728481714075, 'FNR': 0.7541163556531284, 'GTPR': 1.0, 'GTNR': 1.0, 'GFPR': 0.0, 'GFNR': 0.0, 'PPV': 0.896, 'NPV': 0.796021377672209, 'FDR': 0.104, 'FOR': 0.203978622327791, 'ACC': 0.8029297954671089, 'MCC': 0.404363772946962, 'f1_score': 0.3858742463393626, 'fitness': 0.7793356030847737, 'solution': {'corr_type': 'spearman', 'l2': 0.001, 'dropout': 0.15925619451445633, 'privileged_demotion': 0.7449766665763768, 'privileged_promotion': 0.04746592364684664, 'protected_demotion': 0.2279466245848062, 'protected_promotion': 0.04285480730065641}, 'corr': [0.09077788948924177, 0.003141075549940012, 1.0, 0.06707254648541233, 0.04405878060156745, 0.2677560392081955, 0.010390263878949348, 0.045649186253023374, 0.07002273346247687, 0.08772513656205903, 0.10499569131361021, 0.024349853858702288, 0.003346207210477006, 0.008721447166909934, 0.008516580176061817, 0.0064545950188989645, 0.006653656197700689, 0.02348965126105743, 0.027322650488287213, 0.015293781228612156, 0.022490956952876926, 0.008013507009928358, 0.014758288444036838, 0.03088991124156633, 0.010168198997268972, 0.008915108933240651, 0.005859625495151363, 0.045407637037739035, 0.06027718668441726, 0.2382555898602624, 0.016770186270579, 0.43890547344808195, 0.04129306156156269, 0.17833471061716483, 0.10536512582235072, 0.17875435225657393, 0.2765617988271952, 0.013594606541588564, 0.2272716168319427, 0.030270771185392963, 0.10063989947259931, 0.09094864930649048, 0.03654930373512998, 0.16759285263139206, 0.09343746923482214, 0.032230119495643444, 0.06373959815699029, 0.024696464629648984, 0.023062552121285614, 0.13523261435162304, 0.5825583998277074, 0.17412400734749697, 0.05210730382736026, 0.09910031727609238, 0.3229484116796712, 0.3163103844729845, 0.01425359020016891, 0.009019626372626512, 0.11712564408777118, 0.008644996944516207, 0.10872337687998798, 0.00386413442277796, 0.0012165817227382818, 0.0077754915797785444, 0.006133808140235992, 0.005873344250115684, 0.016799959016742954, 0.0011296962672038915, 0.002941229852465713, 0.0006657435531939935, 0.0012391546162224569, 0.016459449708140943, 0.014067242999868043, 0.004543566853862858, 0.013560064045063911, 0.008431526701740027, 0.014807632238338692, 0.0012391546162224569, 0.002259065718351871, 0.025990996724321355, 0.015591863846867718, 0.0012391546162224569, 0.010439404598234805, 0.020954511614776856, 0.0045904961535360765, 0.0019397078144089766, 0.03706729665842563, 0.010509513298174471, 0.011124648313213088, 0.005614548950236409, 0.014934956403765385, 0.006250212862476142, 0.007230805391550742, 0.009069031626643523, 0.0008760177282006686, 0.004334581508291528, 0.00639357728064353, 0.01088486940318393, 0.011802109319463574, 0.006249501806707717, 0.005091264582455193, 0.00782771201716572]}, {'overall_acc': 0.7997512437810945, 'bal_acc': 0.6109173598391291, 'avg_odds_diff': 0.0991784535133111, 'disp_imp': 0.8808089523361309, 'stat_par_diff': 0.00799777261672973, 'eq_opp_diff': 0.18949322234096408, 'theil_ind': 0.21842079217980648, 'TPR': 0.2305159165751921, 'TNR': 0.9913188031030661, 'FPR': 0.008681196896933875, 'FNR': 0.7694840834248079, 'GTPR': 1.0, 'GTNR': 1.0, 'GFPR': 0.0, 'GFNR': 0.0, 'PPV': 0.8993576017130621, 'NPV': 0.7928793027035013, 'FDR': 0.1006423982869379, 'FOR': 0.20712069729649873, 'ACC': 0.7997512437810945, 'MCC': 0.3918701055735096, 'f1_score': 0.3669724770642202, 'fitness': 0.7917534711643648, 'solution': {'corr_type': 'spearman', 'l2': 0.001, 'dropout': 0.15769108838484877, 'privileged_demotion': 0.7396368594982509, 'privileged_promotion': 0.03933856012545763, 'protected_demotion': 0.22230650734571994, 'protected_promotion': 0.048960454214850097}, 'corr': [0.09077788948924177, 0.003141075549940012, 1.0, 0.06707254648541233, 0.04405878060156745, 0.2677560392081955, 0.010390263878949348, 0.045649186253023374, 0.07002273346247687, 0.08772513656205903, 0.10499569131361021, 0.024349853858702288, 0.003346207210477006, 0.008721447166909934, 0.008516580176061817, 0.0064545950188989645, 0.006653656197700689, 0.02348965126105743, 0.027322650488287213, 0.015293781228612156, 0.022490956952876926, 0.008013507009928358, 0.014758288444036838, 0.03088991124156633, 0.010168198997268972, 0.008915108933240651, 0.005859625495151363, 0.045407637037739035, 0.06027718668441726, 0.2382555898602624, 0.016770186270579, 0.43890547344808195, 0.04129306156156269, 0.17833471061716483, 0.10536512582235072, 0.17875435225657393, 0.2765617988271952, 0.013594606541588564, 0.2272716168319427, 0.030270771185392963, 0.10063989947259931, 0.09094864930649048, 0.03654930373512998, 0.16759285263139206, 0.09343746923482214, 0.032230119495643444, 0.06373959815699029, 0.024696464629648984, 0.023062552121285614, 0.13523261435162304, 0.5825583998277074, 0.17412400734749697, 0.05210730382736026, 0.09910031727609238, 0.3229484116796712, 0.3163103844729845, 0.01425359020016891, 0.009019626372626512, 0.11712564408777118, 0.008644996944516207, 0.10872337687998798, 0.00386413442277796, 0.0012165817227382818, 0.0077754915797785444, 0.006133808140235992, 0.005873344250115684, 0.016799959016742954, 0.0011296962672038915, 0.002941229852465713, 0.0006657435531939935, 0.0012391546162224569, 0.016459449708140943, 0.014067242999868043, 0.004543566853862858, 0.013560064045063911, 0.008431526701740027, 0.014807632238338692, 0.0012391546162224569, 0.002259065718351871, 0.025990996724321355, 0.015591863846867718, 0.0012391546162224569, 0.010439404598234805, 0.020954511614776856, 0.0045904961535360765, 0.0019397078144089766, 0.03706729665842563, 0.010509513298174471, 0.011124648313213088, 0.005614548950236409, 0.014934956403765385, 0.006250212862476142, 0.007230805391550742, 0.009069031626643523, 0.0008760177282006686, 0.004334581508291528, 0.00639357728064353, 0.01088486940318393, 0.011802109319463574, 0.006249501806707717, 0.005091264582455193, 0.00782771201716572]}, {'overall_acc': 0.42177998894416807, 'bal_acc': 0.4226023761626259, 'avg_odds_diff': 0.5072050998612346, 'disp_imp': 0.07010496300943986, 'stat_par_diff': 0.7152893299990422, 'eq_opp_diff': 0.11142827680596956, 'theil_ind': 0.2129038585452604, 'TPR': 0.4242590559824369, 'TNR': 0.4209456963428149, 'FPR': 0.579054303657185, 'FNR': 0.5757409440175631, 'GTPR': 1.0, 'GTNR': 1.0, 'GFPR': 0.0, 'GFNR': 0.0, 'PPV': 0.19779938587512794, 'NPV': 0.6847956730769231, 'FDR': 0.8022006141248721, 'FOR': 0.3152043269230769, 'ACC': 0.42177998894416807, 'MCC': -0.13480996598084455, 'f1_score': 0.2698080279232112, 'fitness': -0.2935093410548741, 'solution': {'corr_type': 'spearman', 'l2': 0.001, 'dropout': 0.10368971819708087, 'privileged_demotion': 0.7431940759019154, 'privileged_promotion': 0.6166899685590359, 'protected_demotion': 0.22127228661400986, 'protected_promotion': 0.04220916369762391}, 'corr': [0.09077788948924177, 0.003141075549940012, 1.0, 0.06707254648541233, 0.04405878060156745, 0.2677560392081955, 0.010390263878949348, 0.045649186253023374, 0.07002273346247687, 0.08772513656205903, 0.10499569131361021, 0.024349853858702288, 0.003346207210477006, 0.008721447166909934, 0.008516580176061817, 0.0064545950188989645, 0.006653656197700689, 0.02348965126105743, 0.027322650488287213, 0.015293781228612156, 0.022490956952876926, 0.008013507009928358, 0.014758288444036838, 0.03088991124156633, 0.010168198997268972, 0.008915108933240651, 0.005859625495151363, 0.045407637037739035, 0.06027718668441726, 0.2382555898602624, 0.016770186270579, 0.43890547344808195, 0.04129306156156269, 0.17833471061716483, 0.10536512582235072, 0.17875435225657393, 0.2765617988271952, 0.013594606541588564, 0.2272716168319427, 0.030270771185392963, 0.10063989947259931, 0.09094864930649048, 0.03654930373512998, 0.16759285263139206, 0.09343746923482214, 0.032230119495643444, 0.06373959815699029, 0.024696464629648984, 0.023062552121285614, 0.13523261435162304, 0.5825583998277074, 0.17412400734749697, 0.05210730382736026, 0.09910031727609238, 0.3229484116796712, 0.3163103844729845, 0.01425359020016891, 0.009019626372626512, 0.11712564408777118, 0.008644996944516207, 0.10872337687998798, 0.00386413442277796, 0.0012165817227382818, 0.0077754915797785444, 0.006133808140235992, 0.005873344250115684, 0.016799959016742954, 0.0011296962672038915, 0.002941229852465713, 0.0006657435531939935, 0.0012391546162224569, 0.016459449708140943, 0.014067242999868043, 0.004543566853862858, 0.013560064045063911, 0.008431526701740027, 0.014807632238338692, 0.0012391546162224569, 0.002259065718351871, 0.025990996724321355, 0.015591863846867718, 0.0012391546162224569, 0.010439404598234805, 0.020954511614776856, 0.0045904961535360765, 0.0019397078144089766, 0.03706729665842563, 0.010509513298174471, 0.011124648313213088, 0.005614548950236409, 0.014934956403765385, 0.006250212862476142, 0.007230805391550742, 0.009069031626643523, 0.0008760177282006686, 0.004334581508291528, 0.00639357728064353, 0.01088486940318393, 0.011802109319463574, 0.006249501806707717, 0.005091264582455193, 0.00782771201716572]}, {'overall_acc': 0.4244057490326147, 'bal_acc': 0.4460234818296428, 'avg_odds_diff': 0.5247323100979411, 'disp_imp': 0.0822388916384908, 'stat_par_diff': 0.7414121357300276, 'eq_opp_diff': 0.12862084481691882, 'theil_ind': 0.19351137866794588, 'TPR': 0.48957189901207465, 'TNR': 0.40247506464721094, 'FPR': 0.597524935352789, 'FNR': 0.5104281009879253, 'GTPR': 1.0, 'GTNR': 1.0, 'GFPR': 0.0, 'GFNR': 0.0, 'PPV': 0.2161376302398837, 'NPV': 0.7008684464458025, 'FDR': 0.7838623697601164, 'FOR': 0.2991315535541975, 'ACC': 0.4244057490326147, 'MCC': -0.09465435024133115, 'f1_score': 0.2998823331652378, 'fitness': -0.31700638669741293, 'solution': {'corr_type': 'spearman', 'l2': 0.001, 'dropout': 0.0981474389792746, 'privileged_demotion': 0.850492655023511, 'privileged_promotion': 0.572746977527237, 'protected_demotion': 0.21954772347745077, 'protected_promotion': 0.13353203034394398}, 'corr': [0.09077788948924177, 0.003141075549940012, 1.0, 0.06707254648541233, 0.04405878060156745, 0.2677560392081955, 0.010390263878949348, 0.045649186253023374, 0.07002273346247687, 0.08772513656205903, 0.10499569131361021, 0.024349853858702288, 0.003346207210477006, 0.008721447166909934, 0.008516580176061817, 0.0064545950188989645, 0.006653656197700689, 0.02348965126105743, 0.027322650488287213, 0.015293781228612156, 0.022490956952876926, 0.008013507009928358, 0.014758288444036838, 0.03088991124156633, 0.010168198997268972, 0.008915108933240651, 0.005859625495151363, 0.045407637037739035, 0.06027718668441726, 0.2382555898602624, 0.016770186270579, 0.43890547344808195, 0.04129306156156269, 0.17833471061716483, 0.10536512582235072, 0.17875435225657393, 0.2765617988271952, 0.013594606541588564, 0.2272716168319427, 0.030270771185392963, 0.10063989947259931, 0.09094864930649048, 0.03654930373512998, 0.16759285263139206, 0.09343746923482214, 0.032230119495643444, 0.06373959815699029, 0.024696464629648984, 0.023062552121285614, 0.13523261435162304, 0.5825583998277074, 0.17412400734749697, 0.05210730382736026, 0.09910031727609238, 0.3229484116796712, 0.3163103844729845, 0.01425359020016891, 0.009019626372626512, 0.11712564408777118, 0.008644996944516207, 0.10872337687998798, 0.00386413442277796, 0.0012165817227382818, 0.0077754915797785444, 0.006133808140235992, 0.005873344250115684, 0.016799959016742954, 0.0011296962672038915, 0.002941229852465713, 0.0006657435531939935, 0.0012391546162224569, 0.016459449708140943, 0.014067242999868043, 0.004543566853862858, 0.013560064045063911, 0.008431526701740027, 0.014807632238338692, 0.0012391546162224569, 0.002259065718351871, 0.025990996724321355, 0.015591863846867718, 0.0012391546162224569, 0.010439404598234805, 0.020954511614776856, 0.0045904961535360765, 0.0019397078144089766, 0.03706729665842563, 0.010509513298174471, 0.011124648313213088, 0.005614548950236409, 0.014934956403765385, 0.006250212862476142, 0.007230805391550742, 0.009069031626643523, 0.0008760177282006686, 0.004334581508291528, 0.00639357728064353, 0.01088486940318393, 0.011802109319463574, 0.006249501806707717, 0.005091264582455193, 0.00782771201716572]}, {'overall_acc': 0.4244057490326147, 'bal_acc': 0.4503931750711758, 'avg_odds_diff': 0.48020993431610526, 'disp_imp': 0.10843310420571264, 'stat_par_diff': 0.7200698881852196, 'eq_opp_diff': 0.05447437988638287, 'theil_ind': 0.18960988228253095, 'TPR': 0.5027442371020856, 'TNR': 0.398042113040266, 'FPR': 0.6019578869597341, 'FNR': 0.4972557628979144, 'GTPR': 1.0, 'GTNR': 1.0, 'GFPR': 0.0, 'GFNR': 0.0, 'PPV': 0.21940119760479043, 'NPV': 0.7040182946749428, 'FDR': 0.7805988023952096, 'FOR': 0.2959817053250572, 'ACC': 0.4244057490326147, 'MCC': -0.08716554180913172, 'f1_score': 0.3054860763715191, 'fitness': -0.29566413915260487, 'solution': {'corr_type': 'spearman', 'l2': 0.001, 'dropout': 0.14594850252788774, 'privileged_demotion': 0.8457006907863069, 'privileged_promotion': 0.6200091095935218, 'protected_demotion': 0.14192893909798898, 'protected_promotion': 0.3420908563532854}, 'corr': [0.09077788948924177, 0.003141075549940012, 1.0, 0.06707254648541233, 0.04405878060156745, 0.2677560392081955, 0.010390263878949348, 0.045649186253023374, 0.07002273346247687, 0.08772513656205903, 0.10499569131361021, 0.024349853858702288, 0.003346207210477006, 0.008721447166909934, 0.008516580176061817, 0.0064545950188989645, 0.006653656197700689, 0.02348965126105743, 0.027322650488287213, 0.015293781228612156, 0.022490956952876926, 0.008013507009928358, 0.014758288444036838, 0.03088991124156633, 0.010168198997268972, 0.008915108933240651, 0.005859625495151363, 0.045407637037739035, 0.06027718668441726, 0.2382555898602624, 0.016770186270579, 0.43890547344808195, 0.04129306156156269, 0.17833471061716483, 0.10536512582235072, 0.17875435225657393, 0.2765617988271952, 0.013594606541588564, 0.2272716168319427, 0.030270771185392963, 0.10063989947259931, 0.09094864930649048, 0.03654930373512998, 0.16759285263139206, 0.09343746923482214, 0.032230119495643444, 0.06373959815699029, 0.024696464629648984, 0.023062552121285614, 0.13523261435162304, 0.5825583998277074, 0.17412400734749697, 0.05210730382736026, 0.09910031727609238, 0.3229484116796712, 0.3163103844729845, 0.01425359020016891, 0.009019626372626512, 0.11712564408777118, 0.008644996944516207, 0.10872337687998798, 0.00386413442277796, 0.0012165817227382818, 0.0077754915797785444, 0.006133808140235992, 0.005873344250115684, 0.016799959016742954, 0.0011296962672038915, 0.002941229852465713, 0.0006657435531939935, 0.0012391546162224569, 0.016459449708140943, 0.014067242999868043, 0.004543566853862858, 0.013560064045063911, 0.008431526701740027, 0.014807632238338692, 0.0012391546162224569, 0.002259065718351871, 0.025990996724321355, 0.015591863846867718, 0.0012391546162224569, 0.010439404598234805, 0.020954511614776856, 0.0045904961535360765, 0.0019397078144089766, 0.03706729665842563, 0.010509513298174471, 0.011124648313213088, 0.005614548950236409, 0.014934956403765385, 0.006250212862476142, 0.007230805391550742, 0.009069031626643523, 0.0008760177282006686, 0.004334581508291528, 0.00639357728064353, 0.01088486940318393, 0.011802109319463574, 0.006249501806707717, 0.005091264582455193, 0.00782771201716572]}, {'overall_acc': 0.42882808181315646, 'bal_acc': 0.4506174178665143, 'avg_odds_diff': 0.5242871069240151, 'disp_imp': 0.0775302941217401, 'stat_par_diff': 0.7442781197488685, 'eq_opp_diff': 0.12590228171813184, 'theil_ind': 0.19232375704385185, 'TPR': 0.49451152579582874, 'TNR': 0.40672330993719985, 'FPR': 0.5932766900628001, 'FNR': 0.5054884742041712, 'GTPR': 1.0, 'GTNR': 1.0, 'GFPR': 0.0, 'GFNR': 0.0, 'PPV': 0.21906151227814247, 'NPV': 0.7050912584053795, 'FDR': 0.7809384877218575, 'FOR': 0.29490874159462055, 'ACC': 0.42882808181315646, 'MCC': -0.0865509333435325, 'f1_score': 0.30362257792754843, 'fitness': -0.315450037935712, 'solution': {'corr_type': 'spearman', 'l2': 0.001, 'dropout': 0.14722076209237353, 'privileged_demotion': 0.8309966859621276, 'privileged_promotion': 0.576658367560819, 'protected_demotion': 0.14376426275594298, 'protected_promotion': 0.13006620833581092}, 'corr': [0.09077788948924177, 0.003141075549940012, 1.0, 0.06707254648541233, 0.04405878060156745, 0.2677560392081955, 0.010390263878949348, 0.045649186253023374, 0.07002273346247687, 0.08772513656205903, 0.10499569131361021, 0.024349853858702288, 0.003346207210477006, 0.008721447166909934, 0.008516580176061817, 0.0064545950188989645, 0.006653656197700689, 0.02348965126105743, 0.027322650488287213, 0.015293781228612156, 0.022490956952876926, 0.008013507009928358, 0.014758288444036838, 0.03088991124156633, 0.010168198997268972, 0.008915108933240651, 0.005859625495151363, 0.045407637037739035, 0.06027718668441726, 0.2382555898602624, 0.016770186270579, 0.43890547344808195, 0.04129306156156269, 0.17833471061716483, 0.10536512582235072, 0.17875435225657393, 0.2765617988271952, 0.013594606541588564, 0.2272716168319427, 0.030270771185392963, 0.10063989947259931, 0.09094864930649048, 0.03654930373512998, 0.16759285263139206, 0.09343746923482214, 0.032230119495643444, 0.06373959815699029, 0.024696464629648984, 0.023062552121285614, 0.13523261435162304, 0.5825583998277074, 0.17412400734749697, 0.05210730382736026, 0.09910031727609238, 0.3229484116796712, 0.3163103844729845, 0.01425359020016891, 0.009019626372626512, 0.11712564408777118, 0.008644996944516207, 0.10872337687998798, 0.00386413442277796, 0.0012165817227382818, 0.0077754915797785444, 0.006133808140235992, 0.005873344250115684, 0.016799959016742954, 0.0011296962672038915, 0.002941229852465713, 0.0006657435531939935, 0.0012391546162224569, 0.016459449708140943, 0.014067242999868043, 0.004543566853862858, 0.013560064045063911, 0.008431526701740027, 0.014807632238338692, 0.0012391546162224569, 0.002259065718351871, 0.025990996724321355, 0.015591863846867718, 0.0012391546162224569, 0.010439404598234805, 0.020954511614776856, 0.0045904961535360765, 0.0019397078144089766, 0.03706729665842563, 0.010509513298174471, 0.011124648313213088, 0.005614548950236409, 0.014934956403765385, 0.006250212862476142, 0.007230805391550742, 0.009069031626643523, 0.0008760177282006686, 0.004334581508291528, 0.00639357728064353, 0.01088486940318393, 0.011802109319463574, 0.006249501806707717, 0.005091264582455193, 0.00782771201716572]}, {'overall_acc': 0.42606412382531783, 'bal_acc': 0.3985188824193243, 'avg_odds_diff': 0.464971476412005, 'disp_imp': 0.10182958223146057, 'stat_par_diff': 0.6240439848546359, 'eq_opp_diff': 0.09105311509833697, 'theil_ind': 0.23797347794827292, 'TPR': 0.3430296377607025, 'TNR': 0.4540081270779461, 'FPR': 0.545991872922054, 'FNR': 0.6569703622392975, 'GTPR': 1.0, 'GTNR': 1.0, 'GFPR': 0.0, 'GFNR': 0.0, 'PPV': 0.17453225356045798, 'NPV': 0.6725034199726402, 'FDR': 0.825467746439542, 'FOR': 0.32749658002735976, 'ACC': 0.42606412382531783, 'MCC': -0.17619869919971898, 'f1_score': 0.23135295206366832, 'fitness': -0.19797986102931803, 'solution': {'corr_type': 'spearman', 'l2': 0.001, 'dropout': 0.10180833650345492, 'privileged_demotion': 0.600841985597877, 'privileged_promotion': 0.6285964292352046, 'protected_demotion': 0.22282142753440076, 'protected_promotion': 0.3522564006335958}, 'corr': [0.09077788948924177, 0.003141075549940012, 1.0, 0.06707254648541233, 0.04405878060156745, 0.2677560392081955, 0.010390263878949348, 0.045649186253023374, 0.07002273346247687, 0.08772513656205903, 0.10499569131361021, 0.024349853858702288, 0.003346207210477006, 0.008721447166909934, 0.008516580176061817, 0.0064545950188989645, 0.006653656197700689, 0.02348965126105743, 0.027322650488287213, 0.015293781228612156, 0.022490956952876926, 0.008013507009928358, 0.014758288444036838, 0.03088991124156633, 0.010168198997268972, 0.008915108933240651, 0.005859625495151363, 0.045407637037739035, 0.06027718668441726, 0.2382555898602624, 0.016770186270579, 0.43890547344808195, 0.04129306156156269, 0.17833471061716483, 0.10536512582235072, 0.17875435225657393, 0.2765617988271952, 0.013594606541588564, 0.2272716168319427, 0.030270771185392963, 0.10063989947259931, 0.09094864930649048, 0.03654930373512998, 0.16759285263139206, 0.09343746923482214, 0.032230119495643444, 0.06373959815699029, 0.024696464629648984, 0.023062552121285614, 0.13523261435162304, 0.5825583998277074, 0.17412400734749697, 0.05210730382736026, 0.09910031727609238, 0.3229484116796712, 0.3163103844729845, 0.01425359020016891, 0.009019626372626512, 0.11712564408777118, 0.008644996944516207, 0.10872337687998798, 0.00386413442277796, 0.0012165817227382818, 0.0077754915797785444, 0.006133808140235992, 0.005873344250115684, 0.016799959016742954, 0.0011296962672038915, 0.002941229852465713, 0.0006657435531939935, 0.0012391546162224569, 0.016459449708140943, 0.014067242999868043, 0.004543566853862858, 0.013560064045063911, 0.008431526701740027, 0.014807632238338692, 0.0012391546162224569, 0.002259065718351871, 0.025990996724321355, 0.015591863846867718, 0.0012391546162224569, 0.010439404598234805, 0.020954511614776856, 0.0045904961535360765, 0.0019397078144089766, 0.03706729665842563, 0.010509513298174471, 0.011124648313213088, 0.005614548950236409, 0.014934956403765385, 0.006250212862476142, 0.007230805391550742, 0.009069031626643523, 0.0008760177282006686, 0.004334581508291528, 0.00639357728064353, 0.01088486940318393, 0.011802109319463574, 0.006249501806707717, 0.005091264582455193, 0.00782771201716572]}, {'overall_acc': 0.8175787728026535, 'bal_acc': 0.6607015920427464, 'avg_odds_diff': 0.1862109164816512, 'disp_imp': 1.1036036349467004, 'stat_par_diff': 0.010448841588768493, 'eq_opp_diff': 0.345313759679022, 'theil_ind': 0.18801317405754348, 'TPR': 0.3446761800219539, 'TNR': 0.976727004063539, 'FPR': 0.023272995936461028, 'FNR': 0.6553238199780461, 'GTPR': 1.0, 'GTNR': 1.0, 'GFPR': 0.0, 'GFNR': 0.0, 'PPV': 0.8328912466843501, 'NPV': 0.8157975933353903, 'FDR': 0.16710875331564987, 'FOR': 0.18420240666460969, 'ACC': 0.8175787728026535, 'MCC': 0.45660777332746916, 'f1_score': 0.48757763975155277, 'fitness': 0.807129931213885, 'solution': {'corr_type': 'spearman', 'l2': 0.001, 'dropout': 0.1917227569269358, 'privileged_demotion': 0.7013090465329442, 'privileged_promotion': 0.16569204605180132, 'protected_demotion': 0.19914432769818927, 'protected_promotion': 0.4737958706709015}, 'corr': [0.09077788948924177, 0.003141075549940012, 1.0, 0.06707254648541233, 0.04405878060156745, 0.2677560392081955, 0.010390263878949348, 0.045649186253023374, 0.07002273346247687, 0.08772513656205903, 0.10499569131361021, 0.024349853858702288, 0.003346207210477006, 0.008721447166909934, 0.008516580176061817, 0.0064545950188989645, 0.006653656197700689, 0.02348965126105743, 0.027322650488287213, 0.015293781228612156, 0.022490956952876926, 0.008013507009928358, 0.014758288444036838, 0.03088991124156633, 0.010168198997268972, 0.008915108933240651, 0.005859625495151363, 0.045407637037739035, 0.06027718668441726, 0.2382555898602624, 0.016770186270579, 0.43890547344808195, 0.04129306156156269, 0.17833471061716483, 0.10536512582235072, 0.17875435225657393, 0.2765617988271952, 0.013594606541588564, 0.2272716168319427, 0.030270771185392963, 0.10063989947259931, 0.09094864930649048, 0.03654930373512998, 0.16759285263139206, 0.09343746923482214, 0.032230119495643444, 0.06373959815699029, 0.024696464629648984, 0.023062552121285614, 0.13523261435162304, 0.5825583998277074, 0.17412400734749697, 0.05210730382736026, 0.09910031727609238, 0.3229484116796712, 0.3163103844729845, 0.01425359020016891, 0.009019626372626512, 0.11712564408777118, 0.008644996944516207, 0.10872337687998798, 0.00386413442277796, 0.0012165817227382818, 0.0077754915797785444, 0.006133808140235992, 0.005873344250115684, 0.016799959016742954, 0.0011296962672038915, 0.002941229852465713, 0.0006657435531939935, 0.0012391546162224569, 0.016459449708140943, 0.014067242999868043, 0.004543566853862858, 0.013560064045063911, 0.008431526701740027, 0.014807632238338692, 0.0012391546162224569, 0.002259065718351871, 0.025990996724321355, 0.015591863846867718, 0.0012391546162224569, 0.010439404598234805, 0.020954511614776856, 0.0045904961535360765, 0.0019397078144089766, 0.03706729665842563, 0.010509513298174471, 0.011124648313213088, 0.005614548950236409, 0.014934956403765385, 0.006250212862476142, 0.007230805391550742, 0.009069031626643523, 0.0008760177282006686, 0.004334581508291528, 0.00639357728064353, 0.01088486940318393, 0.011802109319463574, 0.006249501806707717, 0.005091264582455193, 0.00782771201716572]}, {'overall_acc': 0.8164731896075179, 'bal_acc': 0.6528620152574311, 'avg_odds_diff': 0.09824869343797257, 'disp_imp': 0.7634589357727662, 'stat_par_diff': 0.024192792864233134, 'eq_opp_diff': 0.18692933610814255, 'theil_ind': 0.19270463013562933, 'TPR': 0.3232711306256861, 'TNR': 0.9824528998891762, 'FPR': 0.01754710011082379, 'FNR': 0.676728869374314, 'GTPR': 1.0, 'GTNR': 1.0, 'GFPR': 0.0, 'GFNR': 0.0, 'PPV': 0.8611111111111112, 'NPV': 0.8118131868131868, 'FDR': 0.1388888888888889, 'FOR': 0.18818681318681318, 'ACC': 0.8164731896075179, 'MCC': 0.4535737300514663, 'f1_score': 0.4700718276137271, 'fitness': 0.7922803967432848, 'solution': {'corr_type': 'spearman', 'l2': 0.001, 'dropout': 0.19215767388597152, 'privileged_demotion': 0.6946839015045551, 'privileged_promotion': 0.14270010655333534, 'protected_demotion': 0.13251419563237796, 'protected_promotion': 0.1343851839889055}, 'corr': [0.09077788948924177, 0.003141075549940012, 1.0, 0.06707254648541233, 0.04405878060156745, 0.2677560392081955, 0.010390263878949348, 0.045649186253023374, 0.07002273346247687, 0.08772513656205903, 0.10499569131361021, 0.024349853858702288, 0.003346207210477006, 0.008721447166909934, 0.008516580176061817, 0.0064545950188989645, 0.006653656197700689, 0.02348965126105743, 0.027322650488287213, 0.015293781228612156, 0.022490956952876926, 0.008013507009928358, 0.014758288444036838, 0.03088991124156633, 0.010168198997268972, 0.008915108933240651, 0.005859625495151363, 0.045407637037739035, 0.06027718668441726, 0.2382555898602624, 0.016770186270579, 0.43890547344808195, 0.04129306156156269, 0.17833471061716483, 0.10536512582235072, 0.17875435225657393, 0.2765617988271952, 0.013594606541588564, 0.2272716168319427, 0.030270771185392963, 0.10063989947259931, 0.09094864930649048, 0.03654930373512998, 0.16759285263139206, 0.09343746923482214, 0.032230119495643444, 0.06373959815699029, 0.024696464629648984, 0.023062552121285614, 0.13523261435162304, 0.5825583998277074, 0.17412400734749697, 0.05210730382736026, 0.09910031727609238, 0.3229484116796712, 0.3163103844729845, 0.01425359020016891, 0.009019626372626512, 0.11712564408777118, 0.008644996944516207, 0.10872337687998798, 0.00386413442277796, 0.0012165817227382818, 0.0077754915797785444, 0.006133808140235992, 0.005873344250115684, 0.016799959016742954, 0.0011296962672038915, 0.002941229852465713, 0.0006657435531939935, 0.0012391546162224569, 0.016459449708140943, 0.014067242999868043, 0.004543566853862858, 0.013560064045063911, 0.008431526701740027, 0.014807632238338692, 0.0012391546162224569, 0.002259065718351871, 0.025990996724321355, 0.015591863846867718, 0.0012391546162224569, 0.010439404598234805, 0.020954511614776856, 0.0045904961535360765, 0.0019397078144089766, 0.03706729665842563, 0.010509513298174471, 0.011124648313213088, 0.005614548950236409, 0.014934956403765385, 0.006250212862476142, 0.007230805391550742, 0.009069031626643523, 0.0008760177282006686, 0.004334581508291528, 0.00639357728064353, 0.01088486940318393, 0.011802109319463574, 0.006249501806707717, 0.005091264582455193, 0.00782771201716572]}, {'overall_acc': 0.42205638474295193, 'bal_acc': 0.38345984330578486, 'avg_odds_diff': 0.5370900051513795, 'disp_imp': 0.153230754481833, 'stat_par_diff': 0.5578552979826883, 'eq_opp_diff': 0.2759482160601458, 'theil_ind': 0.24934183600880727, 'TPR': 0.3057080131723381, 'TNR': 0.46121167343923164, 'FPR': 0.5387883265607684, 'FNR': 0.6942919868276619, 'GTPR': 1.0, 'GTNR': 1.0, 'GFPR': 0.0, 'GFNR': 0.0, 'PPV': 0.16033390903857225, 'NPV': 0.6637426900584795, 'FDR': 0.8396660909614277, 'FOR': 0.3362573099415205, 'ACC': 0.42205638474295193, 'MCC': -0.20249513923750767, 'f1_score': 0.21034743202416917, 'fitness': -0.13579891323973636, 'solution': {'corr_type': 'spearman', 'l2': 0.001, 'dropout': 0.19476341982094164, 'privileged_demotion': 0.6130914835339885, 'privileged_promotion': 0.8495693534977505, 'protected_demotion': 0.1861351197195369, 'protected_promotion': 0.4759585409276858}, 'corr': [0.09077788948924177, 0.003141075549940012, 1.0, 0.06707254648541233, 0.04405878060156745, 0.2677560392081955, 0.010390263878949348, 0.045649186253023374, 0.07002273346247687, 0.08772513656205903, 0.10499569131361021, 0.024349853858702288, 0.003346207210477006, 0.008721447166909934, 0.008516580176061817, 0.0064545950188989645, 0.006653656197700689, 0.02348965126105743, 0.027322650488287213, 0.015293781228612156, 0.022490956952876926, 0.008013507009928358, 0.014758288444036838, 0.03088991124156633, 0.010168198997268972, 0.008915108933240651, 0.005859625495151363, 0.045407637037739035, 0.06027718668441726, 0.2382555898602624, 0.016770186270579, 0.43890547344808195, 0.04129306156156269, 0.17833471061716483, 0.10536512582235072, 0.17875435225657393, 0.2765617988271952, 0.013594606541588564, 0.2272716168319427, 0.030270771185392963, 0.10063989947259931, 0.09094864930649048, 0.03654930373512998, 0.16759285263139206, 0.09343746923482214, 0.032230119495643444, 0.06373959815699029, 0.024696464629648984, 0.023062552121285614, 0.13523261435162304, 0.5825583998277074, 0.17412400734749697, 0.05210730382736026, 0.09910031727609238, 0.3229484116796712, 0.3163103844729845, 0.01425359020016891, 0.009019626372626512, 0.11712564408777118, 0.008644996944516207, 0.10872337687998798, 0.00386413442277796, 0.0012165817227382818, 0.0077754915797785444, 0.006133808140235992, 0.005873344250115684, 0.016799959016742954, 0.0011296962672038915, 0.002941229852465713, 0.0006657435531939935, 0.0012391546162224569, 0.016459449708140943, 0.014067242999868043, 0.004543566853862858, 0.013560064045063911, 0.008431526701740027, 0.014807632238338692, 0.0012391546162224569, 0.002259065718351871, 0.025990996724321355, 0.015591863846867718, 0.0012391546162224569, 0.010439404598234805, 0.020954511614776856, 0.0045904961535360765, 0.0019397078144089766, 0.03706729665842563, 0.010509513298174471, 0.011124648313213088, 0.005614548950236409, 0.014934956403765385, 0.006250212862476142, 0.007230805391550742, 0.009069031626643523, 0.0008760177282006686, 0.004334581508291528, 0.00639357728064353, 0.01088486940318393, 0.011802109319463574, 0.006249501806707717, 0.005091264582455193, 0.00782771201716572]}, {'overall_acc': 0.8254560530679934, 'bal_acc': 0.6830803539386645, 'avg_odds_diff': 0.16936928872783297, 'disp_imp': 0.936431496319696, 'stat_par_diff': 0.007936368698598345, 'eq_opp_diff': 0.31867184131090986, 'theil_ind': 0.17455098707940409, 'TPR': 0.39626783754116357, 'TNR': 0.9698928703361654, 'FPR': 0.030107129663834505, 'FNR': 0.6037321624588364, 'GTPR': 1.0, 'GTNR': 1.0, 'GFPR': 0.0, 'GFNR': 0.0, 'PPV': 0.8158192090395481, 'NPV': 0.826798929302472, 'FDR': 0.18418079096045198, 'FOR': 0.17320107069752794, 'ACC': 0.8254560530679934, 'MCC': 0.48507887238069386, 'f1_score': 0.5334318433690433, 'fitness': 0.817519684369395, 'solution': {'corr_type': 'spearman', 'l2': 0.001, 'dropout': 0.19202225294125727, 'privileged_demotion': 0.6057297896763397, 'privileged_promotion': 0.14857603510443415, 'protected_demotion': 0.18609546506667116, 'protected_promotion': 0.4725951396454888}, 'corr': [0.09077788948924177, 0.003141075549940012, 1.0, 0.06707254648541233, 0.04405878060156745, 0.2677560392081955, 0.010390263878949348, 0.045649186253023374, 0.07002273346247687, 0.08772513656205903, 0.10499569131361021, 0.024349853858702288, 0.003346207210477006, 0.008721447166909934, 0.008516580176061817, 0.0064545950188989645, 0.006653656197700689, 0.02348965126105743, 0.027322650488287213, 0.015293781228612156, 0.022490956952876926, 0.008013507009928358, 0.014758288444036838, 0.03088991124156633, 0.010168198997268972, 0.008915108933240651, 0.005859625495151363, 0.045407637037739035, 0.06027718668441726, 0.2382555898602624, 0.016770186270579, 0.43890547344808195, 0.04129306156156269, 0.17833471061716483, 0.10536512582235072, 0.17875435225657393, 0.2765617988271952, 0.013594606541588564, 0.2272716168319427, 0.030270771185392963, 0.10063989947259931, 0.09094864930649048, 0.03654930373512998, 0.16759285263139206, 0.09343746923482214, 0.032230119495643444, 0.06373959815699029, 0.024696464629648984, 0.023062552121285614, 0.13523261435162304, 0.5825583998277074, 0.17412400734749697, 0.05210730382736026, 0.09910031727609238, 0.3229484116796712, 0.3163103844729845, 0.01425359020016891, 0.009019626372626512, 0.11712564408777118, 0.008644996944516207, 0.10872337687998798, 0.00386413442277796, 0.0012165817227382818, 0.0077754915797785444, 0.006133808140235992, 0.005873344250115684, 0.016799959016742954, 0.0011296962672038915, 0.002941229852465713, 0.0006657435531939935, 0.0012391546162224569, 0.016459449708140943, 0.014067242999868043, 0.004543566853862858, 0.013560064045063911, 0.008431526701740027, 0.014807632238338692, 0.0012391546162224569, 0.002259065718351871, 0.025990996724321355, 0.015591863846867718, 0.0012391546162224569, 0.010439404598234805, 0.020954511614776856, 0.0045904961535360765, 0.0019397078144089766, 0.03706729665842563, 0.010509513298174471, 0.011124648313213088, 0.005614548950236409, 0.014934956403765385, 0.006250212862476142, 0.007230805391550742, 0.009069031626643523, 0.0008760177282006686, 0.004334581508291528, 0.00639357728064353, 0.01088486940318393, 0.011802109319463574, 0.006249501806707717, 0.005091264582455193, 0.00782771201716572]}, {'overall_acc': 0.8229684908789386, 'bal_acc': 0.6746813866720301, 'avg_odds_diff': 0.17482665889647245, 'disp_imp': 0.9968776580446583, 'stat_par_diff': 0.0003580725625890041, 'eq_opp_diff': 0.3255244951909556, 'theil_ind': 0.17958376669311235, 'TPR': 0.37596048298573, 'TNR': 0.9734022903583303, 'FPR': 0.026597709641669746, 'FNR': 0.6240395170142701, 'GTPR': 1.0, 'GTNR': 1.0, 'GFPR': 0.0, 'GFNR': 0.0, 'PPV': 0.8262967430639324, 'NPV': 0.8225378492274075, 'FDR': 0.17370325693606756, 'FOR': 0.17746215077259248, 'ACC': 0.8229684908789386, 'MCC': 0.47610781615561104, 'f1_score': 0.5167861184458695, 'fitness': 0.8226104183163496, 'solution': {'corr_type': 'spearman', 'l2': 0.001, 'dropout': 0.19241773778055057, 'privileged_demotion': 0.6928469744397756, 'privileged_promotion': 0.14290129151012337, 'protected_demotion': 0.18131879991344177, 'protected_promotion': 0.4732192007026905}, 'corr': [0.09077788948924177, 0.003141075549940012, 1.0, 0.06707254648541233, 0.04405878060156745, 0.2677560392081955, 0.010390263878949348, 0.045649186253023374, 0.07002273346247687, 0.08772513656205903, 0.10499569131361021, 0.024349853858702288, 0.003346207210477006, 0.008721447166909934, 0.008516580176061817, 0.0064545950188989645, 0.006653656197700689, 0.02348965126105743, 0.027322650488287213, 0.015293781228612156, 0.022490956952876926, 0.008013507009928358, 0.014758288444036838, 0.03088991124156633, 0.010168198997268972, 0.008915108933240651, 0.005859625495151363, 0.045407637037739035, 0.06027718668441726, 0.2382555898602624, 0.016770186270579, 0.43890547344808195, 0.04129306156156269, 0.17833471061716483, 0.10536512582235072, 0.17875435225657393, 0.2765617988271952, 0.013594606541588564, 0.2272716168319427, 0.030270771185392963, 0.10063989947259931, 0.09094864930649048, 0.03654930373512998, 0.16759285263139206, 0.09343746923482214, 0.032230119495643444, 0.06373959815699029, 0.024696464629648984, 0.023062552121285614, 0.13523261435162304, 0.5825583998277074, 0.17412400734749697, 0.05210730382736026, 0.09910031727609238, 0.3229484116796712, 0.3163103844729845, 0.01425359020016891, 0.009019626372626512, 0.11712564408777118, 0.008644996944516207, 0.10872337687998798, 0.00386413442277796, 0.0012165817227382818, 0.0077754915797785444, 0.006133808140235992, 0.005873344250115684, 0.016799959016742954, 0.0011296962672038915, 0.002941229852465713, 0.0006657435531939935, 0.0012391546162224569, 0.016459449708140943, 0.014067242999868043, 0.004543566853862858, 0.013560064045063911, 0.008431526701740027, 0.014807632238338692, 0.0012391546162224569, 0.002259065718351871, 0.025990996724321355, 0.015591863846867718, 0.0012391546162224569, 0.010439404598234805, 0.020954511614776856, 0.0045904961535360765, 0.0019397078144089766, 0.03706729665842563, 0.010509513298174471, 0.011124648313213088, 0.005614548950236409, 0.014934956403765385, 0.006250212862476142, 0.007230805391550742, 0.009069031626643523, 0.0008760177282006686, 0.004334581508291528, 0.00639357728064353, 0.01088486940318393, 0.011802109319463574, 0.006249501806707717, 0.005091264582455193, 0.00782771201716572]}, {'overall_acc': 0.5153399668325042, 'bal_acc': 0.6484427493545416, 'avg_odds_diff': 0.7331833018184577, 'disp_imp': 0.08109637832557276, 'stat_par_diff': 0.9043297130752802, 'eq_opp_diff': 0.5122944672553762, 'theil_ind': 0.0790622199346709, 'TPR': 0.9165751920965971, 'TNR': 0.38031030661248616, 'FPR': 0.6196896933875139, 'FNR': 0.08342480790340286, 'GTPR': 1.0, 'GTNR': 1.0, 'GFPR': 0.0, 'GFNR': 0.0, 'PPV': 0.33233830845771145, 'NPV': 0.9312528267752148, 'FDR': 0.6676616915422886, 'FOR': 0.06874717322478517, 'ACC': 0.5153399668325042, 'MCC': 0.27974342823187237, 'f1_score': 0.4878048780487805, 'fitness': -0.38898974624277605, 'solution': {'corr_type': 'spearman', 'l2': 0.001, 'dropout': 0.19191217364378355, 'privileged_demotion': 0.6972374521872406, 'privileged_promotion': 0.3214672709604225, 'protected_demotion': 0.18565938588458014, 'protected_promotion': 0.2153322105406342}, 'corr': [0.09077788948924177, 0.003141075549940012, 1.0, 0.06707254648541233, 0.04405878060156745, 0.2677560392081955, 0.010390263878949348, 0.045649186253023374, 0.07002273346247687, 0.08772513656205903, 0.10499569131361021, 0.024349853858702288, 0.003346207210477006, 0.008721447166909934, 0.008516580176061817, 0.0064545950188989645, 0.006653656197700689, 0.02348965126105743, 0.027322650488287213, 0.015293781228612156, 0.022490956952876926, 0.008013507009928358, 0.014758288444036838, 0.03088991124156633, 0.010168198997268972, 0.008915108933240651, 0.005859625495151363, 0.045407637037739035, 0.06027718668441726, 0.2382555898602624, 0.016770186270579, 0.43890547344808195, 0.04129306156156269, 0.17833471061716483, 0.10536512582235072, 0.17875435225657393, 0.2765617988271952, 0.013594606541588564, 0.2272716168319427, 0.030270771185392963, 0.10063989947259931, 0.09094864930649048, 0.03654930373512998, 0.16759285263139206, 0.09343746923482214, 0.032230119495643444, 0.06373959815699029, 0.024696464629648984, 0.023062552121285614, 0.13523261435162304, 0.5825583998277074, 0.17412400734749697, 0.05210730382736026, 0.09910031727609238, 0.3229484116796712, 0.3163103844729845, 0.01425359020016891, 0.009019626372626512, 0.11712564408777118, 0.008644996944516207, 0.10872337687998798, 0.00386413442277796, 0.0012165817227382818, 0.0077754915797785444, 0.006133808140235992, 0.005873344250115684, 0.016799959016742954, 0.0011296962672038915, 0.002941229852465713, 0.0006657435531939935, 0.0012391546162224569, 0.016459449708140943, 0.014067242999868043, 0.004543566853862858, 0.013560064045063911, 0.008431526701740027, 0.014807632238338692, 0.0012391546162224569, 0.002259065718351871, 0.025990996724321355, 0.015591863846867718, 0.0012391546162224569, 0.010439404598234805, 0.020954511614776856, 0.0045904961535360765, 0.0019397078144089766, 0.03706729665842563, 0.010509513298174471, 0.011124648313213088, 0.005614548950236409, 0.014934956403765385, 0.006250212862476142, 0.007230805391550742, 0.009069031626643523, 0.0008760177282006686, 0.004334581508291528, 0.00639357728064353, 0.01088486940318393, 0.011802109319463574, 0.006249501806707717, 0.005091264582455193, 0.00782771201716572]}, {'overall_acc': 0.41887783305693754, 'bal_acc': 0.39317030652327567, 'avg_odds_diff': 0.5210845702458738, 'disp_imp': 0.1557179156343257, 'stat_par_diff': 0.5800791303520971, 'eq_opp_diff': 0.22963421264788053, 'theil_ind': 0.23806800388635507, 'TPR': 0.3413830954994512, 'TNR': 0.4449575175471001, 'FPR': 0.5550424824528999, 'FNR': 0.6586169045005489, 'GTPR': 1.0, 'GTNR': 1.0, 'GFPR': 0.0, 'GFNR': 0.0, 'PPV': 0.17149159084642956, 'NPV': 0.6674979218620116, 'FDR': 0.8285084091535705, 'FOR': 0.3325020781379884, 'ACC': 0.41887783305693754, 'MCC': -0.18547614943110746, 'f1_score': 0.22829877041659022, 'fitness': -0.16120129729515958, 'solution': {'corr_type': 'spearman', 'l2': 0.001, 'dropout': 0.19254712774948127, 'privileged_demotion': 0.7018332570778623, 'privileged_promotion': 0.7728376389876802, 'protected_demotion': 0.18719551952791147, 'protected_promotion': 0.47869238176845036}, 'corr': [0.09077788948924177, 0.003141075549940012, 1.0, 0.06707254648541233, 0.04405878060156745, 0.2677560392081955, 0.010390263878949348, 0.045649186253023374, 0.07002273346247687, 0.08772513656205903, 0.10499569131361021, 0.024349853858702288, 0.003346207210477006, 0.008721447166909934, 0.008516580176061817, 0.0064545950188989645, 0.006653656197700689, 0.02348965126105743, 0.027322650488287213, 0.015293781228612156, 0.022490956952876926, 0.008013507009928358, 0.014758288444036838, 0.03088991124156633, 0.010168198997268972, 0.008915108933240651, 0.005859625495151363, 0.045407637037739035, 0.06027718668441726, 0.2382555898602624, 0.016770186270579, 0.43890547344808195, 0.04129306156156269, 0.17833471061716483, 0.10536512582235072, 0.17875435225657393, 0.2765617988271952, 0.013594606541588564, 0.2272716168319427, 0.030270771185392963, 0.10063989947259931, 0.09094864930649048, 0.03654930373512998, 0.16759285263139206, 0.09343746923482214, 0.032230119495643444, 0.06373959815699029, 0.024696464629648984, 0.023062552121285614, 0.13523261435162304, 0.5825583998277074, 0.17412400734749697, 0.05210730382736026, 0.09910031727609238, 0.3229484116796712, 0.3163103844729845, 0.01425359020016891, 0.009019626372626512, 0.11712564408777118, 0.008644996944516207, 0.10872337687998798, 0.00386413442277796, 0.0012165817227382818, 0.0077754915797785444, 0.006133808140235992, 0.005873344250115684, 0.016799959016742954, 0.0011296962672038915, 0.002941229852465713, 0.0006657435531939935, 0.0012391546162224569, 0.016459449708140943, 0.014067242999868043, 0.004543566853862858, 0.013560064045063911, 0.008431526701740027, 0.014807632238338692, 0.0012391546162224569, 0.002259065718351871, 0.025990996724321355, 0.015591863846867718, 0.0012391546162224569, 0.010439404598234805, 0.020954511614776856, 0.0045904961535360765, 0.0019397078144089766, 0.03706729665842563, 0.010509513298174471, 0.011124648313213088, 0.005614548950236409, 0.014934956403765385, 0.006250212862476142, 0.007230805391550742, 0.009069031626643523, 0.0008760177282006686, 0.004334581508291528, 0.00639357728064353, 0.01088486940318393, 0.011802109319463574, 0.006249501806707717, 0.005091264582455193, 0.00782771201716572]}, {'overall_acc': 0.5124378109452736, 'bal_acc': 0.6446826275091978, 'avg_odds_diff': 0.7535472794018432, 'disp_imp': 0.07382334063979601, 'stat_par_diff': 0.9146889049435768, 'eq_opp_diff': 0.5442563323771491, 'theil_ind': 0.08038440840514141, 'TPR': 0.9110867178924259, 'TNR': 0.3782785371259697, 'FPR': 0.6217214628740303, 'FNR': 0.0889132821075741, 'GTPR': 1.0, 'GTNR': 1.0, 'GFPR': 0.0, 'GFNR': 0.0, 'PPV': 0.3302825308396339, 'NPV': 0.9266968325791856, 'FDR': 0.6697174691603661, 'FOR': 0.07330316742081448, 'ACC': 0.5124378109452736, 'MCC': 0.2726919489646727, 'f1_score': 0.48481308411214946, 'fitness': -0.40225109399830317, 'solution': {'corr_type': 'spearman', 'l2': 0.001, 'dropout': 0.1752481031654252, 'privileged_demotion': 0.7029986999177747, 'privileged_promotion': 0.32369672620091267, 'protected_demotion': 0.3004801223312513, 'protected_promotion': 0.20643248028529854}, 'corr': [0.09077788948924177, 0.003141075549940012, 1.0, 0.06707254648541233, 0.04405878060156745, 0.2677560392081955, 0.010390263878949348, 0.045649186253023374, 0.07002273346247687, 0.08772513656205903, 0.10499569131361021, 0.024349853858702288, 0.003346207210477006, 0.008721447166909934, 0.008516580176061817, 0.0064545950188989645, 0.006653656197700689, 0.02348965126105743, 0.027322650488287213, 0.015293781228612156, 0.022490956952876926, 0.008013507009928358, 0.014758288444036838, 0.03088991124156633, 0.010168198997268972, 0.008915108933240651, 0.005859625495151363, 0.045407637037739035, 0.06027718668441726, 0.2382555898602624, 0.016770186270579, 0.43890547344808195, 0.04129306156156269, 0.17833471061716483, 0.10536512582235072, 0.17875435225657393, 0.2765617988271952, 0.013594606541588564, 0.2272716168319427, 0.030270771185392963, 0.10063989947259931, 0.09094864930649048, 0.03654930373512998, 0.16759285263139206, 0.09343746923482214, 0.032230119495643444, 0.06373959815699029, 0.024696464629648984, 0.023062552121285614, 0.13523261435162304, 0.5825583998277074, 0.17412400734749697, 0.05210730382736026, 0.09910031727609238, 0.3229484116796712, 0.3163103844729845, 0.01425359020016891, 0.009019626372626512, 0.11712564408777118, 0.008644996944516207, 0.10872337687998798, 0.00386413442277796, 0.0012165817227382818, 0.0077754915797785444, 0.006133808140235992, 0.005873344250115684, 0.016799959016742954, 0.0011296962672038915, 0.002941229852465713, 0.0006657435531939935, 0.0012391546162224569, 0.016459449708140943, 0.014067242999868043, 0.004543566853862858, 0.013560064045063911, 0.008431526701740027, 0.014807632238338692, 0.0012391546162224569, 0.002259065718351871, 0.025990996724321355, 0.015591863846867718, 0.0012391546162224569, 0.010439404598234805, 0.020954511614776856, 0.0045904961535360765, 0.0019397078144089766, 0.03706729665842563, 0.010509513298174471, 0.011124648313213088, 0.005614548950236409, 0.014934956403765385, 0.006250212862476142, 0.007230805391550742, 0.009069031626643523, 0.0008760177282006686, 0.004334581508291528, 0.00639357728064353, 0.01088486940318393, 0.011802109319463574, 0.006249501806707717, 0.005091264582455193, 0.00782771201716572]}, {'overall_acc': 0.5135433941404091, 'bal_acc': 0.6543429098118185, 'avg_odds_diff': 0.6607518766520116, 'disp_imp': 0.11221768807018846, 'stat_par_diff': 0.8771318124576971, 'eq_opp_diff': 0.3795301573016856, 'theil_ind': 0.07337821748739885, 'TPR': 0.937980241492865, 'TNR': 0.3707055781307721, 'FPR': 0.6292944218692279, 'FNR': 0.062019758507135016, 'GTPR': 1.0, 'GTNR': 1.0, 'GFPR': 0.0, 'GFNR': 0.0, 'PPV': 0.33405003909304143, 'NPV': 0.9466981132075472, 'FDR': 0.6659499609069586, 'FOR': 0.05330188679245283, 'ACC': 0.5135433941404091, 'MCC': 0.29438575628030794, 'f1_score': 0.49264917843759004, 'fitness': -0.36358841831728805, 'solution': {'corr_type': 'spearman', 'l2': 0.001, 'dropout': 0.19224469993545265, 'privileged_demotion': 0.6999631890874727, 'privileged_promotion': 0.3256269991450704, 'protected_demotion': 0.18523789804205057, 'protected_promotion': 0.46032003939769683}, 'corr': [0.09077788948924177, 0.003141075549940012, 1.0, 0.06707254648541233, 0.04405878060156745, 0.2677560392081955, 0.010390263878949348, 0.045649186253023374, 0.07002273346247687, 0.08772513656205903, 0.10499569131361021, 0.024349853858702288, 0.003346207210477006, 0.008721447166909934, 0.008516580176061817, 0.0064545950188989645, 0.006653656197700689, 0.02348965126105743, 0.027322650488287213, 0.015293781228612156, 0.022490956952876926, 0.008013507009928358, 0.014758288444036838, 0.03088991124156633, 0.010168198997268972, 0.008915108933240651, 0.005859625495151363, 0.045407637037739035, 0.06027718668441726, 0.2382555898602624, 0.016770186270579, 0.43890547344808195, 0.04129306156156269, 0.17833471061716483, 0.10536512582235072, 0.17875435225657393, 0.2765617988271952, 0.013594606541588564, 0.2272716168319427, 0.030270771185392963, 0.10063989947259931, 0.09094864930649048, 0.03654930373512998, 0.16759285263139206, 0.09343746923482214, 0.032230119495643444, 0.06373959815699029, 0.024696464629648984, 0.023062552121285614, 0.13523261435162304, 0.5825583998277074, 0.17412400734749697, 0.05210730382736026, 0.09910031727609238, 0.3229484116796712, 0.3163103844729845, 0.01425359020016891, 0.009019626372626512, 0.11712564408777118, 0.008644996944516207, 0.10872337687998798, 0.00386413442277796, 0.0012165817227382818, 0.0077754915797785444, 0.006133808140235992, 0.005873344250115684, 0.016799959016742954, 0.0011296962672038915, 0.002941229852465713, 0.0006657435531939935, 0.0012391546162224569, 0.016459449708140943, 0.014067242999868043, 0.004543566853862858, 0.013560064045063911, 0.008431526701740027, 0.014807632238338692, 0.0012391546162224569, 0.002259065718351871, 0.025990996724321355, 0.015591863846867718, 0.0012391546162224569, 0.010439404598234805, 0.020954511614776856, 0.0045904961535360765, 0.0019397078144089766, 0.03706729665842563, 0.010509513298174471, 0.011124648313213088, 0.005614548950236409, 0.014934956403765385, 0.006250212862476142, 0.007230805391550742, 0.009069031626643523, 0.0008760177282006686, 0.004334581508291528, 0.00639357728064353, 0.01088486940318393, 0.011802109319463574, 0.006249501806707717, 0.005091264582455193, 0.00782771201716572]}, {'overall_acc': 0.8175787728026535, 'bal_acc': 0.6557856871460218, 'avg_odds_diff': 0.1176528325293751, 'disp_imp': 0.8076523153844452, 'stat_par_diff': 0.01982925500205089, 'eq_opp_diff': 0.22613757804150963, 'theil_ind': 0.19093470123661224, 'TPR': 0.32985729967069155, 'TNR': 0.9817140746213521, 'FPR': 0.01828592537864795, 'FNR': 0.6701427003293084, 'GTPR': 1.0, 'GTNR': 1.0, 'GFPR': 0.0, 'GFNR': 0.0, 'PPV': 0.8585714285714285, 'NPV': 0.8131884944920441, 'FDR': 0.14142857142857143, 'FOR': 0.18681150550795594, 'ACC': 0.8175787728026535, 'MCC': 0.45749443977299187, 'f1_score': 0.47660586835844576, 'fitness': 0.7977495178006025, 'solution': {'corr_type': 'spearman', 'l2': 0.001, 'dropout': 0.17657977857236845, 'privileged_demotion': 0.7017595354315453, 'privileged_promotion': 0.15041440846522972, 'protected_demotion': 0.2903094292707284, 'protected_promotion': 0.45268165450553616}, 'corr': [0.09077788948924177, 0.003141075549940012, 1.0, 0.06707254648541233, 0.04405878060156745, 0.2677560392081955, 0.010390263878949348, 0.045649186253023374, 0.07002273346247687, 0.08772513656205903, 0.10499569131361021, 0.024349853858702288, 0.003346207210477006, 0.008721447166909934, 0.008516580176061817, 0.0064545950188989645, 0.006653656197700689, 0.02348965126105743, 0.027322650488287213, 0.015293781228612156, 0.022490956952876926, 0.008013507009928358, 0.014758288444036838, 0.03088991124156633, 0.010168198997268972, 0.008915108933240651, 0.005859625495151363, 0.045407637037739035, 0.06027718668441726, 0.2382555898602624, 0.016770186270579, 0.43890547344808195, 0.04129306156156269, 0.17833471061716483, 0.10536512582235072, 0.17875435225657393, 0.2765617988271952, 0.013594606541588564, 0.2272716168319427, 0.030270771185392963, 0.10063989947259931, 0.09094864930649048, 0.03654930373512998, 0.16759285263139206, 0.09343746923482214, 0.032230119495643444, 0.06373959815699029, 0.024696464629648984, 0.023062552121285614, 0.13523261435162304, 0.5825583998277074, 0.17412400734749697, 0.05210730382736026, 0.09910031727609238, 0.3229484116796712, 0.3163103844729845, 0.01425359020016891, 0.009019626372626512, 0.11712564408777118, 0.008644996944516207, 0.10872337687998798, 0.00386413442277796, 0.0012165817227382818, 0.0077754915797785444, 0.006133808140235992, 0.005873344250115684, 0.016799959016742954, 0.0011296962672038915, 0.002941229852465713, 0.0006657435531939935, 0.0012391546162224569, 0.016459449708140943, 0.014067242999868043, 0.004543566853862858, 0.013560064045063911, 0.008431526701740027, 0.014807632238338692, 0.0012391546162224569, 0.002259065718351871, 0.025990996724321355, 0.015591863846867718, 0.0012391546162224569, 0.010439404598234805, 0.020954511614776856, 0.0045904961535360765, 0.0019397078144089766, 0.03706729665842563, 0.010509513298174471, 0.011124648313213088, 0.005614548950236409, 0.014934956403765385, 0.006250212862476142, 0.007230805391550742, 0.009069031626643523, 0.0008760177282006686, 0.004334581508291528, 0.00639357728064353, 0.01088486940318393, 0.011802109319463574, 0.006249501806707717, 0.005091264582455193, 0.00782771201716572]}, {'overall_acc': 0.8315367606412383, 'bal_acc': 0.6951549971878412, 'avg_odds_diff': 0.08787242972494069, 'disp_imp': 0.6234951848317997, 'stat_par_diff': 0.05496755943285235, 'eq_opp_diff': 0.1706507677597165, 'theil_ind': 0.16734118978157903, 'TPR': 0.42041712403951703, 'TNR': 0.9698928703361654, 'FPR': 0.030107129663834505, 'FNR': 0.579582875960483, 'GTPR': 1.0, 'GTNR': 1.0, 'GFPR': 0.0, 'GFNR': 0.0, 'PPV': 0.8245425188374597, 'NPV': 0.8325669890597749, 'FDR': 0.17545748116254037, 'FOR': 0.16743301094022514, 'ACC': 0.8315367606412383, 'MCC': 0.5064349991179293, 'f1_score': 0.5568884042166485, 'fitness': 0.7765692012083859, 'solution': {'corr_type': 'spearman', 'l2': 0.001, 'dropout': 0.17744174144203004, 'privileged_demotion': 0.5251864737597722, 'privileged_promotion': 0.1637816464915332, 'protected_demotion': 0.28423095394129894, 'protected_promotion': 0.4532771211350537}, 'corr': [0.09077788948924177, 0.003141075549940012, 1.0, 0.06707254648541233, 0.04405878060156745, 0.2677560392081955, 0.010390263878949348, 0.045649186253023374, 0.07002273346247687, 0.08772513656205903, 0.10499569131361021, 0.024349853858702288, 0.003346207210477006, 0.008721447166909934, 0.008516580176061817, 0.0064545950188989645, 0.006653656197700689, 0.02348965126105743, 0.027322650488287213, 0.015293781228612156, 0.022490956952876926, 0.008013507009928358, 0.014758288444036838, 0.03088991124156633, 0.010168198997268972, 0.008915108933240651, 0.005859625495151363, 0.045407637037739035, 0.06027718668441726, 0.2382555898602624, 0.016770186270579, 0.43890547344808195, 0.04129306156156269, 0.17833471061716483, 0.10536512582235072, 0.17875435225657393, 0.2765617988271952, 0.013594606541588564, 0.2272716168319427, 0.030270771185392963, 0.10063989947259931, 0.09094864930649048, 0.03654930373512998, 0.16759285263139206, 0.09343746923482214, 0.032230119495643444, 0.06373959815699029, 0.024696464629648984, 0.023062552121285614, 0.13523261435162304, 0.5825583998277074, 0.17412400734749697, 0.05210730382736026, 0.09910031727609238, 0.3229484116796712, 0.3163103844729845, 0.01425359020016891, 0.009019626372626512, 0.11712564408777118, 0.008644996944516207, 0.10872337687998798, 0.00386413442277796, 0.0012165817227382818, 0.0077754915797785444, 0.006133808140235992, 0.005873344250115684, 0.016799959016742954, 0.0011296962672038915, 0.002941229852465713, 0.0006657435531939935, 0.0012391546162224569, 0.016459449708140943, 0.014067242999868043, 0.004543566853862858, 0.013560064045063911, 0.008431526701740027, 0.014807632238338692, 0.0012391546162224569, 0.002259065718351871, 0.025990996724321355, 0.015591863846867718, 0.0012391546162224569, 0.010439404598234805, 0.020954511614776856, 0.0045904961535360765, 0.0019397078144089766, 0.03706729665842563, 0.010509513298174471, 0.011124648313213088, 0.005614548950236409, 0.014934956403765385, 0.006250212862476142, 0.007230805391550742, 0.009069031626643523, 0.0008760177282006686, 0.004334581508291528, 0.00639357728064353, 0.01088486940318393, 0.011802109319463574, 0.006249501806707717, 0.005091264582455193, 0.00782771201716572]}, {'overall_acc': 0.837893864013267, 'bal_acc': 0.7219799908924174, 'avg_odds_diff': 0.14397454467145787, 'disp_imp': 0.8082501335305478, 'stat_par_diff': 0.03193231814527886, 'eq_opp_diff': 0.26978457731030986, 'theil_ind': 0.15141330125443894, 'TPR': 0.4884742041712404, 'TNR': 0.9554857776135944, 'FPR': 0.044514222386405615, 'FNR': 0.5115257958287596, 'GTPR': 1.0, 'GTNR': 1.0, 'GFPR': 0.0, 'GFNR': 0.0, 'PPV': 0.7869142351900973, 'NPV': 0.8473382473382474, 'FDR': 0.21308576480990274, 'FOR': 0.15266175266175266, 'ACC': 0.837893864013267, 'MCC': 0.5306436851506575, 'f1_score': 0.6027768371147985, 'fitness': 0.8059615458679882, 'solution': {'corr_type': 'spearman', 'l2': 0.001, 'dropout': 0.17514722873575775, 'privileged_demotion': 0.5248511885203166, 'privileged_promotion': 0.1642883464157391, 'protected_demotion': 0.13641955993915578, 'protected_promotion': 0.5570161868484788}, 'corr': [0.09077788948924177, 0.003141075549940012, 1.0, 0.06707254648541233, 0.04405878060156745, 0.2677560392081955, 0.010390263878949348, 0.045649186253023374, 0.07002273346247687, 0.08772513656205903, 0.10499569131361021, 0.024349853858702288, 0.003346207210477006, 0.008721447166909934, 0.008516580176061817, 0.0064545950188989645, 0.006653656197700689, 0.02348965126105743, 0.027322650488287213, 0.015293781228612156, 0.022490956952876926, 0.008013507009928358, 0.014758288444036838, 0.03088991124156633, 0.010168198997268972, 0.008915108933240651, 0.005859625495151363, 0.045407637037739035, 0.06027718668441726, 0.2382555898602624, 0.016770186270579, 0.43890547344808195, 0.04129306156156269, 0.17833471061716483, 0.10536512582235072, 0.17875435225657393, 0.2765617988271952, 0.013594606541588564, 0.2272716168319427, 0.030270771185392963, 0.10063989947259931, 0.09094864930649048, 0.03654930373512998, 0.16759285263139206, 0.09343746923482214, 0.032230119495643444, 0.06373959815699029, 0.024696464629648984, 0.023062552121285614, 0.13523261435162304, 0.5825583998277074, 0.17412400734749697, 0.05210730382736026, 0.09910031727609238, 0.3229484116796712, 0.3163103844729845, 0.01425359020016891, 0.009019626372626512, 0.11712564408777118, 0.008644996944516207, 0.10872337687998798, 0.00386413442277796, 0.0012165817227382818, 0.0077754915797785444, 0.006133808140235992, 0.005873344250115684, 0.016799959016742954, 0.0011296962672038915, 0.002941229852465713, 0.0006657435531939935, 0.0012391546162224569, 0.016459449708140943, 0.014067242999868043, 0.004543566853862858, 0.013560064045063911, 0.008431526701740027, 0.014807632238338692, 0.0012391546162224569, 0.002259065718351871, 0.025990996724321355, 0.015591863846867718, 0.0012391546162224569, 0.010439404598234805, 0.020954511614776856, 0.0045904961535360765, 0.0019397078144089766, 0.03706729665842563, 0.010509513298174471, 0.011124648313213088, 0.005614548950236409, 0.014934956403765385, 0.006250212862476142, 0.007230805391550742, 0.009069031626643523, 0.0008760177282006686, 0.004334581508291528, 0.00639357728064353, 0.01088486940318393, 0.011802109319463574, 0.006249501806707717, 0.005091264582455193, 0.00782771201716572]}, {'overall_acc': 0.5111940298507462, 'bal_acc': 0.6480390717726981, 'avg_odds_diff': 0.7116295995083886, 'disp_imp': 0.0951102485940481, 'stat_par_diff': 0.8947700002210541, 'eq_opp_diff': 0.4737330558524102, 'theil_ind': 0.07701461083838358, 'TPR': 0.9237102085620198, 'TNR': 0.37236793498337645, 'FPR': 0.6276320650166236, 'FNR': 0.07628979143798024, 'GTPR': 1.0, 'GTNR': 1.0, 'GFPR': 0.0, 'GFNR': 0.0, 'PPV': 0.33123400905333594, 'NPV': 0.9354988399071926, 'FDR': 0.668765990946664, 'FOR': 0.06450116009280743, 'ACC': 0.5111940298507462, 'MCC': 0.2810227157060579, 'f1_score': 0.4876140808344198, 'fitness': -0.3835759703703079, 'solution': {'corr_type': 'spearman', 'l2': 0.001, 'dropout': 0.17603995533859415, 'privileged_demotion': 0.7022346888209502, 'privileged_promotion': 0.3262308478794453, 'protected_demotion': 0.29910475210248977, 'protected_promotion': 0.4679948716816009}, 'corr': [0.09077788948924177, 0.003141075549940012, 1.0, 0.06707254648541233, 0.04405878060156745, 0.2677560392081955, 0.010390263878949348, 0.045649186253023374, 0.07002273346247687, 0.08772513656205903, 0.10499569131361021, 0.024349853858702288, 0.003346207210477006, 0.008721447166909934, 0.008516580176061817, 0.0064545950188989645, 0.006653656197700689, 0.02348965126105743, 0.027322650488287213, 0.015293781228612156, 0.022490956952876926, 0.008013507009928358, 0.014758288444036838, 0.03088991124156633, 0.010168198997268972, 0.008915108933240651, 0.005859625495151363, 0.045407637037739035, 0.06027718668441726, 0.2382555898602624, 0.016770186270579, 0.43890547344808195, 0.04129306156156269, 0.17833471061716483, 0.10536512582235072, 0.17875435225657393, 0.2765617988271952, 0.013594606541588564, 0.2272716168319427, 0.030270771185392963, 0.10063989947259931, 0.09094864930649048, 0.03654930373512998, 0.16759285263139206, 0.09343746923482214, 0.032230119495643444, 0.06373959815699029, 0.024696464629648984, 0.023062552121285614, 0.13523261435162304, 0.5825583998277074, 0.17412400734749697, 0.05210730382736026, 0.09910031727609238, 0.3229484116796712, 0.3163103844729845, 0.01425359020016891, 0.009019626372626512, 0.11712564408777118, 0.008644996944516207, 0.10872337687998798, 0.00386413442277796, 0.0012165817227382818, 0.0077754915797785444, 0.006133808140235992, 0.005873344250115684, 0.016799959016742954, 0.0011296962672038915, 0.002941229852465713, 0.0006657435531939935, 0.0012391546162224569, 0.016459449708140943, 0.014067242999868043, 0.004543566853862858, 0.013560064045063911, 0.008431526701740027, 0.014807632238338692, 0.0012391546162224569, 0.002259065718351871, 0.025990996724321355, 0.015591863846867718, 0.0012391546162224569, 0.010439404598234805, 0.020954511614776856, 0.0045904961535360765, 0.0019397078144089766, 0.03706729665842563, 0.010509513298174471, 0.011124648313213088, 0.005614548950236409, 0.014934956403765385, 0.006250212862476142, 0.007230805391550742, 0.009069031626643523, 0.0008760177282006686, 0.004334581508291528, 0.00639357728064353, 0.01088486940318393, 0.011802109319463574, 0.006249501806707717, 0.005091264582455193, 0.00782771201716572]}, {'overall_acc': 0.8340243228302929, 'bal_acc': 0.6990022006612121, 'avg_odds_diff': 0.05096180336017902, 'disp_imp': 0.4954264093557133, 'stat_par_diff': 0.07776876407246225, 'eq_opp_diff': 0.08602846054333763, 'theil_ind': 0.1650519552823358, 'TPR': 0.4270032930845225, 'TNR': 0.9710011082379018, 'FPR': 0.028998891762098265, 'FNR': 0.5729967069154775, 'GTPR': 1.0, 'GTNR': 1.0, 'GFPR': 0.0, 'GFNR': 0.0, 'PPV': 0.8320855614973262, 'NPV': 0.8343120139660372, 'FDR': 0.1679144385026738, 'FOR': 0.16568798603396287, 'ACC': 0.8340243228302929, 'MCC': 0.5150040466491608, 'f1_score': 0.5643815741748277, 'fitness': 0.7562555587578307, 'solution': {'corr_type': 'spearman', 'l2': 0.001, 'dropout': 0.17562886667743105, 'privileged_demotion': 0.5234945072798391, 'privileged_promotion': 0.18065012159430016, 'protected_demotion': 0.377193626742648, 'protected_promotion': 0.3750398039105236}, 'corr': [0.09077788948924177, 0.003141075549940012, 1.0, 0.06707254648541233, 0.04405878060156745, 0.2677560392081955, 0.010390263878949348, 0.045649186253023374, 0.07002273346247687, 0.08772513656205903, 0.10499569131361021, 0.024349853858702288, 0.003346207210477006, 0.008721447166909934, 0.008516580176061817, 0.0064545950188989645, 0.006653656197700689, 0.02348965126105743, 0.027322650488287213, 0.015293781228612156, 0.022490956952876926, 0.008013507009928358, 0.014758288444036838, 0.03088991124156633, 0.010168198997268972, 0.008915108933240651, 0.005859625495151363, 0.045407637037739035, 0.06027718668441726, 0.2382555898602624, 0.016770186270579, 0.43890547344808195, 0.04129306156156269, 0.17833471061716483, 0.10536512582235072, 0.17875435225657393, 0.2765617988271952, 0.013594606541588564, 0.2272716168319427, 0.030270771185392963, 0.10063989947259931, 0.09094864930649048, 0.03654930373512998, 0.16759285263139206, 0.09343746923482214, 0.032230119495643444, 0.06373959815699029, 0.024696464629648984, 0.023062552121285614, 0.13523261435162304, 0.5825583998277074, 0.17412400734749697, 0.05210730382736026, 0.09910031727609238, 0.3229484116796712, 0.3163103844729845, 0.01425359020016891, 0.009019626372626512, 0.11712564408777118, 0.008644996944516207, 0.10872337687998798, 0.00386413442277796, 0.0012165817227382818, 0.0077754915797785444, 0.006133808140235992, 0.005873344250115684, 0.016799959016742954, 0.0011296962672038915, 0.002941229852465713, 0.0006657435531939935, 0.0012391546162224569, 0.016459449708140943, 0.014067242999868043, 0.004543566853862858, 0.013560064045063911, 0.008431526701740027, 0.014807632238338692, 0.0012391546162224569, 0.002259065718351871, 0.025990996724321355, 0.015591863846867718, 0.0012391546162224569, 0.010439404598234805, 0.020954511614776856, 0.0045904961535360765, 0.0019397078144089766, 0.03706729665842563, 0.010509513298174471, 0.011124648313213088, 0.005614548950236409, 0.014934956403765385, 0.006250212862476142, 0.007230805391550742, 0.009069031626643523, 0.0008760177282006686, 0.004334581508291528, 0.00639357728064353, 0.01088486940318393, 0.011802109319463574, 0.006249501806707717, 0.005091264582455193, 0.00782771201716572]}, {'overall_acc': 0.822139303482587, 'bal_acc': 0.6781328198592339, 'avg_odds_diff': 0.20912083599293313, 'disp_imp': 1.155911328928793, 'stat_par_diff': 0.01803854130957365, 'eq_opp_diff': 0.37961452650130306, 'theil_ind': 0.17752079966592915, 'TPR': 0.3880351262349067, 'TNR': 0.9682305134835612, 'FPR': 0.03176948651643886, 'FNR': 0.6119648737650933, 'GTPR': 1.0, 'GTNR': 1.0, 'GFPR': 0.0, 'GFNR': 0.0, 'PPV': 0.8043230944254836, 'NPV': 0.8246028000629227, 'FDR': 0.1956769055745165, 'FOR': 0.17539719993707723, 'ACC': 0.822139303482587, 'MCC': 0.4733547149183387, 'f1_score': 0.5235098111810441, 'fitness': 0.8041007621730134, 'solution': {'corr_type': 'spearman', 'l2': 0.001, 'dropout': 0.17822247631306, 'privileged_demotion': 0.637768214384174, 'privileged_promotion': 0.1579329259568647, 'protected_demotion': 0.13167907194394154, 'protected_promotion': 0.5510553380907262}, 'corr': [0.09077788948924177, 0.003141075549940012, 1.0, 0.06707254648541233, 0.04405878060156745, 0.2677560392081955, 0.010390263878949348, 0.045649186253023374, 0.07002273346247687, 0.08772513656205903, 0.10499569131361021, 0.024349853858702288, 0.003346207210477006, 0.008721447166909934, 0.008516580176061817, 0.0064545950188989645, 0.006653656197700689, 0.02348965126105743, 0.027322650488287213, 0.015293781228612156, 0.022490956952876926, 0.008013507009928358, 0.014758288444036838, 0.03088991124156633, 0.010168198997268972, 0.008915108933240651, 0.005859625495151363, 0.045407637037739035, 0.06027718668441726, 0.2382555898602624, 0.016770186270579, 0.43890547344808195, 0.04129306156156269, 0.17833471061716483, 0.10536512582235072, 0.17875435225657393, 0.2765617988271952, 0.013594606541588564, 0.2272716168319427, 0.030270771185392963, 0.10063989947259931, 0.09094864930649048, 0.03654930373512998, 0.16759285263139206, 0.09343746923482214, 0.032230119495643444, 0.06373959815699029, 0.024696464629648984, 0.023062552121285614, 0.13523261435162304, 0.5825583998277074, 0.17412400734749697, 0.05210730382736026, 0.09910031727609238, 0.3229484116796712, 0.3163103844729845, 0.01425359020016891, 0.009019626372626512, 0.11712564408777118, 0.008644996944516207, 0.10872337687998798, 0.00386413442277796, 0.0012165817227382818, 0.0077754915797785444, 0.006133808140235992, 0.005873344250115684, 0.016799959016742954, 0.0011296962672038915, 0.002941229852465713, 0.0006657435531939935, 0.0012391546162224569, 0.016459449708140943, 0.014067242999868043, 0.004543566853862858, 0.013560064045063911, 0.008431526701740027, 0.014807632238338692, 0.0012391546162224569, 0.002259065718351871, 0.025990996724321355, 0.015591863846867718, 0.0012391546162224569, 0.010439404598234805, 0.020954511614776856, 0.0045904961535360765, 0.0019397078144089766, 0.03706729665842563, 0.010509513298174471, 0.011124648313213088, 0.005614548950236409, 0.014934956403765385, 0.006250212862476142, 0.007230805391550742, 0.009069031626643523, 0.0008760177282006686, 0.004334581508291528, 0.00639357728064353, 0.01088486940318393, 0.011802109319463574, 0.006249501806707717, 0.005091264582455193, 0.00782771201716572]}, {'overall_acc': 0.8315367606412383, 'bal_acc': 0.6982501965672605, 'avg_odds_diff': 0.1165586113795831, 'disp_imp': 0.7121232972611379, 'stat_par_diff': 0.04220396557029679, 'eq_opp_diff': 0.23224497065826727, 'theil_ind': 0.16550095309337196, 'TPR': 0.4297475301866081, 'TNR': 0.9667528629479128, 'FPR': 0.033247137052087185, 'FNR': 0.5702524698133918, 'GTPR': 1.0, 'GTNR': 1.0, 'GFPR': 0.0, 'GFNR': 0.0, 'PPV': 0.8130841121495327, 'NPV': 0.8343695201657899, 'FDR': 0.18691588785046728, 'FOR': 0.16563047983421011, 'ACC': 0.8315367606412383, 'MCC': 0.5066711159612309, 'f1_score': 0.56229802513465, 'fitness': 0.7893327950709415, 'solution': {'corr_type': 'spearman', 'l2': 0.001, 'dropout': 0.1646453786524623, 'privileged_demotion': 0.5955419743738537, 'privileged_promotion': 0.15693734128056236, 'protected_demotion': 0.24781008131200202, 'protected_promotion': 0.5590441000160934}, 'corr': [0.09077788948924177, 0.003141075549940012, 1.0, 0.06707254648541233, 0.04405878060156745, 0.2677560392081955, 0.010390263878949348, 0.045649186253023374, 0.07002273346247687, 0.08772513656205903, 0.10499569131361021, 0.024349853858702288, 0.003346207210477006, 0.008721447166909934, 0.008516580176061817, 0.0064545950188989645, 0.006653656197700689, 0.02348965126105743, 0.027322650488287213, 0.015293781228612156, 0.022490956952876926, 0.008013507009928358, 0.014758288444036838, 0.03088991124156633, 0.010168198997268972, 0.008915108933240651, 0.005859625495151363, 0.045407637037739035, 0.06027718668441726, 0.2382555898602624, 0.016770186270579, 0.43890547344808195, 0.04129306156156269, 0.17833471061716483, 0.10536512582235072, 0.17875435225657393, 0.2765617988271952, 0.013594606541588564, 0.2272716168319427, 0.030270771185392963, 0.10063989947259931, 0.09094864930649048, 0.03654930373512998, 0.16759285263139206, 0.09343746923482214, 0.032230119495643444, 0.06373959815699029, 0.024696464629648984, 0.023062552121285614, 0.13523261435162304, 0.5825583998277074, 0.17412400734749697, 0.05210730382736026, 0.09910031727609238, 0.3229484116796712, 0.3163103844729845, 0.01425359020016891, 0.009019626372626512, 0.11712564408777118, 0.008644996944516207, 0.10872337687998798, 0.00386413442277796, 0.0012165817227382818, 0.0077754915797785444, 0.006133808140235992, 0.005873344250115684, 0.016799959016742954, 0.0011296962672038915, 0.002941229852465713, 0.0006657435531939935, 0.0012391546162224569, 0.016459449708140943, 0.014067242999868043, 0.004543566853862858, 0.013560064045063911, 0.008431526701740027, 0.014807632238338692, 0.0012391546162224569, 0.002259065718351871, 0.025990996724321355, 0.015591863846867718, 0.0012391546162224569, 0.010439404598234805, 0.020954511614776856, 0.0045904961535360765, 0.0019397078144089766, 0.03706729665842563, 0.010509513298174471, 0.011124648313213088, 0.005614548950236409, 0.014934956403765385, 0.006250212862476142, 0.007230805391550742, 0.009069031626643523, 0.0008760177282006686, 0.004334581508291528, 0.00639357728064353, 0.01088486940318393, 0.011802109319463574, 0.006249501806707717, 0.005091264582455193, 0.00782771201716572]}, {'overall_acc': 0.8325041459369817, 'bal_acc': 0.6979863159179539, 'avg_odds_diff': 0.0802390092276637, 'disp_imp': 0.6277778434408501, 'stat_par_diff': 0.055250543775554994, 'eq_opp_diff': 0.15861878245870603, 'theil_ind': 0.16565928651248682, 'TPR': 0.4270032930845225, 'TNR': 0.9689693387513852, 'FPR': 0.031030661248614703, 'FNR': 0.5729967069154775, 'GTPR': 1.0, 'GTNR': 1.0, 'GFPR': 0.0, 'GFNR': 0.0, 'PPV': 0.8224101479915433, 'NPV': 0.8340222575516694, 'FDR': 0.17758985200845667, 'FOR': 0.1659777424483307, 'ACC': 0.8325041459369817, 'MCC': 0.5098325874689866, 'f1_score': 0.5621387283236994, 'fitness': 0.7772536021614267, 'solution': {'corr_type': 'spearman', 'l2': 0.001, 'dropout': 0.1655276149562756, 'privileged_demotion': 0.5967774506814361, 'privileged_promotion': 0.1620653651199155, 'protected_demotion': 0.37735869249246556, 'protected_promotion': 0.5555195809306404}, 'corr': [0.09077788948924177, 0.003141075549940012, 1.0, 0.06707254648541233, 0.04405878060156745, 0.2677560392081955, 0.010390263878949348, 0.045649186253023374, 0.07002273346247687, 0.08772513656205903, 0.10499569131361021, 0.024349853858702288, 0.003346207210477006, 0.008721447166909934, 0.008516580176061817, 0.0064545950188989645, 0.006653656197700689, 0.02348965126105743, 0.027322650488287213, 0.015293781228612156, 0.022490956952876926, 0.008013507009928358, 0.014758288444036838, 0.03088991124156633, 0.010168198997268972, 0.008915108933240651, 0.005859625495151363, 0.045407637037739035, 0.06027718668441726, 0.2382555898602624, 0.016770186270579, 0.43890547344808195, 0.04129306156156269, 0.17833471061716483, 0.10536512582235072, 0.17875435225657393, 0.2765617988271952, 0.013594606541588564, 0.2272716168319427, 0.030270771185392963, 0.10063989947259931, 0.09094864930649048, 0.03654930373512998, 0.16759285263139206, 0.09343746923482214, 0.032230119495643444, 0.06373959815699029, 0.024696464629648984, 0.023062552121285614, 0.13523261435162304, 0.5825583998277074, 0.17412400734749697, 0.05210730382736026, 0.09910031727609238, 0.3229484116796712, 0.3163103844729845, 0.01425359020016891, 0.009019626372626512, 0.11712564408777118, 0.008644996944516207, 0.10872337687998798, 0.00386413442277796, 0.0012165817227382818, 0.0077754915797785444, 0.006133808140235992, 0.005873344250115684, 0.016799959016742954, 0.0011296962672038915, 0.002941229852465713, 0.0006657435531939935, 0.0012391546162224569, 0.016459449708140943, 0.014067242999868043, 0.004543566853862858, 0.013560064045063911, 0.008431526701740027, 0.014807632238338692, 0.0012391546162224569, 0.002259065718351871, 0.025990996724321355, 0.015591863846867718, 0.0012391546162224569, 0.010439404598234805, 0.020954511614776856, 0.0045904961535360765, 0.0019397078144089766, 0.03706729665842563, 0.010509513298174471, 0.011124648313213088, 0.005614548950236409, 0.014934956403765385, 0.006250212862476142, 0.007230805391550742, 0.009069031626643523, 0.0008760177282006686, 0.004334581508291528, 0.00639357728064353, 0.01088486940318393, 0.011802109319463574, 0.006249501806707717, 0.005091264582455193, 0.00782771201716572]}, {'overall_acc': 0.8240740740740741, 'bal_acc': 0.6750560708363932, 'avg_odds_diff': 0.13920339770057788, 'disp_imp': 0.8363526872347882, 'stat_par_diff': 0.019499252802036224, 'eq_opp_diff': 0.2670378911449838, 'theil_ind': 0.17934451593053113, 'TPR': 0.3748627881448957, 'TNR': 0.9752493535278907, 'FPR': 0.024750646472109346, 'FNR': 0.6251372118551043, 'GTPR': 1.0, 'GTNR': 1.0, 'GFPR': 0.0, 'GFNR': 0.0, 'PPV': 0.835985312117503, 'NPV': 0.8225580308459262, 'FDR': 0.16401468788249693, 'FOR': 0.17744196915407384, 'ACC': 0.8240740740740741, 'MCC': 0.48017082396714034, 'f1_score': 0.517620310723759, 'fitness': 0.8045748212720378, 'solution': {'corr_type': 'spearman', 'l2': 0.001, 'dropout': 0.16745999479868712, 'privileged_demotion': 0.6367279143580021, 'privileged_promotion': 0.1501035058081499, 'protected_demotion': 0.252174972092232, 'protected_promotion': 0.5447103448114686}, 'corr': [0.09077788948924177, 0.003141075549940012, 1.0, 0.06707254648541233, 0.04405878060156745, 0.2677560392081955, 0.010390263878949348, 0.045649186253023374, 0.07002273346247687, 0.08772513656205903, 0.10499569131361021, 0.024349853858702288, 0.003346207210477006, 0.008721447166909934, 0.008516580176061817, 0.0064545950188989645, 0.006653656197700689, 0.02348965126105743, 0.027322650488287213, 0.015293781228612156, 0.022490956952876926, 0.008013507009928358, 0.014758288444036838, 0.03088991124156633, 0.010168198997268972, 0.008915108933240651, 0.005859625495151363, 0.045407637037739035, 0.06027718668441726, 0.2382555898602624, 0.016770186270579, 0.43890547344808195, 0.04129306156156269, 0.17833471061716483, 0.10536512582235072, 0.17875435225657393, 0.2765617988271952, 0.013594606541588564, 0.2272716168319427, 0.030270771185392963, 0.10063989947259931, 0.09094864930649048, 0.03654930373512998, 0.16759285263139206, 0.09343746923482214, 0.032230119495643444, 0.06373959815699029, 0.024696464629648984, 0.023062552121285614, 0.13523261435162304, 0.5825583998277074, 0.17412400734749697, 0.05210730382736026, 0.09910031727609238, 0.3229484116796712, 0.3163103844729845, 0.01425359020016891, 0.009019626372626512, 0.11712564408777118, 0.008644996944516207, 0.10872337687998798, 0.00386413442277796, 0.0012165817227382818, 0.0077754915797785444, 0.006133808140235992, 0.005873344250115684, 0.016799959016742954, 0.0011296962672038915, 0.002941229852465713, 0.0006657435531939935, 0.0012391546162224569, 0.016459449708140943, 0.014067242999868043, 0.004543566853862858, 0.013560064045063911, 0.008431526701740027, 0.014807632238338692, 0.0012391546162224569, 0.002259065718351871, 0.025990996724321355, 0.015591863846867718, 0.0012391546162224569, 0.010439404598234805, 0.020954511614776856, 0.0045904961535360765, 0.0019397078144089766, 0.03706729665842563, 0.010509513298174471, 0.011124648313213088, 0.005614548950236409, 0.014934956403765385, 0.006250212862476142, 0.007230805391550742, 0.009069031626643523, 0.0008760177282006686, 0.004334581508291528, 0.00639357728064353, 0.01088486940318393, 0.011802109319463574, 0.006249501806707717, 0.005091264582455193, 0.00782771201716572]}, {'overall_acc': 0.18021006080707574, 'bal_acc': 0.33527176969737765, 'avg_odds_diff': 0.03690162243223383, 'disp_imp': 1.0729252485280276, 'stat_par_diff': 0.06371691600751017, 'eq_opp_diff': 0.06297692033672686, 'theil_ind': 0.1209655771427365, 'TPR': 0.6476399560922064, 'TNR': 0.022903583302548946, 'FPR': 0.9770964166974511, 'FNR': 0.35236004390779363, 'GTPR': 1.0, 'GTNR': 1.0, 'GFPR': 0.0, 'GFNR': 0.0, 'PPV': 0.18238021638330756, 'NPV': 0.1618798955613577, 'FDR': 0.8176197836166924, 'FOR': 0.8381201044386423, 'ACC': 0.18021006080707574, 'MCC': -0.4647986043399764, 'f1_score': 0.28461167390255665, 'fitness': 0.11649314479956557, 'solution': {'corr_type': 'spearman', 'l2': 0.001, 'dropout': 0.16292711378292316, 'privileged_demotion': 0.5900823048946169, 'privileged_promotion': 0.41267540542369613, 'protected_demotion': 0.7507798435445986, 'protected_promotion': 0.5419497964773721}, 'corr': [0.09077788948924177, 0.003141075549940012, 1.0, 0.06707254648541233, 0.04405878060156745, 0.2677560392081955, 0.010390263878949348, 0.045649186253023374, 0.07002273346247687, 0.08772513656205903, 0.10499569131361021, 0.024349853858702288, 0.003346207210477006, 0.008721447166909934, 0.008516580176061817, 0.0064545950188989645, 0.006653656197700689, 0.02348965126105743, 0.027322650488287213, 0.015293781228612156, 0.022490956952876926, 0.008013507009928358, 0.014758288444036838, 0.03088991124156633, 0.010168198997268972, 0.008915108933240651, 0.005859625495151363, 0.045407637037739035, 0.06027718668441726, 0.2382555898602624, 0.016770186270579, 0.43890547344808195, 0.04129306156156269, 0.17833471061716483, 0.10536512582235072, 0.17875435225657393, 0.2765617988271952, 0.013594606541588564, 0.2272716168319427, 0.030270771185392963, 0.10063989947259931, 0.09094864930649048, 0.03654930373512998, 0.16759285263139206, 0.09343746923482214, 0.032230119495643444, 0.06373959815699029, 0.024696464629648984, 0.023062552121285614, 0.13523261435162304, 0.5825583998277074, 0.17412400734749697, 0.05210730382736026, 0.09910031727609238, 0.3229484116796712, 0.3163103844729845, 0.01425359020016891, 0.009019626372626512, 0.11712564408777118, 0.008644996944516207, 0.10872337687998798, 0.00386413442277796, 0.0012165817227382818, 0.0077754915797785444, 0.006133808140235992, 0.005873344250115684, 0.016799959016742954, 0.0011296962672038915, 0.002941229852465713, 0.0006657435531939935, 0.0012391546162224569, 0.016459449708140943, 0.014067242999868043, 0.004543566853862858, 0.013560064045063911, 0.008431526701740027, 0.014807632238338692, 0.0012391546162224569, 0.002259065718351871, 0.025990996724321355, 0.015591863846867718, 0.0012391546162224569, 0.010439404598234805, 0.020954511614776856, 0.0045904961535360765, 0.0019397078144089766, 0.03706729665842563, 0.010509513298174471, 0.011124648313213088, 0.005614548950236409, 0.014934956403765385, 0.006250212862476142, 0.007230805391550742, 0.009069031626643523, 0.0008760177282006686, 0.004334581508291528, 0.00639357728064353, 0.01088486940318393, 0.011802109319463574, 0.006249501806707717, 0.005091264582455193, 0.00782771201716572]}, {'overall_acc': 0.8367882808181316, 'bal_acc': 0.7210590950728627, 'avg_odds_diff': 0.11078722196446994, 'disp_imp': 0.7163711109983252, 'stat_par_diff': 0.04902085312147694, 'eq_opp_diff': 0.21492116167013514, 'theil_ind': 0.1519315479920917, 'TPR': 0.48792535675082327, 'TNR': 0.9541928333949021, 'FPR': 0.04580716660509789, 'FNR': 0.5120746432491767, 'GTPR': 1.0, 'GTNR': 1.0, 'GFPR': 0.0, 'GFNR': 0.0, 'PPV': 0.781882145998241, 'NPV': 0.8470241023118544, 'FDR': 0.218117854001759, 'FOR': 0.1529758976881456, 'ACC': 0.8367882808181316, 'MCC': 0.5273053121998654, 'f1_score': 0.6008786752281177, 'fitness': 0.7877674276966546, 'solution': {'corr_type': 'spearman', 'l2': 0.001, 'dropout': 0.16293699528303215, 'privileged_demotion': 0.5855844265402691, 'privileged_promotion': 0.26721849927235575, 'protected_demotion': 0.2545957768778845, 'protected_promotion': 0.6891414149906467}, 'corr': [0.09077788948924177, 0.003141075549940012, 1.0, 0.06707254648541233, 0.04405878060156745, 0.2677560392081955, 0.010390263878949348, 0.045649186253023374, 0.07002273346247687, 0.08772513656205903, 0.10499569131361021, 0.024349853858702288, 0.003346207210477006, 0.008721447166909934, 0.008516580176061817, 0.0064545950188989645, 0.006653656197700689, 0.02348965126105743, 0.027322650488287213, 0.015293781228612156, 0.022490956952876926, 0.008013507009928358, 0.014758288444036838, 0.03088991124156633, 0.010168198997268972, 0.008915108933240651, 0.005859625495151363, 0.045407637037739035, 0.06027718668441726, 0.2382555898602624, 0.016770186270579, 0.43890547344808195, 0.04129306156156269, 0.17833471061716483, 0.10536512582235072, 0.17875435225657393, 0.2765617988271952, 0.013594606541588564, 0.2272716168319427, 0.030270771185392963, 0.10063989947259931, 0.09094864930649048, 0.03654930373512998, 0.16759285263139206, 0.09343746923482214, 0.032230119495643444, 0.06373959815699029, 0.024696464629648984, 0.023062552121285614, 0.13523261435162304, 0.5825583998277074, 0.17412400734749697, 0.05210730382736026, 0.09910031727609238, 0.3229484116796712, 0.3163103844729845, 0.01425359020016891, 0.009019626372626512, 0.11712564408777118, 0.008644996944516207, 0.10872337687998798, 0.00386413442277796, 0.0012165817227382818, 0.0077754915797785444, 0.006133808140235992, 0.005873344250115684, 0.016799959016742954, 0.0011296962672038915, 0.002941229852465713, 0.0006657435531939935, 0.0012391546162224569, 0.016459449708140943, 0.014067242999868043, 0.004543566853862858, 0.013560064045063911, 0.008431526701740027, 0.014807632238338692, 0.0012391546162224569, 0.002259065718351871, 0.025990996724321355, 0.015591863846867718, 0.0012391546162224569, 0.010439404598234805, 0.020954511614776856, 0.0045904961535360765, 0.0019397078144089766, 0.03706729665842563, 0.010509513298174471, 0.011124648313213088, 0.005614548950236409, 0.014934956403765385, 0.006250212862476142, 0.007230805391550742, 0.009069031626643523, 0.0008760177282006686, 0.004334581508291528, 0.00639357728064353, 0.01088486940318393, 0.011802109319463574, 0.006249501806707717, 0.005091264582455193, 0.00782771201716572]}, {'overall_acc': 0.8202045328911001, 'bal_acc': 0.6766578050888111, 'avg_odds_diff': 0.2233024523694419, 'disp_imp': 1.2360628152216724, 'stat_par_diff': 0.02702386436962212, 'eq_opp_diff': 0.40161145171269474, 'theil_ind': 0.17840195922753468, 'TPR': 0.38748627881448955, 'TNR': 0.9658293313631326, 'FPR': 0.03417066863686738, 'FNR': 0.6125137211855104, 'GTPR': 1.0, 'GTNR': 1.0, 'GFPR': 0.0, 'GFNR': 0.0, 'PPV': 0.792368125701459, 'NPV': 0.8241134751773049, 'FDR': 0.20763187429854096, 'FOR': 0.17588652482269504, 'ACC': 0.8202045328911001, 'MCC': 0.4667039457490774, 'f1_score': 0.5204570586067084, 'fitness': 0.793180668521478, 'solution': {'corr_type': 'spearman', 'l2': 0.001, 'dropout': 0.19732936030699003, 'privileged_demotion': 0.6278240984109028, 'privileged_promotion': 0.1398430732041873, 'protected_demotion': 0.1417670566206954, 'protected_promotion': 0.6394048729664893}, 'corr': [0.09077788948924177, 0.003141075549940012, 1.0, 0.06707254648541233, 0.04405878060156745, 0.2677560392081955, 0.010390263878949348, 0.045649186253023374, 0.07002273346247687, 0.08772513656205903, 0.10499569131361021, 0.024349853858702288, 0.003346207210477006, 0.008721447166909934, 0.008516580176061817, 0.0064545950188989645, 0.006653656197700689, 0.02348965126105743, 0.027322650488287213, 0.015293781228612156, 0.022490956952876926, 0.008013507009928358, 0.014758288444036838, 0.03088991124156633, 0.010168198997268972, 0.008915108933240651, 0.005859625495151363, 0.045407637037739035, 0.06027718668441726, 0.2382555898602624, 0.016770186270579, 0.43890547344808195, 0.04129306156156269, 0.17833471061716483, 0.10536512582235072, 0.17875435225657393, 0.2765617988271952, 0.013594606541588564, 0.2272716168319427, 0.030270771185392963, 0.10063989947259931, 0.09094864930649048, 0.03654930373512998, 0.16759285263139206, 0.09343746923482214, 0.032230119495643444, 0.06373959815699029, 0.024696464629648984, 0.023062552121285614, 0.13523261435162304, 0.5825583998277074, 0.17412400734749697, 0.05210730382736026, 0.09910031727609238, 0.3229484116796712, 0.3163103844729845, 0.01425359020016891, 0.009019626372626512, 0.11712564408777118, 0.008644996944516207, 0.10872337687998798, 0.00386413442277796, 0.0012165817227382818, 0.0077754915797785444, 0.006133808140235992, 0.005873344250115684, 0.016799959016742954, 0.0011296962672038915, 0.002941229852465713, 0.0006657435531939935, 0.0012391546162224569, 0.016459449708140943, 0.014067242999868043, 0.004543566853862858, 0.013560064045063911, 0.008431526701740027, 0.014807632238338692, 0.0012391546162224569, 0.002259065718351871, 0.025990996724321355, 0.015591863846867718, 0.0012391546162224569, 0.010439404598234805, 0.020954511614776856, 0.0045904961535360765, 0.0019397078144089766, 0.03706729665842563, 0.010509513298174471, 0.011124648313213088, 0.005614548950236409, 0.014934956403765385, 0.006250212862476142, 0.007230805391550742, 0.009069031626643523, 0.0008760177282006686, 0.004334581508291528, 0.00639357728064353, 0.01088486940318393, 0.011802109319463574, 0.006249501806707717, 0.005091264582455193, 0.00782771201716572]}, {'overall_acc': 0.8272526257600884, 'bal_acc': 0.6964796719648251, 'avg_odds_diff': 0.19969160702016542, 'disp_imp': 1.0592473340885624, 'stat_par_diff': 0.008083562662347582, 'eq_opp_diff': 0.3607345744980032, 'theil_ind': 0.16650806297183565, 'TPR': 0.43304061470911087, 'TNR': 0.9599187292205393, 'FPR': 0.04008127077946066, 'FNR': 0.5669593852908892, 'GTPR': 1.0, 'GTNR': 1.0, 'GFPR': 0.0, 'GFNR': 0.0, 'PPV': 0.7842942345924453, 'NPV': 0.8341894060995184, 'FDR': 0.21570576540755468, 'FOR': 0.16581059390048153, 'ACC': 0.8272526257600884, 'MCC': 0.49298978252853837, 'f1_score': 0.5579915134370581, 'fitness': 0.8191690630977408, 'solution': {'corr_type': 'spearman', 'l2': 0.001, 'dropout': 0.18759430311910255, 'privileged_demotion': 0.6419851533328814, 'privileged_promotion': 0.13351402187918956, 'protected_demotion': 0.15957916710216424, 'protected_promotion': 0.677096733406122}, 'corr': [0.09077788948924177, 0.003141075549940012, 1.0, 0.06707254648541233, 0.04405878060156745, 0.2677560392081955, 0.010390263878949348, 0.045649186253023374, 0.07002273346247687, 0.08772513656205903, 0.10499569131361021, 0.024349853858702288, 0.003346207210477006, 0.008721447166909934, 0.008516580176061817, 0.0064545950188989645, 0.006653656197700689, 0.02348965126105743, 0.027322650488287213, 0.015293781228612156, 0.022490956952876926, 0.008013507009928358, 0.014758288444036838, 0.03088991124156633, 0.010168198997268972, 0.008915108933240651, 0.005859625495151363, 0.045407637037739035, 0.06027718668441726, 0.2382555898602624, 0.016770186270579, 0.43890547344808195, 0.04129306156156269, 0.17833471061716483, 0.10536512582235072, 0.17875435225657393, 0.2765617988271952, 0.013594606541588564, 0.2272716168319427, 0.030270771185392963, 0.10063989947259931, 0.09094864930649048, 0.03654930373512998, 0.16759285263139206, 0.09343746923482214, 0.032230119495643444, 0.06373959815699029, 0.024696464629648984, 0.023062552121285614, 0.13523261435162304, 0.5825583998277074, 0.17412400734749697, 0.05210730382736026, 0.09910031727609238, 0.3229484116796712, 0.3163103844729845, 0.01425359020016891, 0.009019626372626512, 0.11712564408777118, 0.008644996944516207, 0.10872337687998798, 0.00386413442277796, 0.0012165817227382818, 0.0077754915797785444, 0.006133808140235992, 0.005873344250115684, 0.016799959016742954, 0.0011296962672038915, 0.002941229852465713, 0.0006657435531939935, 0.0012391546162224569, 0.016459449708140943, 0.014067242999868043, 0.004543566853862858, 0.013560064045063911, 0.008431526701740027, 0.014807632238338692, 0.0012391546162224569, 0.002259065718351871, 0.025990996724321355, 0.015591863846867718, 0.0012391546162224569, 0.010439404598234805, 0.020954511614776856, 0.0045904961535360765, 0.0019397078144089766, 0.03706729665842563, 0.010509513298174471, 0.011124648313213088, 0.005614548950236409, 0.014934956403765385, 0.006250212862476142, 0.007230805391550742, 0.009069031626643523, 0.0008760177282006686, 0.004334581508291528, 0.00639357728064353, 0.01088486940318393, 0.011802109319463574, 0.006249501806707717, 0.005091264582455193, 0.00782771201716572]}, {'overall_acc': 0.554726368159204, 'bal_acc': 0.4879590134452412, 'avg_odds_diff': 0.6467425030753285, 'disp_imp': 8.803655549274543, 'stat_par_diff': 0.8282855219034794, 'eq_opp_diff': 0.3349644711926055, 'theil_ind': 0.23669665930266784, 'TPR': 0.3534577387486279, 'TNR': 0.6224602881418545, 'FPR': 0.37753971185814555, 'FNR': 0.6465422612513722, 'GTPR': 1.0, 'GTNR': 1.0, 'GFPR': 0.0, 'GFNR': 0.0, 'PPV': 0.23958333333333334, 'NPV': 0.7409850483729111, 'FDR': 0.7604166666666666, 'FOR': 0.2590149516270888, 'ACC': 0.554726368159204, 'MCC': -0.02163219150305004, 'f1_score': 0.2855875831485588, 'fitness': -0.2735591537442754, 'solution': {'corr_type': 'spearman', 'l2': 0.001, 'dropout': 0.1869263007429083, 'privileged_demotion': 0.6361539714832837, 'privileged_promotion': 0.1273065829590354, 'protected_demotion': 0.73570916409685, 'protected_promotion': 0.6451892195852214}, 'corr': [0.09077788948924177, 0.003141075549940012, 1.0, 0.06707254648541233, 0.04405878060156745, 0.2677560392081955, 0.010390263878949348, 0.045649186253023374, 0.07002273346247687, 0.08772513656205903, 0.10499569131361021, 0.024349853858702288, 0.003346207210477006, 0.008721447166909934, 0.008516580176061817, 0.0064545950188989645, 0.006653656197700689, 0.02348965126105743, 0.027322650488287213, 0.015293781228612156, 0.022490956952876926, 0.008013507009928358, 0.014758288444036838, 0.03088991124156633, 0.010168198997268972, 0.008915108933240651, 0.005859625495151363, 0.045407637037739035, 0.06027718668441726, 0.2382555898602624, 0.016770186270579, 0.43890547344808195, 0.04129306156156269, 0.17833471061716483, 0.10536512582235072, 0.17875435225657393, 0.2765617988271952, 0.013594606541588564, 0.2272716168319427, 0.030270771185392963, 0.10063989947259931, 0.09094864930649048, 0.03654930373512998, 0.16759285263139206, 0.09343746923482214, 0.032230119495643444, 0.06373959815699029, 0.024696464629648984, 0.023062552121285614, 0.13523261435162304, 0.5825583998277074, 0.17412400734749697, 0.05210730382736026, 0.09910031727609238, 0.3229484116796712, 0.3163103844729845, 0.01425359020016891, 0.009019626372626512, 0.11712564408777118, 0.008644996944516207, 0.10872337687998798, 0.00386413442277796, 0.0012165817227382818, 0.0077754915797785444, 0.006133808140235992, 0.005873344250115684, 0.016799959016742954, 0.0011296962672038915, 0.002941229852465713, 0.0006657435531939935, 0.0012391546162224569, 0.016459449708140943, 0.014067242999868043, 0.004543566853862858, 0.013560064045063911, 0.008431526701740027, 0.014807632238338692, 0.0012391546162224569, 0.002259065718351871, 0.025990996724321355, 0.015591863846867718, 0.0012391546162224569, 0.010439404598234805, 0.020954511614776856, 0.0045904961535360765, 0.0019397078144089766, 0.03706729665842563, 0.010509513298174471, 0.011124648313213088, 0.005614548950236409, 0.014934956403765385, 0.006250212862476142, 0.007230805391550742, 0.009069031626643523, 0.0008760177282006686, 0.004334581508291528, 0.00639357728064353, 0.01088486940318393, 0.011802109319463574, 0.006249501806707717, 0.005091264582455193, 0.00782771201716572]}, {'overall_acc': 0.8246268656716418, 'bal_acc': 0.68707799878106, 'avg_odds_diff': 0.21432665945772283, 'disp_imp': 1.1405637607358157, 'stat_par_diff': 0.017491870998438228, 'eq_opp_diff': 0.38790145677484666, 'theil_ind': 0.17214627045374914, 'TPR': 0.4099890230515917, 'TNR': 0.9641669745105282, 'FPR': 0.03583302548947174, 'FNR': 0.5900109769484083, 'GTPR': 1.0, 'GTNR': 1.0, 'GFPR': 0.0, 'GFNR': 0.0, 'PPV': 0.793836344314559, 'NPV': 0.82922954725973, 'FDR': 0.206163655685441, 'FOR': 0.17077045274027006, 'ACC': 0.8246268656716418, 'MCC': 0.4828289968600785, 'f1_score': 0.5407166123778503, 'fitness': 0.8071349946732036, 'solution': {'corr_type': 'spearman', 'l2': 0.001, 'dropout': 0.1800217086576379, 'privileged_demotion': 0.6338606057110967, 'privileged_promotion': 0.12584669290644535, 'protected_demotion': 0.15889088324103984, 'protected_promotion': 0.6402855762445032}, 'corr': [0.09077788948924177, 0.003141075549940012, 1.0, 0.06707254648541233, 0.04405878060156745, 0.2677560392081955, 0.010390263878949348, 0.045649186253023374, 0.07002273346247687, 0.08772513656205903, 0.10499569131361021, 0.024349853858702288, 0.003346207210477006, 0.008721447166909934, 0.008516580176061817, 0.0064545950188989645, 0.006653656197700689, 0.02348965126105743, 0.027322650488287213, 0.015293781228612156, 0.022490956952876926, 0.008013507009928358, 0.014758288444036838, 0.03088991124156633, 0.010168198997268972, 0.008915108933240651, 0.005859625495151363, 0.045407637037739035, 0.06027718668441726, 0.2382555898602624, 0.016770186270579, 0.43890547344808195, 0.04129306156156269, 0.17833471061716483, 0.10536512582235072, 0.17875435225657393, 0.2765617988271952, 0.013594606541588564, 0.2272716168319427, 0.030270771185392963, 0.10063989947259931, 0.09094864930649048, 0.03654930373512998, 0.16759285263139206, 0.09343746923482214, 0.032230119495643444, 0.06373959815699029, 0.024696464629648984, 0.023062552121285614, 0.13523261435162304, 0.5825583998277074, 0.17412400734749697, 0.05210730382736026, 0.09910031727609238, 0.3229484116796712, 0.3163103844729845, 0.01425359020016891, 0.009019626372626512, 0.11712564408777118, 0.008644996944516207, 0.10872337687998798, 0.00386413442277796, 0.0012165817227382818, 0.0077754915797785444, 0.006133808140235992, 0.005873344250115684, 0.016799959016742954, 0.0011296962672038915, 0.002941229852465713, 0.0006657435531939935, 0.0012391546162224569, 0.016459449708140943, 0.014067242999868043, 0.004543566853862858, 0.013560064045063911, 0.008431526701740027, 0.014807632238338692, 0.0012391546162224569, 0.002259065718351871, 0.025990996724321355, 0.015591863846867718, 0.0012391546162224569, 0.010439404598234805, 0.020954511614776856, 0.0045904961535360765, 0.0019397078144089766, 0.03706729665842563, 0.010509513298174471, 0.011124648313213088, 0.005614548950236409, 0.014934956403765385, 0.006250212862476142, 0.007230805391550742, 0.009069031626643523, 0.0008760177282006686, 0.004334581508291528, 0.00639357728064353, 0.01088486940318393, 0.011802109319463574, 0.006249501806707717, 0.005091264582455193, 0.00782771201716572]}, {'overall_acc': 0.8287728026533997, 'bal_acc': 0.7036859554669217, 'avg_odds_diff': 0.1916900774989855, 'disp_imp': 0.9891309392758323, 'stat_par_diff': 0.001602291383696941, 'eq_opp_diff': 0.3515523932729625, 'theil_ind': 0.16217914441869366, 'TPR': 0.4517014270032931, 'TNR': 0.9556704839305504, 'FPR': 0.04432951606944958, 'FNR': 0.5482985729967069, 'GTPR': 1.0, 'GTNR': 1.0, 'GFPR': 0.0, 'GFNR': 0.0, 'PPV': 0.7742238946378175, 'NPV': 0.8381662076786004, 'FDR': 0.2257761053621825, 'FOR': 0.16183379232139963, 'ACC': 0.8287728026533997, 'MCC': 0.49947024557786335, 'f1_score': 0.5705372616984402, 'fitness': 0.8271705112697028, 'solution': {'corr_type': 'spearman', 'l2': 0.001, 'dropout': 0.18006554276316628, 'privileged_demotion': 0.6426148428149234, 'privileged_promotion': 0.2421245267356355, 'protected_demotion': 0.1546048288701339, 'protected_promotion': 0.6832444044252222}, 'corr': [0.09077788948924177, 0.003141075549940012, 1.0, 0.06707254648541233, 0.04405878060156745, 0.2677560392081955, 0.010390263878949348, 0.045649186253023374, 0.07002273346247687, 0.08772513656205903, 0.10499569131361021, 0.024349853858702288, 0.003346207210477006, 0.008721447166909934, 0.008516580176061817, 0.0064545950188989645, 0.006653656197700689, 0.02348965126105743, 0.027322650488287213, 0.015293781228612156, 0.022490956952876926, 0.008013507009928358, 0.014758288444036838, 0.03088991124156633, 0.010168198997268972, 0.008915108933240651, 0.005859625495151363, 0.045407637037739035, 0.06027718668441726, 0.2382555898602624, 0.016770186270579, 0.43890547344808195, 0.04129306156156269, 0.17833471061716483, 0.10536512582235072, 0.17875435225657393, 0.2765617988271952, 0.013594606541588564, 0.2272716168319427, 0.030270771185392963, 0.10063989947259931, 0.09094864930649048, 0.03654930373512998, 0.16759285263139206, 0.09343746923482214, 0.032230119495643444, 0.06373959815699029, 0.024696464629648984, 0.023062552121285614, 0.13523261435162304, 0.5825583998277074, 0.17412400734749697, 0.05210730382736026, 0.09910031727609238, 0.3229484116796712, 0.3163103844729845, 0.01425359020016891, 0.009019626372626512, 0.11712564408777118, 0.008644996944516207, 0.10872337687998798, 0.00386413442277796, 0.0012165817227382818, 0.0077754915797785444, 0.006133808140235992, 0.005873344250115684, 0.016799959016742954, 0.0011296962672038915, 0.002941229852465713, 0.0006657435531939935, 0.0012391546162224569, 0.016459449708140943, 0.014067242999868043, 0.004543566853862858, 0.013560064045063911, 0.008431526701740027, 0.014807632238338692, 0.0012391546162224569, 0.002259065718351871, 0.025990996724321355, 0.015591863846867718, 0.0012391546162224569, 0.010439404598234805, 0.020954511614776856, 0.0045904961535360765, 0.0019397078144089766, 0.03706729665842563, 0.010509513298174471, 0.011124648313213088, 0.005614548950236409, 0.014934956403765385, 0.006250212862476142, 0.007230805391550742, 0.009069031626643523, 0.0008760177282006686, 0.004334581508291528, 0.00639357728064353, 0.01088486940318393, 0.011802109319463574, 0.006249501806707717, 0.005091264582455193, 0.00782771201716572]}, {'overall_acc': 0.8215865118850193, 'bal_acc': 0.6773992661218607, 'avg_odds_diff': 0.20205598420267007, 'disp_imp': 1.0993039380920662, 'stat_par_diff': 0.011691130572449443, 'eq_opp_diff': 0.3723681496897088, 'theil_ind': 0.17796138265055328, 'TPR': 0.38693743139407244, 'TNR': 0.967861100849649, 'FPR': 0.03213889915035094, 'FNR': 0.6130625686059276, 'GTPR': 1.0, 'GTNR': 1.0, 'GFPR': 0.0, 'GFNR': 0.0, 'PPV': 0.8020477815699659, 'NPV': 0.8242881862513765, 'FDR': 0.19795221843003413, 'FOR': 0.17571181374862357, 'ACC': 0.8215865118850193, 'MCC': 0.471405432801175, 'f1_score': 0.5220288781932618, 'fitness': 0.8098953813125699, 'solution': {'corr_type': 'spearman', 'l2': 0.001, 'dropout': 0.17960462940143923, 'privileged_demotion': 0.6365928456248812, 'privileged_promotion': 0.1228706044701395, 'protected_demotion': 0.20114670893419656, 'protected_promotion': 0.706094881577684}, 'corr': [0.09077788948924177, 0.003141075549940012, 1.0, 0.06707254648541233, 0.04405878060156745, 0.2677560392081955, 0.010390263878949348, 0.045649186253023374, 0.07002273346247687, 0.08772513656205903, 0.10499569131361021, 0.024349853858702288, 0.003346207210477006, 0.008721447166909934, 0.008516580176061817, 0.0064545950188989645, 0.006653656197700689, 0.02348965126105743, 0.027322650488287213, 0.015293781228612156, 0.022490956952876926, 0.008013507009928358, 0.014758288444036838, 0.03088991124156633, 0.010168198997268972, 0.008915108933240651, 0.005859625495151363, 0.045407637037739035, 0.06027718668441726, 0.2382555898602624, 0.016770186270579, 0.43890547344808195, 0.04129306156156269, 0.17833471061716483, 0.10536512582235072, 0.17875435225657393, 0.2765617988271952, 0.013594606541588564, 0.2272716168319427, 0.030270771185392963, 0.10063989947259931, 0.09094864930649048, 0.03654930373512998, 0.16759285263139206, 0.09343746923482214, 0.032230119495643444, 0.06373959815699029, 0.024696464629648984, 0.023062552121285614, 0.13523261435162304, 0.5825583998277074, 0.17412400734749697, 0.05210730382736026, 0.09910031727609238, 0.3229484116796712, 0.3163103844729845, 0.01425359020016891, 0.009019626372626512, 0.11712564408777118, 0.008644996944516207, 0.10872337687998798, 0.00386413442277796, 0.0012165817227382818, 0.0077754915797785444, 0.006133808140235992, 0.005873344250115684, 0.016799959016742954, 0.0011296962672038915, 0.002941229852465713, 0.0006657435531939935, 0.0012391546162224569, 0.016459449708140943, 0.014067242999868043, 0.004543566853862858, 0.013560064045063911, 0.008431526701740027, 0.014807632238338692, 0.0012391546162224569, 0.002259065718351871, 0.025990996724321355, 0.015591863846867718, 0.0012391546162224569, 0.010439404598234805, 0.020954511614776856, 0.0045904961535360765, 0.0019397078144089766, 0.03706729665842563, 0.010509513298174471, 0.011124648313213088, 0.005614548950236409, 0.014934956403765385, 0.006250212862476142, 0.007230805391550742, 0.009069031626643523, 0.0008760177282006686, 0.004334581508291528, 0.00639357728064353, 0.01088486940318393, 0.011802109319463574, 0.006249501806707717, 0.005091264582455193, 0.00782771201716572]}, {'overall_acc': 0.8229684908789386, 'bal_acc': 0.7072720154317971, 'avg_odds_diff': 0.21325069415633693, 'disp_imp': 1.1532541729732035, 'stat_par_diff': 0.023963493089953936, 'eq_opp_diff': 0.36346251195230334, 'theil_ind': 0.15968154278304653, 'TPR': 0.47420417124039516, 'TNR': 0.9403398596231991, 'FPR': 0.05966014037680089, 'FNR': 0.5257958287596048, 'GTPR': 1.0, 'GTNR': 1.0, 'GFPR': 0.0, 'GFNR': 0.0, 'PPV': 0.7278854254422915, 'NPV': 0.8416267151595305, 'FDR': 0.2721145745577085, 'FOR': 0.1583732848404695, 'ACC': 0.8229684908789386, 'MCC': 0.4858887304628843, 'f1_score': 0.5742771684945164, 'fitness': 0.7990049977889847, 'solution': {'corr_type': 'spearman', 'l2': 0.001, 'dropout': 0.17980931879864048, 'privileged_demotion': 0.6376627403684535, 'privileged_promotion': 0.25269114224658495, 'protected_demotion': 0.07670039632091605, 'protected_promotion': 0.7309004834951957}, 'corr': [0.09077788948924177, 0.003141075549940012, 1.0, 0.06707254648541233, 0.04405878060156745, 0.2677560392081955, 0.010390263878949348, 0.045649186253023374, 0.07002273346247687, 0.08772513656205903, 0.10499569131361021, 0.024349853858702288, 0.003346207210477006, 0.008721447166909934, 0.008516580176061817, 0.0064545950188989645, 0.006653656197700689, 0.02348965126105743, 0.027322650488287213, 0.015293781228612156, 0.022490956952876926, 0.008013507009928358, 0.014758288444036838, 0.03088991124156633, 0.010168198997268972, 0.008915108933240651, 0.005859625495151363, 0.045407637037739035, 0.06027718668441726, 0.2382555898602624, 0.016770186270579, 0.43890547344808195, 0.04129306156156269, 0.17833471061716483, 0.10536512582235072, 0.17875435225657393, 0.2765617988271952, 0.013594606541588564, 0.2272716168319427, 0.030270771185392963, 0.10063989947259931, 0.09094864930649048, 0.03654930373512998, 0.16759285263139206, 0.09343746923482214, 0.032230119495643444, 0.06373959815699029, 0.024696464629648984, 0.023062552121285614, 0.13523261435162304, 0.5825583998277074, 0.17412400734749697, 0.05210730382736026, 0.09910031727609238, 0.3229484116796712, 0.3163103844729845, 0.01425359020016891, 0.009019626372626512, 0.11712564408777118, 0.008644996944516207, 0.10872337687998798, 0.00386413442277796, 0.0012165817227382818, 0.0077754915797785444, 0.006133808140235992, 0.005873344250115684, 0.016799959016742954, 0.0011296962672038915, 0.002941229852465713, 0.0006657435531939935, 0.0012391546162224569, 0.016459449708140943, 0.014067242999868043, 0.004543566853862858, 0.013560064045063911, 0.008431526701740027, 0.014807632238338692, 0.0012391546162224569, 0.002259065718351871, 0.025990996724321355, 0.015591863846867718, 0.0012391546162224569, 0.010439404598234805, 0.020954511614776856, 0.0045904961535360765, 0.0019397078144089766, 0.03706729665842563, 0.010509513298174471, 0.011124648313213088, 0.005614548950236409, 0.014934956403765385, 0.006250212862476142, 0.007230805391550742, 0.009069031626643523, 0.0008760177282006686, 0.004334581508291528, 0.00639357728064353, 0.01088486940318393, 0.011802109319463574, 0.006249501806707717, 0.005091264582455193, 0.00782771201716572]}, {'overall_acc': 0.8326423438363737, 'bal_acc': 0.7162857242494861, 'avg_odds_diff': 0.1615279611151954, 'disp_imp': 0.8590756787372232, 'stat_par_diff': 0.023353664463026252, 'eq_opp_diff': 0.3031666572923111, 'theil_ind': 0.15466288883313062, 'TPR': 0.4818880351262349, 'TNR': 0.9506834133727373, 'FPR': 0.049316586627262654, 'FNR': 0.5181119648737651, 'GTPR': 1.0, 'GTNR': 1.0, 'GFPR': 0.0, 'GFNR': 0.0, 'PPV': 0.7668122270742358, 'NPV': 0.8450172385486784, 'FDR': 0.2331877729257642, 'FOR': 0.15498276145132162, 'ACC': 0.8326423438363737, 'MCC': 0.5144511232166338, 'f1_score': 0.5918436130771824, 'fitness': 0.8092886793733475, 'solution': {'corr_type': 'spearman', 'l2': 0.001, 'dropout': 0.17246953506072235, 'privileged_demotion': 0.52128088307947, 'privileged_promotion': 0.23650338335075793, 'protected_demotion': 0.16016298696564552, 'protected_promotion': 0.7123387440029111}, 'corr': [0.09077788948924177, 0.003141075549940012, 1.0, 0.06707254648541233, 0.04405878060156745, 0.2677560392081955, 0.010390263878949348, 0.045649186253023374, 0.07002273346247687, 0.08772513656205903, 0.10499569131361021, 0.024349853858702288, 0.003346207210477006, 0.008721447166909934, 0.008516580176061817, 0.0064545950188989645, 0.006653656197700689, 0.02348965126105743, 0.027322650488287213, 0.015293781228612156, 0.022490956952876926, 0.008013507009928358, 0.014758288444036838, 0.03088991124156633, 0.010168198997268972, 0.008915108933240651, 0.005859625495151363, 0.045407637037739035, 0.06027718668441726, 0.2382555898602624, 0.016770186270579, 0.43890547344808195, 0.04129306156156269, 0.17833471061716483, 0.10536512582235072, 0.17875435225657393, 0.2765617988271952, 0.013594606541588564, 0.2272716168319427, 0.030270771185392963, 0.10063989947259931, 0.09094864930649048, 0.03654930373512998, 0.16759285263139206, 0.09343746923482214, 0.032230119495643444, 0.06373959815699029, 0.024696464629648984, 0.023062552121285614, 0.13523261435162304, 0.5825583998277074, 0.17412400734749697, 0.05210730382736026, 0.09910031727609238, 0.3229484116796712, 0.3163103844729845, 0.01425359020016891, 0.009019626372626512, 0.11712564408777118, 0.008644996944516207, 0.10872337687998798, 0.00386413442277796, 0.0012165817227382818, 0.0077754915797785444, 0.006133808140235992, 0.005873344250115684, 0.016799959016742954, 0.0011296962672038915, 0.002941229852465713, 0.0006657435531939935, 0.0012391546162224569, 0.016459449708140943, 0.014067242999868043, 0.004543566853862858, 0.013560064045063911, 0.008431526701740027, 0.014807632238338692, 0.0012391546162224569, 0.002259065718351871, 0.025990996724321355, 0.015591863846867718, 0.0012391546162224569, 0.010439404598234805, 0.020954511614776856, 0.0045904961535360765, 0.0019397078144089766, 0.03706729665842563, 0.010509513298174471, 0.011124648313213088, 0.005614548950236409, 0.014934956403765385, 0.006250212862476142, 0.007230805391550742, 0.009069031626643523, 0.0008760177282006686, 0.004334581508291528, 0.00639357728064353, 0.01088486940318393, 0.011802109319463574, 0.006249501806707717, 0.005091264582455193, 0.00782771201716572]}, {'overall_acc': 0.8327805417357657, 'bal_acc': 0.7278485221669884, 'avg_odds_diff': 0.17257329584153916, 'disp_imp': 0.9368041062444727, 'stat_par_diff': 0.011320777226234147, 'eq_opp_diff': 0.3051165232390273, 'theil_ind': 0.14758816936848962, 'TPR': 0.5164654226125137, 'TNR': 0.9392316217214629, 'FPR': 0.06076837827853713, 'FNR': 0.4835345773874863, 'GTPR': 1.0, 'GTNR': 1.0, 'GFPR': 0.0, 'GFNR': 0.0, 'PPV': 0.7409448818897638, 'NPV': 0.8523298692591351, 'FDR': 0.25905511811023624, 'FOR': 0.1476701307408649, 'ACC': 0.8327805417357657, 'MCC': 0.5199553351745981, 'f1_score': 0.6086675291073739, 'fitness': 0.8214597645095315, 'solution': {'corr_type': 'spearman', 'l2': 0.001, 'dropout': 0.1805088716486655, 'privileged_demotion': 0.4472744987168417, 'privileged_promotion': 0.19414516641438617, 'protected_demotion': 0.0787938331306479, 'protected_promotion': 0.7038132126626633}, 'corr': [0.09077788948924177, 0.003141075549940012, 1.0, 0.06707254648541233, 0.04405878060156745, 0.2677560392081955, 0.010390263878949348, 0.045649186253023374, 0.07002273346247687, 0.08772513656205903, 0.10499569131361021, 0.024349853858702288, 0.003346207210477006, 0.008721447166909934, 0.008516580176061817, 0.0064545950188989645, 0.006653656197700689, 0.02348965126105743, 0.027322650488287213, 0.015293781228612156, 0.022490956952876926, 0.008013507009928358, 0.014758288444036838, 0.03088991124156633, 0.010168198997268972, 0.008915108933240651, 0.005859625495151363, 0.045407637037739035, 0.06027718668441726, 0.2382555898602624, 0.016770186270579, 0.43890547344808195, 0.04129306156156269, 0.17833471061716483, 0.10536512582235072, 0.17875435225657393, 0.2765617988271952, 0.013594606541588564, 0.2272716168319427, 0.030270771185392963, 0.10063989947259931, 0.09094864930649048, 0.03654930373512998, 0.16759285263139206, 0.09343746923482214, 0.032230119495643444, 0.06373959815699029, 0.024696464629648984, 0.023062552121285614, 0.13523261435162304, 0.5825583998277074, 0.17412400734749697, 0.05210730382736026, 0.09910031727609238, 0.3229484116796712, 0.3163103844729845, 0.01425359020016891, 0.009019626372626512, 0.11712564408777118, 0.008644996944516207, 0.10872337687998798, 0.00386413442277796, 0.0012165817227382818, 0.0077754915797785444, 0.006133808140235992, 0.005873344250115684, 0.016799959016742954, 0.0011296962672038915, 0.002941229852465713, 0.0006657435531939935, 0.0012391546162224569, 0.016459449708140943, 0.014067242999868043, 0.004543566853862858, 0.013560064045063911, 0.008431526701740027, 0.014807632238338692, 0.0012391546162224569, 0.002259065718351871, 0.025990996724321355, 0.015591863846867718, 0.0012391546162224569, 0.010439404598234805, 0.020954511614776856, 0.0045904961535360765, 0.0019397078144089766, 0.03706729665842563, 0.010509513298174471, 0.011124648313213088, 0.005614548950236409, 0.014934956403765385, 0.006250212862476142, 0.007230805391550742, 0.009069031626643523, 0.0008760177282006686, 0.004334581508291528, 0.00639357728064353, 0.01088486940318393, 0.011802109319463574, 0.006249501806707717, 0.005091264582455193, 0.00782771201716572]}, {'overall_acc': 0.8189607517965727, 'bal_acc': 0.6838377309386527, 'avg_odds_diff': 0.24025464496786664, 'disp_imp': 1.343131368592189, 'stat_par_diff': 0.042211158600706455, 'eq_opp_diff': 0.41585109773703055, 'theil_ind': 0.17399484231567014, 'TPR': 0.411635565312843, 'TNR': 0.9560398965644625, 'FPR': 0.043960103435537495, 'FNR': 0.5883644346871569, 'GTPR': 1.0, 'GTNR': 1.0, 'GFPR': 0.0, 'GFNR': 0.0, 'PPV': 0.7591093117408907, 'NPV': 0.8284250960307298, 'FDR': 0.2408906882591093, 'FOR': 0.17157490396927016, 'ACC': 0.8189607517965727, 'MCC': 0.46478165276421973, 'f1_score': 0.5338078291814947, 'fitness': 0.7767495931958662, 'solution': {'corr_type': 'spearman', 'l2': 0.001, 'dropout': 0.17041987970154052, 'privileged_demotion': 0.5347956733283463, 'privileged_promotion': 0.07911923802807302, 'protected_demotion': 0.0780358872797212, 'protected_promotion': 0.7094807151622392}, 'corr': [0.09077788948924177, 0.003141075549940012, 1.0, 0.06707254648541233, 0.04405878060156745, 0.2677560392081955, 0.010390263878949348, 0.045649186253023374, 0.07002273346247687, 0.08772513656205903, 0.10499569131361021, 0.024349853858702288, 0.003346207210477006, 0.008721447166909934, 0.008516580176061817, 0.0064545950188989645, 0.006653656197700689, 0.02348965126105743, 0.027322650488287213, 0.015293781228612156, 0.022490956952876926, 0.008013507009928358, 0.014758288444036838, 0.03088991124156633, 0.010168198997268972, 0.008915108933240651, 0.005859625495151363, 0.045407637037739035, 0.06027718668441726, 0.2382555898602624, 0.016770186270579, 0.43890547344808195, 0.04129306156156269, 0.17833471061716483, 0.10536512582235072, 0.17875435225657393, 0.2765617988271952, 0.013594606541588564, 0.2272716168319427, 0.030270771185392963, 0.10063989947259931, 0.09094864930649048, 0.03654930373512998, 0.16759285263139206, 0.09343746923482214, 0.032230119495643444, 0.06373959815699029, 0.024696464629648984, 0.023062552121285614, 0.13523261435162304, 0.5825583998277074, 0.17412400734749697, 0.05210730382736026, 0.09910031727609238, 0.3229484116796712, 0.3163103844729845, 0.01425359020016891, 0.009019626372626512, 0.11712564408777118, 0.008644996944516207, 0.10872337687998798, 0.00386413442277796, 0.0012165817227382818, 0.0077754915797785444, 0.006133808140235992, 0.005873344250115684, 0.016799959016742954, 0.0011296962672038915, 0.002941229852465713, 0.0006657435531939935, 0.0012391546162224569, 0.016459449708140943, 0.014067242999868043, 0.004543566853862858, 0.013560064045063911, 0.008431526701740027, 0.014807632238338692, 0.0012391546162224569, 0.002259065718351871, 0.025990996724321355, 0.015591863846867718, 0.0012391546162224569, 0.010439404598234805, 0.020954511614776856, 0.0045904961535360765, 0.0019397078144089766, 0.03706729665842563, 0.010509513298174471, 0.011124648313213088, 0.005614548950236409, 0.014934956403765385, 0.006250212862476142, 0.007230805391550742, 0.009069031626643523, 0.0008760177282006686, 0.004334581508291528, 0.00639357728064353, 0.01088486940318393, 0.011802109319463574, 0.006249501806707717, 0.005091264582455193, 0.00782771201716572]}, {'overall_acc': 0.8367882808181316, 'bal_acc': 0.7347143864526533, 'avg_odds_diff': 0.15450860289896418, 'disp_imp': 0.8658401662944174, 'stat_par_diff': 0.02493332411689761, 'eq_opp_diff': 0.27742936423120906, 'theil_ind': 0.1436336279169927, 'TPR': 0.5290889132821076, 'TNR': 0.9403398596231991, 'FPR': 0.05966014037680089, 'FNR': 0.47091108671789245, 'GTPR': 1.0, 'GTNR': 1.0, 'GFPR': 0.0, 'GFNR': 0.0, 'PPV': 0.749028749028749, 'NPV': 0.8557740796772567, 'FDR': 0.25097125097125095, 'FOR': 0.1442259203227433, 'ACC': 0.8367882808181316, 'MCC': 0.5328337918423707, 'f1_score': 0.6201350916693471, 'fitness': 0.811854956701234, 'solution': {'corr_type': 'spearman', 'l2': 0.001, 'dropout': 0.18082827031655055, 'privileged_demotion': 0.5352107336721532, 'privileged_promotion': 0.24682776631655862, 'protected_demotion': 0.11816931906624856, 'protected_promotion': 0.7109489575091459}, 'corr': [0.09077788948924177, 0.003141075549940012, 1.0, 0.06707254648541233, 0.04405878060156745, 0.2677560392081955, 0.010390263878949348, 0.045649186253023374, 0.07002273346247687, 0.08772513656205903, 0.10499569131361021, 0.024349853858702288, 0.003346207210477006, 0.008721447166909934, 0.008516580176061817, 0.0064545950188989645, 0.006653656197700689, 0.02348965126105743, 0.027322650488287213, 0.015293781228612156, 0.022490956952876926, 0.008013507009928358, 0.014758288444036838, 0.03088991124156633, 0.010168198997268972, 0.008915108933240651, 0.005859625495151363, 0.045407637037739035, 0.06027718668441726, 0.2382555898602624, 0.016770186270579, 0.43890547344808195, 0.04129306156156269, 0.17833471061716483, 0.10536512582235072, 0.17875435225657393, 0.2765617988271952, 0.013594606541588564, 0.2272716168319427, 0.030270771185392963, 0.10063989947259931, 0.09094864930649048, 0.03654930373512998, 0.16759285263139206, 0.09343746923482214, 0.032230119495643444, 0.06373959815699029, 0.024696464629648984, 0.023062552121285614, 0.13523261435162304, 0.5825583998277074, 0.17412400734749697, 0.05210730382736026, 0.09910031727609238, 0.3229484116796712, 0.3163103844729845, 0.01425359020016891, 0.009019626372626512, 0.11712564408777118, 0.008644996944516207, 0.10872337687998798, 0.00386413442277796, 0.0012165817227382818, 0.0077754915797785444, 0.006133808140235992, 0.005873344250115684, 0.016799959016742954, 0.0011296962672038915, 0.002941229852465713, 0.0006657435531939935, 0.0012391546162224569, 0.016459449708140943, 0.014067242999868043, 0.004543566853862858, 0.013560064045063911, 0.008431526701740027, 0.014807632238338692, 0.0012391546162224569, 0.002259065718351871, 0.025990996724321355, 0.015591863846867718, 0.0012391546162224569, 0.010439404598234805, 0.020954511614776856, 0.0045904961535360765, 0.0019397078144089766, 0.03706729665842563, 0.010509513298174471, 0.011124648313213088, 0.005614548950236409, 0.014934956403765385, 0.006250212862476142, 0.007230805391550742, 0.009069031626643523, 0.0008760177282006686, 0.004334581508291528, 0.00639357728064353, 0.01088486940318393, 0.011802109319463574, 0.006249501806707717, 0.005091264582455193, 0.00782771201716572]}, {'overall_acc': 0.8315367606412383, 'bal_acc': 0.7120875584987817, 'avg_odds_diff': 0.1623364444993461, 'disp_imp': 0.8919065963959706, 'stat_par_diff': 0.01725362379608847, 'eq_opp_diff': 0.29837636162513825, 'theil_ind': 0.15717093346099095, 'TPR': 0.47145993413830956, 'TNR': 0.9527151828592538, 'FPR': 0.04728481714074621, 'FNR': 0.5285400658616904, 'GTPR': 1.0, 'GTNR': 1.0, 'GFPR': 0.0, 'GFNR': 0.0, 'PPV': 0.7704035874439462, 'NPV': 0.8426727658879268, 'FDR': 0.2295964125560538, 'FOR': 0.1573272341120732, 'ACC': 0.8315367606412383, 'MCC': 0.5099526781015928, 'f1_score': 0.5849506298944501, 'fitness': 0.8142831368451497, 'solution': {'corr_type': 'spearman', 'l2': 0.001, 'dropout': 0.1880312775583916, 'privileged_demotion': 0.543214375290162, 'privileged_promotion': 0.19235401589436976, 'protected_demotion': 0.16732774713282078, 'protected_promotion': 0.7222605555371697}, 'corr': [0.09077788948924177, 0.003141075549940012, 1.0, 0.06707254648541233, 0.04405878060156745, 0.2677560392081955, 0.010390263878949348, 0.045649186253023374, 0.07002273346247687, 0.08772513656205903, 0.10499569131361021, 0.024349853858702288, 0.003346207210477006, 0.008721447166909934, 0.008516580176061817, 0.0064545950188989645, 0.006653656197700689, 0.02348965126105743, 0.027322650488287213, 0.015293781228612156, 0.022490956952876926, 0.008013507009928358, 0.014758288444036838, 0.03088991124156633, 0.010168198997268972, 0.008915108933240651, 0.005859625495151363, 0.045407637037739035, 0.06027718668441726, 0.2382555898602624, 0.016770186270579, 0.43890547344808195, 0.04129306156156269, 0.17833471061716483, 0.10536512582235072, 0.17875435225657393, 0.2765617988271952, 0.013594606541588564, 0.2272716168319427, 0.030270771185392963, 0.10063989947259931, 0.09094864930649048, 0.03654930373512998, 0.16759285263139206, 0.09343746923482214, 0.032230119495643444, 0.06373959815699029, 0.024696464629648984, 0.023062552121285614, 0.13523261435162304, 0.5825583998277074, 0.17412400734749697, 0.05210730382736026, 0.09910031727609238, 0.3229484116796712, 0.3163103844729845, 0.01425359020016891, 0.009019626372626512, 0.11712564408777118, 0.008644996944516207, 0.10872337687998798, 0.00386413442277796, 0.0012165817227382818, 0.0077754915797785444, 0.006133808140235992, 0.005873344250115684, 0.016799959016742954, 0.0011296962672038915, 0.002941229852465713, 0.0006657435531939935, 0.0012391546162224569, 0.016459449708140943, 0.014067242999868043, 0.004543566853862858, 0.013560064045063911, 0.008431526701740027, 0.014807632238338692, 0.0012391546162224569, 0.002259065718351871, 0.025990996724321355, 0.015591863846867718, 0.0012391546162224569, 0.010439404598234805, 0.020954511614776856, 0.0045904961535360765, 0.0019397078144089766, 0.03706729665842563, 0.010509513298174471, 0.011124648313213088, 0.005614548950236409, 0.014934956403765385, 0.006250212862476142, 0.007230805391550742, 0.009069031626643523, 0.0008760177282006686, 0.004334581508291528, 0.00639357728064353, 0.01088486940318393, 0.011802109319463574, 0.006249501806707717, 0.005091264582455193, 0.00782771201716572]}, {'overall_acc': 0.5713101160862355, 'bal_acc': 0.5412817604640894, 'avg_odds_diff': 0.6624099132468229, 'disp_imp': 6.0418748877686435, 'stat_par_diff': 0.8078481926721617, 'eq_opp_diff': 0.3727806213322834, 'theil_ind': 0.19925326228514775, 'TPR': 0.4807903402854007, 'TNR': 0.601773180642778, 'FPR': 0.39822681935722204, 'FNR': 0.5192096597145993, 'GTPR': 1.0, 'GTNR': 1.0, 'GFPR': 0.0, 'GFNR': 0.0, 'PPV': 0.28891820580474936, 'NPV': 0.774976213130352, 'FDR': 0.7110817941952506, 'FOR': 0.22502378686964797, 'ACC': 0.5713101160862355, 'MCC': 0.07263159226495078, 'f1_score': 0.3609394313967862, 'fitness': -0.23653807658592618, 'solution': {'corr_type': 'spearman', 'l2': 0.001, 'dropout': 0.16970053275491648, 'privileged_demotion': 0.5328523517033306, 'privileged_promotion': 0.18216510431845628, 'protected_demotion': 0.9921892311052456, 'protected_promotion': 0.7304206242533015}, 'corr': [0.09077788948924177, 0.003141075549940012, 1.0, 0.06707254648541233, 0.04405878060156745, 0.2677560392081955, 0.010390263878949348, 0.045649186253023374, 0.07002273346247687, 0.08772513656205903, 0.10499569131361021, 0.024349853858702288, 0.003346207210477006, 0.008721447166909934, 0.008516580176061817, 0.0064545950188989645, 0.006653656197700689, 0.02348965126105743, 0.027322650488287213, 0.015293781228612156, 0.022490956952876926, 0.008013507009928358, 0.014758288444036838, 0.03088991124156633, 0.010168198997268972, 0.008915108933240651, 0.005859625495151363, 0.045407637037739035, 0.06027718668441726, 0.2382555898602624, 0.016770186270579, 0.43890547344808195, 0.04129306156156269, 0.17833471061716483, 0.10536512582235072, 0.17875435225657393, 0.2765617988271952, 0.013594606541588564, 0.2272716168319427, 0.030270771185392963, 0.10063989947259931, 0.09094864930649048, 0.03654930373512998, 0.16759285263139206, 0.09343746923482214, 0.032230119495643444, 0.06373959815699029, 0.024696464629648984, 0.023062552121285614, 0.13523261435162304, 0.5825583998277074, 0.17412400734749697, 0.05210730382736026, 0.09910031727609238, 0.3229484116796712, 0.3163103844729845, 0.01425359020016891, 0.009019626372626512, 0.11712564408777118, 0.008644996944516207, 0.10872337687998798, 0.00386413442277796, 0.0012165817227382818, 0.0077754915797785444, 0.006133808140235992, 0.005873344250115684, 0.016799959016742954, 0.0011296962672038915, 0.002941229852465713, 0.0006657435531939935, 0.0012391546162224569, 0.016459449708140943, 0.014067242999868043, 0.004543566853862858, 0.013560064045063911, 0.008431526701740027, 0.014807632238338692, 0.0012391546162224569, 0.002259065718351871, 0.025990996724321355, 0.015591863846867718, 0.0012391546162224569, 0.010439404598234805, 0.020954511614776856, 0.0045904961535360765, 0.0019397078144089766, 0.03706729665842563, 0.010509513298174471, 0.011124648313213088, 0.005614548950236409, 0.014934956403765385, 0.006250212862476142, 0.007230805391550742, 0.009069031626643523, 0.0008760177282006686, 0.004334581508291528, 0.00639357728064353, 0.01088486940318393, 0.011802109319463574, 0.006249501806707717, 0.005091264582455193, 0.00782771201716572]}, {'overall_acc': 0.839828634604754, 'bal_acc': 0.7300095455251396, 'avg_odds_diff': 0.12489017974259756, 'disp_imp': 0.7368196565146269, 'stat_par_diff': 0.047306104847716524, 'eq_opp_diff': 0.24158182874927342, 'theil_ind': 0.14665142688436966, 'TPR': 0.508781558726674, 'TNR': 0.9512375323236054, 'FPR': 0.048762467676394534, 'FNR': 0.49121844127332603, 'GTPR': 1.0, 'GTNR': 1.0, 'GFPR': 0.0, 'GFNR': 0.0, 'PPV': 0.7783375314861462, 'NPV': 0.8519437551695617, 'FDR': 0.2216624685138539, 'FOR': 0.1480562448304384, 'ACC': 0.839828634604754, 'MCC': 0.5384620920671754, 'f1_score': 0.6153335545967475, 'fitness': 0.7925225297570375, 'solution': {'corr_type': 'spearman', 'l2': 0.001, 'dropout': 0.17050449264629286, 'privileged_demotion': 0.45044223127822586, 'privileged_promotion': 0.19425396062829733, 'protected_demotion': 0.151171874953788, 'protected_promotion': 0.7136129540937565}, 'corr': [0.09077788948924177, 0.003141075549940012, 1.0, 0.06707254648541233, 0.04405878060156745, 0.2677560392081955, 0.010390263878949348, 0.045649186253023374, 0.07002273346247687, 0.08772513656205903, 0.10499569131361021, 0.024349853858702288, 0.003346207210477006, 0.008721447166909934, 0.008516580176061817, 0.0064545950188989645, 0.006653656197700689, 0.02348965126105743, 0.027322650488287213, 0.015293781228612156, 0.022490956952876926, 0.008013507009928358, 0.014758288444036838, 0.03088991124156633, 0.010168198997268972, 0.008915108933240651, 0.005859625495151363, 0.045407637037739035, 0.06027718668441726, 0.2382555898602624, 0.016770186270579, 0.43890547344808195, 0.04129306156156269, 0.17833471061716483, 0.10536512582235072, 0.17875435225657393, 0.2765617988271952, 0.013594606541588564, 0.2272716168319427, 0.030270771185392963, 0.10063989947259931, 0.09094864930649048, 0.03654930373512998, 0.16759285263139206, 0.09343746923482214, 0.032230119495643444, 0.06373959815699029, 0.024696464629648984, 0.023062552121285614, 0.13523261435162304, 0.5825583998277074, 0.17412400734749697, 0.05210730382736026, 0.09910031727609238, 0.3229484116796712, 0.3163103844729845, 0.01425359020016891, 0.009019626372626512, 0.11712564408777118, 0.008644996944516207, 0.10872337687998798, 0.00386413442277796, 0.0012165817227382818, 0.0077754915797785444, 0.006133808140235992, 0.005873344250115684, 0.016799959016742954, 0.0011296962672038915, 0.002941229852465713, 0.0006657435531939935, 0.0012391546162224569, 0.016459449708140943, 0.014067242999868043, 0.004543566853862858, 0.013560064045063911, 0.008431526701740027, 0.014807632238338692, 0.0012391546162224569, 0.002259065718351871, 0.025990996724321355, 0.015591863846867718, 0.0012391546162224569, 0.010439404598234805, 0.020954511614776856, 0.0045904961535360765, 0.0019397078144089766, 0.03706729665842563, 0.010509513298174471, 0.011124648313213088, 0.005614548950236409, 0.014934956403765385, 0.006250212862476142, 0.007230805391550742, 0.009069031626643523, 0.0008760177282006686, 0.004334581508291528, 0.00639357728064353, 0.01088486940318393, 0.011802109319463574, 0.006249501806707717, 0.005091264582455193, 0.00782771201716572]}, {'overall_acc': 0.8405196241017137, 'bal_acc': 0.7499528603526978, 'avg_odds_diff': 0.11841701354668858, 'disp_imp': 0.7207541561567264, 'stat_par_diff': 0.059335483289186836, 'eq_opp_diff': 0.23215122710313663, 'theil_ind': 0.1345511995959881, 'TPR': 0.5675082327113062, 'TNR': 0.9323974879940894, 'FPR': 0.06760251200591061, 'FNR': 0.43249176728869376, 'GTPR': 1.0, 'GTNR': 1.0, 'GFPR': 0.0, 'GFNR': 0.0, 'PPV': 0.7385714285714285, 'NPV': 0.8649760109664153, 'FDR': 0.26142857142857145, 'FOR': 0.13502398903358465, 'ACC': 0.8405196241017137, 'MCC': 0.5492875546943168, 'f1_score': 0.6418373680943513, 'fitness': 0.7811841408125269, 'solution': {'corr_type': 'spearman', 'l2': 0.001, 'dropout': 0.18842424415777606, 'privileged_demotion': 0.4389004176398639, 'privileged_promotion': 0.23327974295479809, 'protected_demotion': 0.16333983615259634, 'protected_promotion': 0.741407345337923}, 'corr': [0.09077788948924177, 0.003141075549940012, 1.0, 0.06707254648541233, 0.04405878060156745, 0.2677560392081955, 0.010390263878949348, 0.045649186253023374, 0.07002273346247687, 0.08772513656205903, 0.10499569131361021, 0.024349853858702288, 0.003346207210477006, 0.008721447166909934, 0.008516580176061817, 0.0064545950188989645, 0.006653656197700689, 0.02348965126105743, 0.027322650488287213, 0.015293781228612156, 0.022490956952876926, 0.008013507009928358, 0.014758288444036838, 0.03088991124156633, 0.010168198997268972, 0.008915108933240651, 0.005859625495151363, 0.045407637037739035, 0.06027718668441726, 0.2382555898602624, 0.016770186270579, 0.43890547344808195, 0.04129306156156269, 0.17833471061716483, 0.10536512582235072, 0.17875435225657393, 0.2765617988271952, 0.013594606541588564, 0.2272716168319427, 0.030270771185392963, 0.10063989947259931, 0.09094864930649048, 0.03654930373512998, 0.16759285263139206, 0.09343746923482214, 0.032230119495643444, 0.06373959815699029, 0.024696464629648984, 0.023062552121285614, 0.13523261435162304, 0.5825583998277074, 0.17412400734749697, 0.05210730382736026, 0.09910031727609238, 0.3229484116796712, 0.3163103844729845, 0.01425359020016891, 0.009019626372626512, 0.11712564408777118, 0.008644996944516207, 0.10872337687998798, 0.00386413442277796, 0.0012165817227382818, 0.0077754915797785444, 0.006133808140235992, 0.005873344250115684, 0.016799959016742954, 0.0011296962672038915, 0.002941229852465713, 0.0006657435531939935, 0.0012391546162224569, 0.016459449708140943, 0.014067242999868043, 0.004543566853862858, 0.013560064045063911, 0.008431526701740027, 0.014807632238338692, 0.0012391546162224569, 0.002259065718351871, 0.025990996724321355, 0.015591863846867718, 0.0012391546162224569, 0.010439404598234805, 0.020954511614776856, 0.0045904961535360765, 0.0019397078144089766, 0.03706729665842563, 0.010509513298174471, 0.011124648313213088, 0.005614548950236409, 0.014934956403765385, 0.006250212862476142, 0.007230805391550742, 0.009069031626643523, 0.0008760177282006686, 0.004334581508291528, 0.00639357728064353, 0.01088486940318393, 0.011802109319463574, 0.006249501806707717, 0.005091264582455193, 0.00782771201716572]}]",acc_parity,ftl_mlp_initializer,adult_dataset_reader,"{'loss': [0.6878603343028665, 0.6720851508378727, 0.6693961166398942, 0.6674735030212158, 0.6662017942489104, 0.6653680269253693, 0.6646183257757027, 0.6640743046377466, 0.6635066650654768, 0.6630996723843462, 0.6630486352733892, 0.6626996317935402, 0.6623365235067256, 0.6621627225373959, 0.6619478056693627, 0.6616799722703758, 0.661563360219491, 0.6612642536058176, 0.6612115807639296, 0.6610861465281346, 0.6606600086974359, 0.6607680540145031, 0.6605696277373978], 'val_loss': [0.6745937618516044, 0.670859810296444, 0.6692809877045053, 0.668291915313126, 0.6673254622089856, 0.6665221842499054, 0.6673240350253546, 0.666509473666491, 0.6655274101750768, 0.6653213119757247, 0.6660475887732983, 0.6655122790631831, 0.6653261811381351, 0.6655302288915783, 0.665139741960845, 0.6650546232991089, 0.6651307270960494, 0.664613434990313, 0.6649077768283631, 0.6651958557965019, 0.6649961532513169, 0.6647186419988877, 0.6648290225851925]}"
4,0.8449972360420122,0.7157443113907493,0.021966344973863246,0.4303470282465469,0.09528536399030813,0.026097340705054595,0.15145742280891308,0.46153846153846156,0.9699501612430372,0.03004983875696277,0.5384615384615384,1.0,1.0,0.0,0.0,0.8334687246141349,0.8468134118249296,0.16653127538586515,0.1531865881750704,0.8449972360420122,0.5417877833201369,0.5940938042848871,0.8230308910681489,"{'corr_type': 'spearman', 'l2': 0.001, 'dropout': 0.150801280197558, 'privileged_demotion': 0.4777039851556931, 'privileged_promotion': 0.13686594378393824, 'protected_demotion': 0.274492764610677, 'protected_promotion': 0.08511757970681672}","[0.09127245000796425, 0.00060426264771421, 0.9999999999999998, 0.06585728287118275, 0.04122681810370461, 0.2687719174482058, 0.0024983515625322445, 0.04375883989963724, 0.06309228445678552, 0.08631517153290183, 0.10138538780642227, 0.029686413970500307, 0.0005349122042935877, 0.001295578838266606, 0.011730608928765904, 0.0020136807011928233, 0.010642453122484572, 0.020297975079953286, 0.02466451850276411, 0.012895297177515455, 0.024942345418101062, 0.007446907162088176, 0.018719603801537237, 0.029832405018156666, 0.013631518506341346, 0.0016437153032534436, 0.00029866243802006347, 0.04430651915861998, 0.05479066877530168, 0.2408463901066381, 0.017818055536552427, 0.4409029857123564, 0.04565099606954685, 0.17632930099054625, 0.10646895345146216, 0.18056448381259288, 0.2745322828479554, 0.011522436457824543, 0.22593946743443763, 0.031105907979708296, 0.10164777189965847, 0.09207631270976657, 0.035965485694383986, 0.16694927866518433, 0.09505576938746882, 0.03282729621758142, 0.06324908835371097, 0.02557317216272222, 0.023935596523162215, 0.13271310871695058, 0.5828097535652589, 0.1768260068054293, 0.048125265166442166, 0.10083034960510119, 0.325719651192122, 0.3146882769663841, 0.012517249584939796, 0.005625467267812346, 0.11388292447280415, 0.006969923388736509, 0.10377909082425076, 0.005576094020533534, 0.0009147484905008904, 0.007848182577053978, 0.003582601733168841, 0.005039308521205084, 0.012146465744157646, 0.0012260163342866356, 0.0038319033600689037, 0.0009363736235550193, 0.00011412351104589575, 0.012306429379346574, 0.008841069970826893, 0.00039185858337688003, 0.0017481138135899965, 0.007587333303815875, 0.0024384721421182834, 0.002911018064789805, 0.006188997230290488, 0.026544379515980612, 0.012322454911609354, 0.0038030044172895033, 0.010913594601942878, 0.02623668602084495, 0.0012545243628499256, 0.003288708977849148, 0.03420941169532186, 0.01278750314292582, 0.006309633553355547, 0.007383356200068148, 0.015419286580814644, 0.005452417791642438, 0.01029923041521885, 0.009455800207109271, 0.00038842072540780847, 0.009186354984733098, 0.005792214640512685, 0.006857289133832358, 0.011333427486861511, 0.0068780310010130375, 0.0017522297608243325, 0.002998977747591104]","[{'overall_acc': 0.8291873963515755, 'bal_acc': 0.6850307466572829, 'avg_odds_diff': 0.037878636573987046, 'disp_imp': 0.4247238238939484, 'stat_par_diff': 0.08443456665137541, 'eq_opp_diff': 0.0541190709584492, 'theil_ind': 0.17152594273365435, 'TPR': 0.39767054908485855, 'TNR': 0.9723909442297074, 'FPR': 0.027609055770292656, 'FNR': 0.6023294509151415, 'GTPR': 1.0, 'GTNR': 1.0, 'GFPR': 0.0, 'GFNR': 0.0, 'PPV': 0.8269896193771626, 'NPV': 0.8294865756005653, 'FDR': 0.17301038062283736, 'FOR': 0.17051342439943476, 'ACC': 0.8291873963515755, 'MCC': 0.49288595135073804, 'f1_score': 0.5370786516853931, 'fitness': 0.7913087597775884, 'solution': {'corr_type': 'spearman', 'l2': 0.001, 'dropout': 0.1071781596024089, 'privileged_demotion': 0.41404450741908716, 'privileged_promotion': 0.024738886579019126, 'protected_demotion': 0.2864602709116969, 'protected_promotion': 0.14316379709401406}, 'corr': [0.08878561034712386, 0.0004271080272228362, 1.0, 0.06549862377763126, 0.04161862285116001, 0.26873187584540986, 0.0007877300035752458, 0.04408684881510212, 0.060248997881708365, 0.08432743080064875, 0.10114890341798197, 0.031584910320330464, 0.0022040238263125, 0.0017075065134908626, 0.00803790170824407, 0.0023760632167443988, 0.011869875565881304, 0.018861314697033026, 0.021411925962376236, 0.01178786981084217, 0.025781028676640377, 0.006364943903368105, 0.0185545685753383, 0.027340467290208403, 0.015438568902299695, 0.00733511519605052, 0.005752258205748117, 0.045609401523734244, 0.06087437381174177, 0.24795938841648302, 0.01839947598068323, 0.44044585558685373, 0.046784012630782204, 0.17025436322424725, 0.10588843788906925, 0.17926594771881163, 0.27638074684925146, 0.011556536621839274, 0.22626282780455154, 0.031142655713223506, 0.10396378473651503, 0.09541888918633287, 0.03665956466321101, 0.16726192329807207, 0.09686250477717578, 0.0319426687798517, 0.06158250905789413, 0.02603674137234539, 0.02653351190557764, 0.1350890718319676, 0.5839018680096824, 0.17101890857190694, 0.05083664132400642, 0.0997255837498176, 0.3320543132867076, 0.31616818175396816, 0.010398513965417447, 0.0074042648527431545, 0.10989335810093077, 0.012235891916561563, 0.10226428315735513, 0.005230069554077198, 0.00027508944698537754, 0.006034653792840116, 0.008591967292247336, 0.003654543412302158, 0.013752628135849751, 0.0012816539446870152, 0.004589591325486973, 0.0027500603786986375, 0.002913003465896708, 0.010252059431871364, 0.009811218479855994, 0.00404991251567519, 0.0012696765975905662, 0.008458070420794453, 0.0010194550072192222, 0.006850027526656581, 0.003953534547690338, 0.02954722823461106, 0.011454678919282828, 0.004247693480882463, 0.0082816218530498, 0.027332298100405106, 0.0007610812045552791, 0.008650835098096483, 0.035281320131907316, 0.007937377399412821, 0.005611020858532697, 0.00828401109934438, 0.010209602818145706, 0.0063471731136994685, 0.012922879127452094, 0.009591312129786117, 0.0008144535417758428, 0.013074492442427728, 0.006003672506812117, 0.006975175128517912, 0.011884361325852036, 0.006361891005434219, 0.003818964484039748, 0.007773739031157203]}, {'overall_acc': 0.20812603648424544, 'bal_acc': 0.20567077448990623, 'avg_odds_diff': 0.37036649722413517, 'disp_imp': 1.8571167368432049, 'stat_par_diff': 0.4325603345091773, 'eq_opp_diff': 0.4283188629043551, 'theil_ind': 0.25774732802522643, 'TPR': 0.20077648363838047, 'TNR': 0.210565065341432, 'FPR': 0.789434934658568, 'FNR': 0.7992235163616195, 'GTPR': 1.0, 'GTNR': 1.0, 'GFPR': 0.0, 'GFNR': 0.0, 'PPV': 0.07783272414534509, 'NPV': 0.4425531914893617, 'FDR': 0.922167275854655, 'FOR': 0.5574468085106383, 'ACC': 0.20812603648424544, 'MCC': -0.5313462938517017, 'f1_score': 0.11217849395723584, 'fitness': -0.16224046073988974, 'solution': {'corr_type': 'spearman', 'l2': 0.001, 'dropout': 0.15796235086808538, 'privileged_demotion': 0.203972204448301, 'privileged_promotion': 0.8026466690785751, 'protected_demotion': 0.7117513394712657, 'protected_promotion': 0.3935285130721442}, 'corr': [0.08878561034712386, 0.0004271080272228362, 1.0, 0.06549862377763126, 0.04161862285116001, 0.26873187584540986, 0.0007877300035752458, 0.04408684881510212, 0.060248997881708365, 0.08432743080064875, 0.10114890341798197, 0.031584910320330464, 0.0022040238263125, 0.0017075065134908626, 0.00803790170824407, 0.0023760632167443988, 0.011869875565881304, 0.018861314697033026, 0.021411925962376236, 0.01178786981084217, 0.025781028676640377, 0.006364943903368105, 0.0185545685753383, 0.027340467290208403, 0.015438568902299695, 0.00733511519605052, 0.005752258205748117, 0.045609401523734244, 0.06087437381174177, 0.24795938841648302, 0.01839947598068323, 0.44044585558685373, 0.046784012630782204, 0.17025436322424725, 0.10588843788906925, 0.17926594771881163, 0.27638074684925146, 0.011556536621839274, 0.22626282780455154, 0.031142655713223506, 0.10396378473651503, 0.09541888918633287, 0.03665956466321101, 0.16726192329807207, 0.09686250477717578, 0.0319426687798517, 0.06158250905789413, 0.02603674137234539, 0.02653351190557764, 0.1350890718319676, 0.5839018680096824, 0.17101890857190694, 0.05083664132400642, 0.0997255837498176, 0.3320543132867076, 0.31616818175396816, 0.010398513965417447, 0.0074042648527431545, 0.10989335810093077, 0.012235891916561563, 0.10226428315735513, 0.005230069554077198, 0.00027508944698537754, 0.006034653792840116, 0.008591967292247336, 0.003654543412302158, 0.013752628135849751, 0.0012816539446870152, 0.004589591325486973, 0.0027500603786986375, 0.002913003465896708, 0.010252059431871364, 0.009811218479855994, 0.00404991251567519, 0.0012696765975905662, 0.008458070420794453, 0.0010194550072192222, 0.006850027526656581, 0.003953534547690338, 0.02954722823461106, 0.011454678919282828, 0.004247693480882463, 0.0082816218530498, 0.027332298100405106, 0.0007610812045552791, 0.008650835098096483, 0.035281320131907316, 0.007937377399412821, 0.005611020858532697, 0.00828401109934438, 0.010209602818145706, 0.0063471731136994685, 0.012922879127452094, 0.009591312129786117, 0.0008144535417758428, 0.013074492442427728, 0.006003672506812117, 0.006975175128517912, 0.011884361325852036, 0.006361891005434219, 0.003818964484039748, 0.007773739031157203]}, {'overall_acc': 0.17606412382531786, 'bal_acc': 0.3310658075549279, 'avg_odds_diff': 0.033111583426531144, 'disp_imp': 1.0919111283852925, 'stat_par_diff': 0.079801846549715, 'eq_opp_diff': 0.044056454678216284, 'theil_ind': 0.1214698262920338, 'TPR': 0.6400443704936217, 'TNR': 0.022087244616234125, 'FPR': 0.9779127553837659, 'FNR': 0.35995562950637827, 'GTPR': 1.0, 'GTNR': 1.0, 'GFPR': 0.0, 'GFNR': 0.0, 'PPV': 0.17844441008195455, 'NPV': 0.15604681404421328, 'FDR': 0.8215555899180454, 'FOR': 0.8439531859557867, 'ACC': 0.17606412382531786, 'MCC': -0.47418812219910006, 'f1_score': 0.279081015719468, 'fitness': 0.14295254039878671, 'solution': {'corr_type': 'spearman', 'l2': 0.01, 'dropout': 0.12818951236629425, 'privileged_demotion': 0.8289601936822938, 'privileged_promotion': 0.37084092705389804, 'protected_demotion': 0.6458547617361938, 'protected_promotion': 0.4318317554202563}, 'corr': [0.08878561034712386, 0.0004271080272228362, 1.0, 0.06549862377763126, 0.04161862285116001, 0.26873187584540986, 0.0007877300035752458, 0.04408684881510212, 0.060248997881708365, 0.08432743080064875, 0.10114890341798197, 0.031584910320330464, 0.0022040238263125, 0.0017075065134908626, 0.00803790170824407, 0.0023760632167443988, 0.011869875565881304, 0.018861314697033026, 0.021411925962376236, 0.01178786981084217, 0.025781028676640377, 0.006364943903368105, 0.0185545685753383, 0.027340467290208403, 0.015438568902299695, 0.00733511519605052, 0.005752258205748117, 0.045609401523734244, 0.06087437381174177, 0.24795938841648302, 0.01839947598068323, 0.44044585558685373, 0.046784012630782204, 0.17025436322424725, 0.10588843788906925, 0.17926594771881163, 0.27638074684925146, 0.011556536621839274, 0.22626282780455154, 0.031142655713223506, 0.10396378473651503, 0.09541888918633287, 0.03665956466321101, 0.16726192329807207, 0.09686250477717578, 0.0319426687798517, 0.06158250905789413, 0.02603674137234539, 0.02653351190557764, 0.1350890718319676, 0.5839018680096824, 0.17101890857190694, 0.05083664132400642, 0.0997255837498176, 0.3320543132867076, 0.31616818175396816, 0.010398513965417447, 0.0074042648527431545, 0.10989335810093077, 0.012235891916561563, 0.10226428315735513, 0.005230069554077198, 0.00027508944698537754, 0.006034653792840116, 0.008591967292247336, 0.003654543412302158, 0.013752628135849751, 0.0012816539446870152, 0.004589591325486973, 0.0027500603786986375, 0.002913003465896708, 0.010252059431871364, 0.009811218479855994, 0.00404991251567519, 0.0012696765975905662, 0.008458070420794453, 0.0010194550072192222, 0.006850027526656581, 0.003953534547690338, 0.02954722823461106, 0.011454678919282828, 0.004247693480882463, 0.0082816218530498, 0.027332298100405106, 0.0007610812045552791, 0.008650835098096483, 0.035281320131907316, 0.007937377399412821, 0.005611020858532697, 0.00828401109934438, 0.010209602818145706, 0.0063471731136994685, 0.012922879127452094, 0.009591312129786117, 0.0008144535417758428, 0.013074492442427728, 0.006003672506812117, 0.006975175128517912, 0.011884361325852036, 0.006361891005434219, 0.003818964484039748, 0.007773739031157203]}, {'overall_acc': 0.5295743504698729, 'bal_acc': 0.6533778753307957, 'avg_odds_diff': 0.3817390593660644, 'disp_imp': 1.9288566835914573, 'stat_par_diff': 0.4798904303167396, 'eq_opp_diff': 0.11658031088082899, 'theil_ind': 0.08363611103234561, 'TPR': 0.9001663893510815, 'TNR': 0.4065893613105098, 'FPR': 0.5934106386894902, 'FNR': 0.09983361064891846, 'GTPR': 1.0, 'GTNR': 1.0, 'GFPR': 0.0, 'GFNR': 0.0, 'PPV': 0.33484629667835775, 'NPV': 0.9246546672247803, 'FDR': 0.6651537033216423, 'FOR': 0.07534533277521975, 'ACC': 0.5295743504698729, 'MCC': 0.28214076802106003, 'f1_score': 0.48812030075187973, 'fitness': 0.1478352911038085, 'solution': {'corr_type': 'spearman', 'l2': 0.001, 'dropout': 0.17553112378351055, 'privileged_demotion': 0.07682417408642472, 'privileged_promotion': 0.6543458352520863, 'protected_demotion': 0.6817981974775338, 'protected_promotion': 0.4850624824974522}, 'corr': [0.08878561034712386, 0.0004271080272228362, 1.0, 0.06549862377763126, 0.04161862285116001, 0.26873187584540986, 0.0007877300035752458, 0.04408684881510212, 0.060248997881708365, 0.08432743080064875, 0.10114890341798197, 0.031584910320330464, 0.0022040238263125, 0.0017075065134908626, 0.00803790170824407, 0.0023760632167443988, 0.011869875565881304, 0.018861314697033026, 0.021411925962376236, 0.01178786981084217, 0.025781028676640377, 0.006364943903368105, 0.0185545685753383, 0.027340467290208403, 0.015438568902299695, 0.00733511519605052, 0.005752258205748117, 0.045609401523734244, 0.06087437381174177, 0.24795938841648302, 0.01839947598068323, 0.44044585558685373, 0.046784012630782204, 0.17025436322424725, 0.10588843788906925, 0.17926594771881163, 0.27638074684925146, 0.011556536621839274, 0.22626282780455154, 0.031142655713223506, 0.10396378473651503, 0.09541888918633287, 0.03665956466321101, 0.16726192329807207, 0.09686250477717578, 0.0319426687798517, 0.06158250905789413, 0.02603674137234539, 0.02653351190557764, 0.1350890718319676, 0.5839018680096824, 0.17101890857190694, 0.05083664132400642, 0.0997255837498176, 0.3320543132867076, 0.31616818175396816, 0.010398513965417447, 0.0074042648527431545, 0.10989335810093077, 0.012235891916561563, 0.10226428315735513, 0.005230069554077198, 0.00027508944698537754, 0.006034653792840116, 0.008591967292247336, 0.003654543412302158, 0.013752628135849751, 0.0012816539446870152, 0.004589591325486973, 0.0027500603786986375, 0.002913003465896708, 0.010252059431871364, 0.009811218479855994, 0.00404991251567519, 0.0012696765975905662, 0.008458070420794453, 0.0010194550072192222, 0.006850027526656581, 0.003953534547690338, 0.02954722823461106, 0.011454678919282828, 0.004247693480882463, 0.0082816218530498, 0.027332298100405106, 0.0007610812045552791, 0.008650835098096483, 0.035281320131907316, 0.007937377399412821, 0.005611020858532697, 0.00828401109934438, 0.010209602818145706, 0.0063471731136994685, 0.012922879127452094, 0.009591312129786117, 0.0008144535417758428, 0.013074492442427728, 0.006003672506812117, 0.006975175128517912, 0.011884361325852036, 0.006361891005434219, 0.003818964484039748, 0.007773739031157203]}, {'overall_acc': 0.8208955223880597, 'bal_acc': 0.7999444450059153, 'avg_odds_diff': 0.22885777812559988, 'disp_imp': 0.21040626862037815, 'stat_par_diff': 0.3249099662010746, 'eq_opp_diff': 0.2496399063756577, 'theil_ind': 0.09869798724831717, 'TPR': 0.7581808097615086, 'TNR': 0.8417080802503221, 'FPR': 0.1582919197496779, 'FNR': 0.2418191902384914, 'GTPR': 1.0, 'GTNR': 1.0, 'GFPR': 0.0, 'GFNR': 0.0, 'PPV': 0.6138302649303996, 'NPV': 0.9129566779796366, 'FDR': 0.38616973506960034, 'FOR': 0.08704332202036334, 'ACC': 0.8208955223880597, 'MCC': 0.5621509000749063, 'f1_score': 0.6784119106699751, 'fitness': 0.5920377442624598, 'solution': {'corr_type': 'spearman', 'l2': 0.0001, 'dropout': 0.17427546895695545, 'privileged_demotion': 0.1713699536999953, 'privileged_promotion': 0.46927862792343666, 'protected_demotion': 0.42141675540595636, 'protected_promotion': 0.46611041506291184}, 'corr': [0.08878561034712386, 0.0004271080272228362, 1.0, 0.06549862377763126, 0.04161862285116001, 0.26873187584540986, 0.0007877300035752458, 0.04408684881510212, 0.060248997881708365, 0.08432743080064875, 0.10114890341798197, 0.031584910320330464, 0.0022040238263125, 0.0017075065134908626, 0.00803790170824407, 0.0023760632167443988, 0.011869875565881304, 0.018861314697033026, 0.021411925962376236, 0.01178786981084217, 0.025781028676640377, 0.006364943903368105, 0.0185545685753383, 0.027340467290208403, 0.015438568902299695, 0.00733511519605052, 0.005752258205748117, 0.045609401523734244, 0.06087437381174177, 0.24795938841648302, 0.01839947598068323, 0.44044585558685373, 0.046784012630782204, 0.17025436322424725, 0.10588843788906925, 0.17926594771881163, 0.27638074684925146, 0.011556536621839274, 0.22626282780455154, 0.031142655713223506, 0.10396378473651503, 0.09541888918633287, 0.03665956466321101, 0.16726192329807207, 0.09686250477717578, 0.0319426687798517, 0.06158250905789413, 0.02603674137234539, 0.02653351190557764, 0.1350890718319676, 0.5839018680096824, 0.17101890857190694, 0.05083664132400642, 0.0997255837498176, 0.3320543132867076, 0.31616818175396816, 0.010398513965417447, 0.0074042648527431545, 0.10989335810093077, 0.012235891916561563, 0.10226428315735513, 0.005230069554077198, 0.00027508944698537754, 0.006034653792840116, 0.008591967292247336, 0.003654543412302158, 0.013752628135849751, 0.0012816539446870152, 0.004589591325486973, 0.0027500603786986375, 0.002913003465896708, 0.010252059431871364, 0.009811218479855994, 0.00404991251567519, 0.0012696765975905662, 0.008458070420794453, 0.0010194550072192222, 0.006850027526656581, 0.003953534547690338, 0.02954722823461106, 0.011454678919282828, 0.004247693480882463, 0.0082816218530498, 0.027332298100405106, 0.0007610812045552791, 0.008650835098096483, 0.035281320131907316, 0.007937377399412821, 0.005611020858532697, 0.00828401109934438, 0.010209602818145706, 0.0063471731136994685, 0.012922879127452094, 0.009591312129786117, 0.0008144535417758428, 0.013074492442427728, 0.006003672506812117, 0.006975175128517912, 0.011884361325852036, 0.006361891005434219, 0.003818964484039748, 0.007773739031157203]}, {'overall_acc': 0.7592592592592593, 'bal_acc': 0.5337772220236657, 'avg_odds_diff': 0.2693689648518909, 'disp_imp': 10.205380333951762, 'stat_par_diff': 0.07848679943686034, 'eq_opp_diff': 0.5147338307960069, 'theil_ind': 0.26504745778809075, 'TPR': 0.08430393788130892, 'TNR': 0.9832505061660225, 'FPR': 0.016749493833977544, 'FNR': 0.915696062118691, 'GTPR': 1.0, 'GTNR': 1.0, 'GFPR': 0.0, 'GFNR': 0.0, 'PPV': 0.6255144032921811, 'NPV': 0.7639067639067639, 'FDR': 0.37448559670781895, 'FOR': 0.2360932360932361, 'ACC': 0.7592592592592593, 'MCC': 0.1621947300327221, 'f1_score': 0.1485826001955034, 'fitness': 0.4898902944073684, 'solution': {'corr_type': 'spearman', 'l2': 0.001, 'dropout': 0.03222251020101659, 'privileged_demotion': 0.3546470239624355, 'privileged_promotion': 0.6870400220883073, 'protected_demotion': 0.17464367914570367, 'protected_promotion': 0.26323542680860756}, 'corr': [0.08878561034712386, 0.0004271080272228362, 1.0, 0.06549862377763126, 0.04161862285116001, 0.26873187584540986, 0.0007877300035752458, 0.04408684881510212, 0.060248997881708365, 0.08432743080064875, 0.10114890341798197, 0.031584910320330464, 0.0022040238263125, 0.0017075065134908626, 0.00803790170824407, 0.0023760632167443988, 0.011869875565881304, 0.018861314697033026, 0.021411925962376236, 0.01178786981084217, 0.025781028676640377, 0.006364943903368105, 0.0185545685753383, 0.027340467290208403, 0.015438568902299695, 0.00733511519605052, 0.005752258205748117, 0.045609401523734244, 0.06087437381174177, 0.24795938841648302, 0.01839947598068323, 0.44044585558685373, 0.046784012630782204, 0.17025436322424725, 0.10588843788906925, 0.17926594771881163, 0.27638074684925146, 0.011556536621839274, 0.22626282780455154, 0.031142655713223506, 0.10396378473651503, 0.09541888918633287, 0.03665956466321101, 0.16726192329807207, 0.09686250477717578, 0.0319426687798517, 0.06158250905789413, 0.02603674137234539, 0.02653351190557764, 0.1350890718319676, 0.5839018680096824, 0.17101890857190694, 0.05083664132400642, 0.0997255837498176, 0.3320543132867076, 0.31616818175396816, 0.010398513965417447, 0.0074042648527431545, 0.10989335810093077, 0.012235891916561563, 0.10226428315735513, 0.005230069554077198, 0.00027508944698537754, 0.006034653792840116, 0.008591967292247336, 0.003654543412302158, 0.013752628135849751, 0.0012816539446870152, 0.004589591325486973, 0.0027500603786986375, 0.002913003465896708, 0.010252059431871364, 0.009811218479855994, 0.00404991251567519, 0.0012696765975905662, 0.008458070420794453, 0.0010194550072192222, 0.006850027526656581, 0.003953534547690338, 0.02954722823461106, 0.011454678919282828, 0.004247693480882463, 0.0082816218530498, 0.027332298100405106, 0.0007610812045552791, 0.008650835098096483, 0.035281320131907316, 0.007937377399412821, 0.005611020858532697, 0.00828401109934438, 0.010209602818145706, 0.0063471731136994685, 0.012922879127452094, 0.009591312129786117, 0.0008144535417758428, 0.013074492442427728, 0.006003672506812117, 0.006975175128517912, 0.011884361325852036, 0.006361891005434219, 0.003818964484039748, 0.007773739031157203]}, {'overall_acc': 0.41708126036484244, 'bal_acc': 0.4035558871296474, 'avg_odds_diff': 0.5133248489132396, 'disp_imp': 0.19492616148676317, 'stat_par_diff': 0.5649899025051278, 'eq_opp_diff': 0.24104267109448452, 'theil_ind': 0.22512608686806002, 'TPR': 0.37659456461453134, 'TNR': 0.4305172096447635, 'FPR': 0.5694827903552365, 'FNR': 0.6234054353854687, 'GTPR': 1.0, 'GTNR': 1.0, 'GFPR': 0.0, 'GFNR': 0.0, 'PPV': 0.17996289424860853, 'NPV': 0.6754259312734623, 'FDR': 0.8200371057513914, 'FOR': 0.32457406872653766, 'ACC': 0.41708126036484244, 'MCC': -0.1670143492857045, 'f1_score': 0.24354375896700142, 'fitness': -0.09624358854839715, 'solution': {'corr_type': 'spearman', 'l2': 0.0001, 'dropout': 0.17332036073545673, 'privileged_demotion': 0.5619961383679434, 'privileged_promotion': 0.6353427161288369, 'protected_demotion': 0.182419777841201, 'protected_promotion': 0.6365280260203233}, 'corr': [0.08878561034712386, 0.0004271080272228362, 1.0, 0.06549862377763126, 0.04161862285116001, 0.26873187584540986, 0.0007877300035752458, 0.04408684881510212, 0.060248997881708365, 0.08432743080064875, 0.10114890341798197, 0.031584910320330464, 0.0022040238263125, 0.0017075065134908626, 0.00803790170824407, 0.0023760632167443988, 0.011869875565881304, 0.018861314697033026, 0.021411925962376236, 0.01178786981084217, 0.025781028676640377, 0.006364943903368105, 0.0185545685753383, 0.027340467290208403, 0.015438568902299695, 0.00733511519605052, 0.005752258205748117, 0.045609401523734244, 0.06087437381174177, 0.24795938841648302, 0.01839947598068323, 0.44044585558685373, 0.046784012630782204, 0.17025436322424725, 0.10588843788906925, 0.17926594771881163, 0.27638074684925146, 0.011556536621839274, 0.22626282780455154, 0.031142655713223506, 0.10396378473651503, 0.09541888918633287, 0.03665956466321101, 0.16726192329807207, 0.09686250477717578, 0.0319426687798517, 0.06158250905789413, 0.02603674137234539, 0.02653351190557764, 0.1350890718319676, 0.5839018680096824, 0.17101890857190694, 0.05083664132400642, 0.0997255837498176, 0.3320543132867076, 0.31616818175396816, 0.010398513965417447, 0.0074042648527431545, 0.10989335810093077, 0.012235891916561563, 0.10226428315735513, 0.005230069554077198, 0.00027508944698537754, 0.006034653792840116, 0.008591967292247336, 0.003654543412302158, 0.013752628135849751, 0.0012816539446870152, 0.004589591325486973, 0.0027500603786986375, 0.002913003465896708, 0.010252059431871364, 0.009811218479855994, 0.00404991251567519, 0.0012696765975905662, 0.008458070420794453, 0.0010194550072192222, 0.006850027526656581, 0.003953534547690338, 0.02954722823461106, 0.011454678919282828, 0.004247693480882463, 0.0082816218530498, 0.027332298100405106, 0.0007610812045552791, 0.008650835098096483, 0.035281320131907316, 0.007937377399412821, 0.005611020858532697, 0.00828401109934438, 0.010209602818145706, 0.0063471731136994685, 0.012922879127452094, 0.009591312129786117, 0.0008144535417758428, 0.013074492442427728, 0.006003672506812117, 0.006975175128517912, 0.011884361325852036, 0.006361891005434219, 0.003818964484039748, 0.007773739031157203]}, {'overall_acc': 0.8204809286898839, 'bal_acc': 0.6664481523983128, 'avg_odds_diff': 0.16722907595140526, 'disp_imp': 0.08395541466407609, 'stat_par_diff': 0.14170239017985667, 'eq_opp_diff': 0.2934462960369696, 'theil_ind': 0.18256362124673753, 'TPR': 0.3594009983361065, 'TNR': 0.9734953064605191, 'FPR': 0.02650469353948095, 'FNR': 0.6405990016638935, 'GTPR': 1.0, 'GTNR': 1.0, 'GFPR': 0.0, 'GFNR': 0.0, 'PPV': 0.8181818181818182, 'NPV': 0.8207635009310987, 'FDR': 0.18181818181818182, 'FOR': 0.1792364990689013, 'ACC': 0.8204809286898839, 'MCC': 0.46119685135502686, 'f1_score': 0.4994219653179191, 'fitness': 0.6532518527384786, 'solution': {'corr_type': 'spearman', 'l2': 0.001, 'dropout': 0.05025673756823215, 'privileged_demotion': 0.592251701784902, 'privileged_promotion': 0.21834034992019724, 'protected_demotion': 0.28346920269215314, 'protected_promotion': 0.7411389300947078}, 'corr': [0.08878561034712386, 0.0004271080272228362, 1.0, 0.06549862377763126, 0.04161862285116001, 0.26873187584540986, 0.0007877300035752458, 0.04408684881510212, 0.060248997881708365, 0.08432743080064875, 0.10114890341798197, 0.031584910320330464, 0.0022040238263125, 0.0017075065134908626, 0.00803790170824407, 0.0023760632167443988, 0.011869875565881304, 0.018861314697033026, 0.021411925962376236, 0.01178786981084217, 0.025781028676640377, 0.006364943903368105, 0.0185545685753383, 0.027340467290208403, 0.015438568902299695, 0.00733511519605052, 0.005752258205748117, 0.045609401523734244, 0.06087437381174177, 0.24795938841648302, 0.01839947598068323, 0.44044585558685373, 0.046784012630782204, 0.17025436322424725, 0.10588843788906925, 0.17926594771881163, 0.27638074684925146, 0.011556536621839274, 0.22626282780455154, 0.031142655713223506, 0.10396378473651503, 0.09541888918633287, 0.03665956466321101, 0.16726192329807207, 0.09686250477717578, 0.0319426687798517, 0.06158250905789413, 0.02603674137234539, 0.02653351190557764, 0.1350890718319676, 0.5839018680096824, 0.17101890857190694, 0.05083664132400642, 0.0997255837498176, 0.3320543132867076, 0.31616818175396816, 0.010398513965417447, 0.0074042648527431545, 0.10989335810093077, 0.012235891916561563, 0.10226428315735513, 0.005230069554077198, 0.00027508944698537754, 0.006034653792840116, 0.008591967292247336, 0.003654543412302158, 0.013752628135849751, 0.0012816539446870152, 0.004589591325486973, 0.0027500603786986375, 0.002913003465896708, 0.010252059431871364, 0.009811218479855994, 0.00404991251567519, 0.0012696765975905662, 0.008458070420794453, 0.0010194550072192222, 0.006850027526656581, 0.003953534547690338, 0.02954722823461106, 0.011454678919282828, 0.004247693480882463, 0.0082816218530498, 0.027332298100405106, 0.0007610812045552791, 0.008650835098096483, 0.035281320131907316, 0.007937377399412821, 0.005611020858532697, 0.00828401109934438, 0.010209602818145706, 0.0063471731136994685, 0.012922879127452094, 0.009591312129786117, 0.0008144535417758428, 0.013074492442427728, 0.006003672506812117, 0.006975175128517912, 0.011884361325852036, 0.006361891005434219, 0.003818964484039748, 0.007773739031157203]}, {'overall_acc': 0.8250414593698175, 'bal_acc': 0.7989996425982464, 'avg_odds_diff': 0.22302231605488737, 'disp_imp': 0.2047949002217295, 'stat_par_diff': 0.31769460746318234, 'eq_opp_diff': 0.24570388300958246, 'theil_ind': 0.10018143363632843, 'TPR': 0.7470881863560732, 'TNR': 0.8509110988404197, 'FPR': 0.14908890115958034, 'FNR': 0.2529118136439268, 'GTPR': 1.0, 'GTNR': 1.0, 'GFPR': 0.0, 'GFNR': 0.0, 'PPV': 0.6244784422809457, 'NPV': 0.9102185469580626, 'FDR': 0.37552155771905427, 'FOR': 0.0897814530419374, 'ACC': 0.8250414593698175, 'MCC': 0.5654630114885003, 'f1_score': 0.6803030303030303, 'fitness': 0.6020191433149302, 'solution': {'corr_type': 'spearman', 'l2': 0.0001, 'dropout': 0.10430650307958818, 'privileged_demotion': 0.3275376232428995, 'privileged_promotion': 0.6577917598779657, 'protected_demotion': 0.33084587904589624, 'protected_promotion': 0.39190812764623484}, 'corr': [0.08878561034712386, 0.0004271080272228362, 1.0, 0.06549862377763126, 0.04161862285116001, 0.26873187584540986, 0.0007877300035752458, 0.04408684881510212, 0.060248997881708365, 0.08432743080064875, 0.10114890341798197, 0.031584910320330464, 0.0022040238263125, 0.0017075065134908626, 0.00803790170824407, 0.0023760632167443988, 0.011869875565881304, 0.018861314697033026, 0.021411925962376236, 0.01178786981084217, 0.025781028676640377, 0.006364943903368105, 0.0185545685753383, 0.027340467290208403, 0.015438568902299695, 0.00733511519605052, 0.005752258205748117, 0.045609401523734244, 0.06087437381174177, 0.24795938841648302, 0.01839947598068323, 0.44044585558685373, 0.046784012630782204, 0.17025436322424725, 0.10588843788906925, 0.17926594771881163, 0.27638074684925146, 0.011556536621839274, 0.22626282780455154, 0.031142655713223506, 0.10396378473651503, 0.09541888918633287, 0.03665956466321101, 0.16726192329807207, 0.09686250477717578, 0.0319426687798517, 0.06158250905789413, 0.02603674137234539, 0.02653351190557764, 0.1350890718319676, 0.5839018680096824, 0.17101890857190694, 0.05083664132400642, 0.0997255837498176, 0.3320543132867076, 0.31616818175396816, 0.010398513965417447, 0.0074042648527431545, 0.10989335810093077, 0.012235891916561563, 0.10226428315735513, 0.005230069554077198, 0.00027508944698537754, 0.006034653792840116, 0.008591967292247336, 0.003654543412302158, 0.013752628135849751, 0.0012816539446870152, 0.004589591325486973, 0.0027500603786986375, 0.002913003465896708, 0.010252059431871364, 0.009811218479855994, 0.00404991251567519, 0.0012696765975905662, 0.008458070420794453, 0.0010194550072192222, 0.006850027526656581, 0.003953534547690338, 0.02954722823461106, 0.011454678919282828, 0.004247693480882463, 0.0082816218530498, 0.027332298100405106, 0.0007610812045552791, 0.008650835098096483, 0.035281320131907316, 0.007937377399412821, 0.005611020858532697, 0.00828401109934438, 0.010209602818145706, 0.0063471731136994685, 0.012922879127452094, 0.009591312129786117, 0.0008144535417758428, 0.013074492442427728, 0.006003672506812117, 0.006975175128517912, 0.011884361325852036, 0.006361891005434219, 0.003818964484039748, 0.007773739031157203]}, {'overall_acc': 0.8347153123272526, 'bal_acc': 0.7420741490729758, 'avg_odds_diff': 0.05069640160258, 'disp_imp': 0.4334432291550645, 'stat_par_diff': 0.13410580487316176, 'eq_opp_diff': 0.04793746374057262, 'theil_ind': 0.13757749855321458, 'TPR': 0.5574043261231281, 'TNR': 0.9267439720228234, 'FPR': 0.07325602797717651, 'FNR': 0.4425956738768719, 'GTPR': 1.0, 'GTNR': 1.0, 'GFPR': 0.0, 'GFNR': 0.0, 'PPV': 0.7163221667854597, 'NPV': 0.8631921824104235, 'FDR': 0.28367783321454026, 'FOR': 0.13680781758957655, 'ACC': 0.8347153123272526, 'MCC': 0.5296894240159469, 'f1_score': 0.6269494697442296, 'fitness': 0.7840189107246726, 'solution': {'corr_type': 'spearman', 'l2': 0.001, 'dropout': 0.06342721614067517, 'privileged_demotion': 0.5005874633150037, 'privileged_promotion': 0.49392803551481346, 'protected_demotion': 0.27902940694132183, 'protected_promotion': 0.6163709524079982}, 'corr': [0.08878561034712386, 0.0004271080272228362, 1.0, 0.06549862377763126, 0.04161862285116001, 0.26873187584540986, 0.0007877300035752458, 0.04408684881510212, 0.060248997881708365, 0.08432743080064875, 0.10114890341798197, 0.031584910320330464, 0.0022040238263125, 0.0017075065134908626, 0.00803790170824407, 0.0023760632167443988, 0.011869875565881304, 0.018861314697033026, 0.021411925962376236, 0.01178786981084217, 0.025781028676640377, 0.006364943903368105, 0.0185545685753383, 0.027340467290208403, 0.015438568902299695, 0.00733511519605052, 0.005752258205748117, 0.045609401523734244, 0.06087437381174177, 0.24795938841648302, 0.01839947598068323, 0.44044585558685373, 0.046784012630782204, 0.17025436322424725, 0.10588843788906925, 0.17926594771881163, 0.27638074684925146, 0.011556536621839274, 0.22626282780455154, 0.031142655713223506, 0.10396378473651503, 0.09541888918633287, 0.03665956466321101, 0.16726192329807207, 0.09686250477717578, 0.0319426687798517, 0.06158250905789413, 0.02603674137234539, 0.02653351190557764, 0.1350890718319676, 0.5839018680096824, 0.17101890857190694, 0.05083664132400642, 0.0997255837498176, 0.3320543132867076, 0.31616818175396816, 0.010398513965417447, 0.0074042648527431545, 0.10989335810093077, 0.012235891916561563, 0.10226428315735513, 0.005230069554077198, 0.00027508944698537754, 0.006034653792840116, 0.008591967292247336, 0.003654543412302158, 0.013752628135849751, 0.0012816539446870152, 0.004589591325486973, 0.0027500603786986375, 0.002913003465896708, 0.010252059431871364, 0.009811218479855994, 0.00404991251567519, 0.0012696765975905662, 0.008458070420794453, 0.0010194550072192222, 0.006850027526656581, 0.003953534547690338, 0.02954722823461106, 0.011454678919282828, 0.004247693480882463, 0.0082816218530498, 0.027332298100405106, 0.0007610812045552791, 0.008650835098096483, 0.035281320131907316, 0.007937377399412821, 0.005611020858532697, 0.00828401109934438, 0.010209602818145706, 0.0063471731136994685, 0.012922879127452094, 0.009591312129786117, 0.0008144535417758428, 0.013074492442427728, 0.006003672506812117, 0.006975175128517912, 0.011884361325852036, 0.006361891005434219, 0.003818964484039748, 0.007773739031157203]}, {'overall_acc': 0.4273079049198452, 'bal_acc': 0.39943428233145994, 'avg_odds_diff': 0.553230843948075, 'disp_imp': 0.18579786940442677, 'stat_par_diff': 0.5444542870852249, 'eq_opp_diff': 0.32885050113029385, 'theil_ind': 0.23567211533869856, 'TPR': 0.343871325568497, 'TNR': 0.45499723909442297, 'FPR': 0.545002760905577, 'FNR': 0.656128674431503, 'GTPR': 1.0, 'GTNR': 1.0, 'GFPR': 0.0, 'GFNR': 0.0, 'PPV': 0.1731359955319743, 'NPV': 0.6763337893296854, 'FDR': 0.8268640044680257, 'FOR': 0.32366621067031465, 'ACC': 0.4273079049198452, 'MCC': -0.1740010294003281, 'f1_score': 0.23031203566121844, 'fitness': -0.12592293902822976, 'solution': {'corr_type': 'spearman', 'l2': 0.001, 'dropout': 0.056928706381303054, 'privileged_demotion': 0.5634511940359441, 'privileged_promotion': 0.7263353845360019, 'protected_demotion': 0.056893393270760595, 'protected_promotion': 0.3686129362542292}, 'corr': [0.08878561034712386, 0.0004271080272228362, 1.0, 0.06549862377763126, 0.04161862285116001, 0.26873187584540986, 0.0007877300035752458, 0.04408684881510212, 0.060248997881708365, 0.08432743080064875, 0.10114890341798197, 0.031584910320330464, 0.0022040238263125, 0.0017075065134908626, 0.00803790170824407, 0.0023760632167443988, 0.011869875565881304, 0.018861314697033026, 0.021411925962376236, 0.01178786981084217, 0.025781028676640377, 0.006364943903368105, 0.0185545685753383, 0.027340467290208403, 0.015438568902299695, 0.00733511519605052, 0.005752258205748117, 0.045609401523734244, 0.06087437381174177, 0.24795938841648302, 0.01839947598068323, 0.44044585558685373, 0.046784012630782204, 0.17025436322424725, 0.10588843788906925, 0.17926594771881163, 0.27638074684925146, 0.011556536621839274, 0.22626282780455154, 0.031142655713223506, 0.10396378473651503, 0.09541888918633287, 0.03665956466321101, 0.16726192329807207, 0.09686250477717578, 0.0319426687798517, 0.06158250905789413, 0.02603674137234539, 0.02653351190557764, 0.1350890718319676, 0.5839018680096824, 0.17101890857190694, 0.05083664132400642, 0.0997255837498176, 0.3320543132867076, 0.31616818175396816, 0.010398513965417447, 0.0074042648527431545, 0.10989335810093077, 0.012235891916561563, 0.10226428315735513, 0.005230069554077198, 0.00027508944698537754, 0.006034653792840116, 0.008591967292247336, 0.003654543412302158, 0.013752628135849751, 0.0012816539446870152, 0.004589591325486973, 0.0027500603786986375, 0.002913003465896708, 0.010252059431871364, 0.009811218479855994, 0.00404991251567519, 0.0012696765975905662, 0.008458070420794453, 0.0010194550072192222, 0.006850027526656581, 0.003953534547690338, 0.02954722823461106, 0.011454678919282828, 0.004247693480882463, 0.0082816218530498, 0.027332298100405106, 0.0007610812045552791, 0.008650835098096483, 0.035281320131907316, 0.007937377399412821, 0.005611020858532697, 0.00828401109934438, 0.010209602818145706, 0.0063471731136994685, 0.012922879127452094, 0.009591312129786117, 0.0008144535417758428, 0.013074492442427728, 0.006003672506812117, 0.006975175128517912, 0.011884361325852036, 0.006361891005434219, 0.003818964484039748, 0.007773739031157203]}, {'overall_acc': 0.5110558319513543, 'bal_acc': 0.35200060761360674, 'avg_odds_diff': 0.5572030157634935, 'disp_imp': 564.7992578849721, 'stat_par_diff': 0.8011763713347149, 'eq_opp_diff': 0.24324324324324326, 'theil_ind': 0.33374354688957686, 'TPR': 0.03494176372712146, 'TNR': 0.669059451500092, 'FPR': 0.33094054849990795, 'FNR': 0.9650582362728786, 'GTPR': 1.0, 'GTNR': 1.0, 'GFPR': 0.0, 'GFNR': 0.0, 'PPV': 0.0338527673293928, 'NPV': 0.6762790697674419, 'FDR': 0.9661472326706072, 'FOR': 0.32372093023255816, 'ACC': 0.5110558319513543, 'MCC': -0.2929174354040009, 'f1_score': 0.034388646288209604, 'fitness': -0.046147183812139225, 'solution': {'corr_type': 'spearman', 'l2': 0.01, 'dropout': 0.18515218112627907, 'privileged_demotion': 0.9333403159804975, 'privileged_promotion': 0.02278533960070417, 'protected_demotion': 0.34507881174630495, 'protected_promotion': 0.9691556440648647}, 'corr': [0.08878561034712386, 0.0004271080272228362, 1.0, 0.06549862377763126, 0.04161862285116001, 0.26873187584540986, 0.0007877300035752458, 0.04408684881510212, 0.060248997881708365, 0.08432743080064875, 0.10114890341798197, 0.031584910320330464, 0.0022040238263125, 0.0017075065134908626, 0.00803790170824407, 0.0023760632167443988, 0.011869875565881304, 0.018861314697033026, 0.021411925962376236, 0.01178786981084217, 0.025781028676640377, 0.006364943903368105, 0.0185545685753383, 0.027340467290208403, 0.015438568902299695, 0.00733511519605052, 0.005752258205748117, 0.045609401523734244, 0.06087437381174177, 0.24795938841648302, 0.01839947598068323, 0.44044585558685373, 0.046784012630782204, 0.17025436322424725, 0.10588843788906925, 0.17926594771881163, 0.27638074684925146, 0.011556536621839274, 0.22626282780455154, 0.031142655713223506, 0.10396378473651503, 0.09541888918633287, 0.03665956466321101, 0.16726192329807207, 0.09686250477717578, 0.0319426687798517, 0.06158250905789413, 0.02603674137234539, 0.02653351190557764, 0.1350890718319676, 0.5839018680096824, 0.17101890857190694, 0.05083664132400642, 0.0997255837498176, 0.3320543132867076, 0.31616818175396816, 0.010398513965417447, 0.0074042648527431545, 0.10989335810093077, 0.012235891916561563, 0.10226428315735513, 0.005230069554077198, 0.00027508944698537754, 0.006034653792840116, 0.008591967292247336, 0.003654543412302158, 0.013752628135849751, 0.0012816539446870152, 0.004589591325486973, 0.0027500603786986375, 0.002913003465896708, 0.010252059431871364, 0.009811218479855994, 0.00404991251567519, 0.0012696765975905662, 0.008458070420794453, 0.0010194550072192222, 0.006850027526656581, 0.003953534547690338, 0.02954722823461106, 0.011454678919282828, 0.004247693480882463, 0.0082816218530498, 0.027332298100405106, 0.0007610812045552791, 0.008650835098096483, 0.035281320131907316, 0.007937377399412821, 0.005611020858532697, 0.00828401109934438, 0.010209602818145706, 0.0063471731136994685, 0.012922879127452094, 0.009591312129786117, 0.0008144535417758428, 0.013074492442427728, 0.006003672506812117, 0.006975175128517912, 0.011884361325852036, 0.006361891005434219, 0.003818964484039748, 0.007773739031157203]}, {'overall_acc': 0.43974571586511885, 'bal_acc': 0.4529266364758656, 'avg_odds_diff': 0.46942703903127037, 'disp_imp': 0.08875977425715645, 'stat_par_diff': 0.7066458916641621, 'eq_opp_diff': 0.054614199691919885, 'theil_ind': 0.19589173828379094, 'TPR': 0.47920133111480867, 'TNR': 0.4266519418369225, 'FPR': 0.5733480581630774, 'FNR': 0.5207986688851913, 'GTPR': 1.0, 'GTNR': 1.0, 'GFPR': 0.0, 'GFNR': 0.0, 'PPV': 0.2171399849208344, 'NPV': 0.7116978814860301, 'FDR': 0.7828600150791656, 'FOR': 0.2883021185139699, 'ACC': 0.43974571586511885, 'MCC': -0.08185158500337894, 'f1_score': 0.298858526461432, 'fitness': -0.02968132316615152, 'solution': {'corr_type': 'spearman', 'l2': 0.0001, 'dropout': 0.14493808741835373, 'privileged_demotion': 0.6380068993035211, 'privileged_promotion': 0.4651471132290035, 'protected_demotion': 0.26066978539155405, 'protected_promotion': 0.12691684023325}, 'corr': [0.08878561034712386, 0.0004271080272228362, 1.0, 0.06549862377763126, 0.04161862285116001, 0.26873187584540986, 0.0007877300035752458, 0.04408684881510212, 0.060248997881708365, 0.08432743080064875, 0.10114890341798197, 0.031584910320330464, 0.0022040238263125, 0.0017075065134908626, 0.00803790170824407, 0.0023760632167443988, 0.011869875565881304, 0.018861314697033026, 0.021411925962376236, 0.01178786981084217, 0.025781028676640377, 0.006364943903368105, 0.0185545685753383, 0.027340467290208403, 0.015438568902299695, 0.00733511519605052, 0.005752258205748117, 0.045609401523734244, 0.06087437381174177, 0.24795938841648302, 0.01839947598068323, 0.44044585558685373, 0.046784012630782204, 0.17025436322424725, 0.10588843788906925, 0.17926594771881163, 0.27638074684925146, 0.011556536621839274, 0.22626282780455154, 0.031142655713223506, 0.10396378473651503, 0.09541888918633287, 0.03665956466321101, 0.16726192329807207, 0.09686250477717578, 0.0319426687798517, 0.06158250905789413, 0.02603674137234539, 0.02653351190557764, 0.1350890718319676, 0.5839018680096824, 0.17101890857190694, 0.05083664132400642, 0.0997255837498176, 0.3320543132867076, 0.31616818175396816, 0.010398513965417447, 0.0074042648527431545, 0.10989335810093077, 0.012235891916561563, 0.10226428315735513, 0.005230069554077198, 0.00027508944698537754, 0.006034653792840116, 0.008591967292247336, 0.003654543412302158, 0.013752628135849751, 0.0012816539446870152, 0.004589591325486973, 0.0027500603786986375, 0.002913003465896708, 0.010252059431871364, 0.009811218479855994, 0.00404991251567519, 0.0012696765975905662, 0.008458070420794453, 0.0010194550072192222, 0.006850027526656581, 0.003953534547690338, 0.02954722823461106, 0.011454678919282828, 0.004247693480882463, 0.0082816218530498, 0.027332298100405106, 0.0007610812045552791, 0.008650835098096483, 0.035281320131907316, 0.007937377399412821, 0.005611020858532697, 0.00828401109934438, 0.010209602818145706, 0.0063471731136994685, 0.012922879127452094, 0.009591312129786117, 0.0008144535417758428, 0.013074492442427728, 0.006003672506812117, 0.006975175128517912, 0.011884361325852036, 0.006361891005434219, 0.003818964484039748, 0.007773739031157203]}, {'overall_acc': 0.5706191265892758, 'bal_acc': 0.5549020544628821, 'avg_odds_diff': 0.48914898396901785, 'disp_imp': 3.776244588744589, 'stat_par_diff': 0.6492557381716944, 'eq_opp_diff': 0.12897103246844183, 'theil_ind': 0.1857241523022936, 'TPR': 0.5235718247365502, 'TNR': 0.586232284189214, 'FPR': 0.4137677158107859, 'FNR': 0.4764281752634498, 'GTPR': 1.0, 'GTNR': 1.0, 'GFPR': 0.0, 'GFNR': 0.0, 'PPV': 0.2957393483709273, 'NPV': 0.7875865479723047, 'FDR': 0.7042606516290727, 'FOR': 0.21241345202769535, 'ACC': 0.5706191265892758, 'MCC': 0.09565315362500695, 'f1_score': 0.377977977977978, 'fitness': 0.08147014262025798, 'solution': {'corr_type': 'spearman', 'l2': 0.001, 'dropout': 0.06980004241335307, 'privileged_demotion': 0.17231684407850822, 'privileged_promotion': 0.02981222590620436, 'protected_demotion': 0.6390282385648329, 'protected_promotion': 0.9614465217504687}, 'corr': [0.08878561034712386, 0.0004271080272228362, 1.0, 0.06549862377763126, 0.04161862285116001, 0.26873187584540986, 0.0007877300035752458, 0.04408684881510212, 0.060248997881708365, 0.08432743080064875, 0.10114890341798197, 0.031584910320330464, 0.0022040238263125, 0.0017075065134908626, 0.00803790170824407, 0.0023760632167443988, 0.011869875565881304, 0.018861314697033026, 0.021411925962376236, 0.01178786981084217, 0.025781028676640377, 0.006364943903368105, 0.0185545685753383, 0.027340467290208403, 0.015438568902299695, 0.00733511519605052, 0.005752258205748117, 0.045609401523734244, 0.06087437381174177, 0.24795938841648302, 0.01839947598068323, 0.44044585558685373, 0.046784012630782204, 0.17025436322424725, 0.10588843788906925, 0.17926594771881163, 0.27638074684925146, 0.011556536621839274, 0.22626282780455154, 0.031142655713223506, 0.10396378473651503, 0.09541888918633287, 0.03665956466321101, 0.16726192329807207, 0.09686250477717578, 0.0319426687798517, 0.06158250905789413, 0.02603674137234539, 0.02653351190557764, 0.1350890718319676, 0.5839018680096824, 0.17101890857190694, 0.05083664132400642, 0.0997255837498176, 0.3320543132867076, 0.31616818175396816, 0.010398513965417447, 0.0074042648527431545, 0.10989335810093077, 0.012235891916561563, 0.10226428315735513, 0.005230069554077198, 0.00027508944698537754, 0.006034653792840116, 0.008591967292247336, 0.003654543412302158, 0.013752628135849751, 0.0012816539446870152, 0.004589591325486973, 0.0027500603786986375, 0.002913003465896708, 0.010252059431871364, 0.009811218479855994, 0.00404991251567519, 0.0012696765975905662, 0.008458070420794453, 0.0010194550072192222, 0.006850027526656581, 0.003953534547690338, 0.02954722823461106, 0.011454678919282828, 0.004247693480882463, 0.0082816218530498, 0.027332298100405106, 0.0007610812045552791, 0.008650835098096483, 0.035281320131907316, 0.007937377399412821, 0.005611020858532697, 0.00828401109934438, 0.010209602818145706, 0.0063471731136994685, 0.012922879127452094, 0.009591312129786117, 0.0008144535417758428, 0.013074492442427728, 0.006003672506812117, 0.006975175128517912, 0.011884361325852036, 0.006361891005434219, 0.003818964484039748, 0.007773739031157203]}, {'overall_acc': 0.8249032614704257, 'bal_acc': 0.671431257738728, 'avg_odds_diff': 0.06575441548115392, 'disp_imp': 0.24640495025659076, 'stat_par_diff': 0.1072411956699411, 'eq_opp_diff': 0.1021890691579811, 'theil_ind': 0.17953875671643163, 'TPR': 0.36550194120909596, 'TNR': 0.97736057426836, 'FPR': 0.02263942573163998, 'FNR': 0.634498058790904, 'GTPR': 1.0, 'GTNR': 1.0, 'GFPR': 0.0, 'GFNR': 0.0, 'PPV': 0.8427109974424553, 'NPV': 0.8227455841338704, 'FDR': 0.15728900255754474, 'FOR': 0.17725441586612953, 'ACC': 0.8249032614704257, 'MCC': 0.47766109062837425, 'f1_score': 0.5098646034816248, 'fitness': 0.7591488459892718, 'solution': {'corr_type': 'spearman', 'l2': 0.001, 'dropout': 0.07424224120149012, 'privileged_demotion': 0.42718814058839955, 'privileged_promotion': 0.00561210728359177, 'protected_demotion': 0.5397941761604279, 'protected_promotion': 0.03694260680518596}, 'corr': [0.08878561034712386, 0.0004271080272228362, 1.0, 0.06549862377763126, 0.04161862285116001, 0.26873187584540986, 0.0007877300035752458, 0.04408684881510212, 0.060248997881708365, 0.08432743080064875, 0.10114890341798197, 0.031584910320330464, 0.0022040238263125, 0.0017075065134908626, 0.00803790170824407, 0.0023760632167443988, 0.011869875565881304, 0.018861314697033026, 0.021411925962376236, 0.01178786981084217, 0.025781028676640377, 0.006364943903368105, 0.0185545685753383, 0.027340467290208403, 0.015438568902299695, 0.00733511519605052, 0.005752258205748117, 0.045609401523734244, 0.06087437381174177, 0.24795938841648302, 0.01839947598068323, 0.44044585558685373, 0.046784012630782204, 0.17025436322424725, 0.10588843788906925, 0.17926594771881163, 0.27638074684925146, 0.011556536621839274, 0.22626282780455154, 0.031142655713223506, 0.10396378473651503, 0.09541888918633287, 0.03665956466321101, 0.16726192329807207, 0.09686250477717578, 0.0319426687798517, 0.06158250905789413, 0.02603674137234539, 0.02653351190557764, 0.1350890718319676, 0.5839018680096824, 0.17101890857190694, 0.05083664132400642, 0.0997255837498176, 0.3320543132867076, 0.31616818175396816, 0.010398513965417447, 0.0074042648527431545, 0.10989335810093077, 0.012235891916561563, 0.10226428315735513, 0.005230069554077198, 0.00027508944698537754, 0.006034653792840116, 0.008591967292247336, 0.003654543412302158, 0.013752628135849751, 0.0012816539446870152, 0.004589591325486973, 0.0027500603786986375, 0.002913003465896708, 0.010252059431871364, 0.009811218479855994, 0.00404991251567519, 0.0012696765975905662, 0.008458070420794453, 0.0010194550072192222, 0.006850027526656581, 0.003953534547690338, 0.02954722823461106, 0.011454678919282828, 0.004247693480882463, 0.0082816218530498, 0.027332298100405106, 0.0007610812045552791, 0.008650835098096483, 0.035281320131907316, 0.007937377399412821, 0.005611020858532697, 0.00828401109934438, 0.010209602818145706, 0.0063471731136994685, 0.012922879127452094, 0.009591312129786117, 0.0008144535417758428, 0.013074492442427728, 0.006003672506812117, 0.006975175128517912, 0.011884361325852036, 0.006361891005434219, 0.003818964484039748, 0.007773739031157203]}, {'overall_acc': 0.5100884466556108, 'bal_acc': 0.396010177527913, 'avg_odds_diff': 0.9760798318993661, 'disp_imp': 80.01997019374069, 'stat_par_diff': 0.9785258184770974, 'eq_opp_diff': 0.9663462500250065, 'theil_ind': 0.29155664467352804, 'TPR': 0.16860787576261785, 'TNR': 0.6234124792932082, 'FPR': 0.3765875207067918, 'FNR': 0.8313921242373822, 'GTPR': 1.0, 'GTNR': 1.0, 'GFPR': 0.0, 'GFNR': 0.0, 'PPV': 0.12936170212765957, 'NPV': 0.6932050757265656, 'FDR': 0.8706382978723404, 'FOR': 0.3067949242734343, 'ACC': 0.5100884466556108, 'MCC': -0.19210023046102515, 'f1_score': 0.1464001926318324, 'fitness': -0.4659913852437553, 'solution': {'corr_type': 'spearman', 'l2': 0.01, 'dropout': 0.0969977779823127, 'privileged_demotion': 0.9601516998457987, 'privileged_promotion': 0.010473418097203025, 'protected_demotion': 0.9929490106911948, 'protected_promotion': 0.022254357832794183}, 'corr': [0.08878561034712386, 0.0004271080272228362, 1.0, 0.06549862377763126, 0.04161862285116001, 0.26873187584540986, 0.0007877300035752458, 0.04408684881510212, 0.060248997881708365, 0.08432743080064875, 0.10114890341798197, 0.031584910320330464, 0.0022040238263125, 0.0017075065134908626, 0.00803790170824407, 0.0023760632167443988, 0.011869875565881304, 0.018861314697033026, 0.021411925962376236, 0.01178786981084217, 0.025781028676640377, 0.006364943903368105, 0.0185545685753383, 0.027340467290208403, 0.015438568902299695, 0.00733511519605052, 0.005752258205748117, 0.045609401523734244, 0.06087437381174177, 0.24795938841648302, 0.01839947598068323, 0.44044585558685373, 0.046784012630782204, 0.17025436322424725, 0.10588843788906925, 0.17926594771881163, 0.27638074684925146, 0.011556536621839274, 0.22626282780455154, 0.031142655713223506, 0.10396378473651503, 0.09541888918633287, 0.03665956466321101, 0.16726192329807207, 0.09686250477717578, 0.0319426687798517, 0.06158250905789413, 0.02603674137234539, 0.02653351190557764, 0.1350890718319676, 0.5839018680096824, 0.17101890857190694, 0.05083664132400642, 0.0997255837498176, 0.3320543132867076, 0.31616818175396816, 0.010398513965417447, 0.0074042648527431545, 0.10989335810093077, 0.012235891916561563, 0.10226428315735513, 0.005230069554077198, 0.00027508944698537754, 0.006034653792840116, 0.008591967292247336, 0.003654543412302158, 0.013752628135849751, 0.0012816539446870152, 0.004589591325486973, 0.0027500603786986375, 0.002913003465896708, 0.010252059431871364, 0.009811218479855994, 0.00404991251567519, 0.0012696765975905662, 0.008458070420794453, 0.0010194550072192222, 0.006850027526656581, 0.003953534547690338, 0.02954722823461106, 0.011454678919282828, 0.004247693480882463, 0.0082816218530498, 0.027332298100405106, 0.0007610812045552791, 0.008650835098096483, 0.035281320131907316, 0.007937377399412821, 0.005611020858532697, 0.00828401109934438, 0.010209602818145706, 0.0063471731136994685, 0.012922879127452094, 0.009591312129786117, 0.0008144535417758428, 0.013074492442427728, 0.006003672506812117, 0.006975175128517912, 0.011884361325852036, 0.006361891005434219, 0.003818964484039748, 0.007773739031157203]}, {'overall_acc': 0.8044499723604202, 'bal_acc': 0.6137128652074753, 'avg_odds_diff': 0.030655082530139415, 'disp_imp': 0.2878831168831169, 'stat_par_diff': 0.057825163062678285, 'eq_opp_diff': 0.056252125552643695, 'theil_ind': 0.21409300978469165, 'TPR': 0.23349972268441485, 'TNR': 0.9939260077305356, 'FPR': 0.006073992269464384, 'FNR': 0.7665002773155851, 'GTPR': 1.0, 'GTNR': 1.0, 'GFPR': 0.0, 'GFNR': 0.0, 'PPV': 0.9273127753303965, 'NPV': 0.7962253022707166, 'FDR': 0.07268722466960352, 'FOR': 0.2037746977292834, 'ACC': 0.8044499723604202, 'MCC': 0.4056490796013991, 'f1_score': 0.3730615861763403, 'fitness': 0.7737948898302808, 'solution': {'corr_type': 'spearman', 'l2': 0.01, 'dropout': 0.08632679638320549, 'privileged_demotion': 0.76486879931428, 'privileged_promotion': 0.04070627895035506, 'protected_demotion': 0.9060022941608875, 'protected_promotion': 0.02199590383880269}, 'corr': [0.08878561034712386, 0.0004271080272228362, 1.0, 0.06549862377763126, 0.04161862285116001, 0.26873187584540986, 0.0007877300035752458, 0.04408684881510212, 0.060248997881708365, 0.08432743080064875, 0.10114890341798197, 0.031584910320330464, 0.0022040238263125, 0.0017075065134908626, 0.00803790170824407, 0.0023760632167443988, 0.011869875565881304, 0.018861314697033026, 0.021411925962376236, 0.01178786981084217, 0.025781028676640377, 0.006364943903368105, 0.0185545685753383, 0.027340467290208403, 0.015438568902299695, 0.00733511519605052, 0.005752258205748117, 0.045609401523734244, 0.06087437381174177, 0.24795938841648302, 0.01839947598068323, 0.44044585558685373, 0.046784012630782204, 0.17025436322424725, 0.10588843788906925, 0.17926594771881163, 0.27638074684925146, 0.011556536621839274, 0.22626282780455154, 0.031142655713223506, 0.10396378473651503, 0.09541888918633287, 0.03665956466321101, 0.16726192329807207, 0.09686250477717578, 0.0319426687798517, 0.06158250905789413, 0.02603674137234539, 0.02653351190557764, 0.1350890718319676, 0.5839018680096824, 0.17101890857190694, 0.05083664132400642, 0.0997255837498176, 0.3320543132867076, 0.31616818175396816, 0.010398513965417447, 0.0074042648527431545, 0.10989335810093077, 0.012235891916561563, 0.10226428315735513, 0.005230069554077198, 0.00027508944698537754, 0.006034653792840116, 0.008591967292247336, 0.003654543412302158, 0.013752628135849751, 0.0012816539446870152, 0.004589591325486973, 0.0027500603786986375, 0.002913003465896708, 0.010252059431871364, 0.009811218479855994, 0.00404991251567519, 0.0012696765975905662, 0.008458070420794453, 0.0010194550072192222, 0.006850027526656581, 0.003953534547690338, 0.02954722823461106, 0.011454678919282828, 0.004247693480882463, 0.0082816218530498, 0.027332298100405106, 0.0007610812045552791, 0.008650835098096483, 0.035281320131907316, 0.007937377399412821, 0.005611020858532697, 0.00828401109934438, 0.010209602818145706, 0.0063471731136994685, 0.012922879127452094, 0.009591312129786117, 0.0008144535417758428, 0.013074492442427728, 0.006003672506812117, 0.006975175128517912, 0.011884361325852036, 0.006361891005434219, 0.003818964484039748, 0.007773739031157203]}, {'overall_acc': 0.83595909342178, 'bal_acc': 0.7258561640164729, 'avg_odds_diff': 0.04280037009058037, 'disp_imp': 0.3438143430465887, 'stat_par_diff': 0.13880338094710812, 'eq_opp_diff': 0.032245883929821806, 'theil_ind': 0.14748433965268545, 'TPR': 0.5063782584581253, 'TNR': 0.9453340695748206, 'FPR': 0.054665930425179456, 'FNR': 0.49362174154187466, 'GTPR': 1.0, 'GTNR': 1.0, 'GFPR': 0.0, 'GFNR': 0.0, 'PPV': 0.7545454545454545, 'NPV': 0.8523066710919349, 'FDR': 0.24545454545454545, 'FOR': 0.14769332890806505, 'ACC': 0.83595909342178, 'MCC': 0.5235671747191634, 'f1_score': 0.6060404912047793, 'fitness': 0.7931587233311996, 'solution': {'corr_type': 'spearman', 'l2': 0.001, 'dropout': 0.008405637242712774, 'privileged_demotion': 0.407355070983535, 'privileged_promotion': 0.21969516141244808, 'protected_demotion': 0.04352610916324845, 'protected_promotion': 0.012471776942961199}, 'corr': [0.08878561034712386, 0.0004271080272228362, 1.0, 0.06549862377763126, 0.04161862285116001, 0.26873187584540986, 0.0007877300035752458, 0.04408684881510212, 0.060248997881708365, 0.08432743080064875, 0.10114890341798197, 0.031584910320330464, 0.0022040238263125, 0.0017075065134908626, 0.00803790170824407, 0.0023760632167443988, 0.011869875565881304, 0.018861314697033026, 0.021411925962376236, 0.01178786981084217, 0.025781028676640377, 0.006364943903368105, 0.0185545685753383, 0.027340467290208403, 0.015438568902299695, 0.00733511519605052, 0.005752258205748117, 0.045609401523734244, 0.06087437381174177, 0.24795938841648302, 0.01839947598068323, 0.44044585558685373, 0.046784012630782204, 0.17025436322424725, 0.10588843788906925, 0.17926594771881163, 0.27638074684925146, 0.011556536621839274, 0.22626282780455154, 0.031142655713223506, 0.10396378473651503, 0.09541888918633287, 0.03665956466321101, 0.16726192329807207, 0.09686250477717578, 0.0319426687798517, 0.06158250905789413, 0.02603674137234539, 0.02653351190557764, 0.1350890718319676, 0.5839018680096824, 0.17101890857190694, 0.05083664132400642, 0.0997255837498176, 0.3320543132867076, 0.31616818175396816, 0.010398513965417447, 0.0074042648527431545, 0.10989335810093077, 0.012235891916561563, 0.10226428315735513, 0.005230069554077198, 0.00027508944698537754, 0.006034653792840116, 0.008591967292247336, 0.003654543412302158, 0.013752628135849751, 0.0012816539446870152, 0.004589591325486973, 0.0027500603786986375, 0.002913003465896708, 0.010252059431871364, 0.009811218479855994, 0.00404991251567519, 0.0012696765975905662, 0.008458070420794453, 0.0010194550072192222, 0.006850027526656581, 0.003953534547690338, 0.02954722823461106, 0.011454678919282828, 0.004247693480882463, 0.0082816218530498, 0.027332298100405106, 0.0007610812045552791, 0.008650835098096483, 0.035281320131907316, 0.007937377399412821, 0.005611020858532697, 0.00828401109934438, 0.010209602818145706, 0.0063471731136994685, 0.012922879127452094, 0.009591312129786117, 0.0008144535417758428, 0.013074492442427728, 0.006003672506812117, 0.006975175128517912, 0.011884361325852036, 0.006361891005434219, 0.003818964484039748, 0.007773739031157203]}, {'overall_acc': 0.4595080154781647, 'bal_acc': 0.3428721625684905, 'avg_odds_diff': 0.40355525257130653, 'disp_imp': 0.004263229773025855, 'stat_par_diff': 0.5055496675472315, 'eq_opp_diff': 0.12888601036269431, 'theil_ind': 0.310125569151275, 'TPR': 0.11037160288408208, 'TNR': 0.5753727222528989, 'FPR': 0.4246272777471011, 'FNR': 0.8896283971159179, 'GTPR': 1.0, 'GTNR': 1.0, 'GFPR': 0.0, 'GFNR': 0.0, 'PPV': 0.07940941739824421, 'NPV': 0.6608879492600422, 'FDR': 0.9205905826017557, 'FOR': 0.3391120507399577, 'ACC': 0.4595080154781647, 'MCC': -0.28567993682529286, 'f1_score': 0.09236481782316083, 'fitness': 0.05595276290685819, 'solution': {'corr_type': 'spearman', 'l2': 0.001, 'dropout': 0.08212928411845831, 'privileged_demotion': 0.40679673200932354, 'privileged_promotion': 0.9222210569003972, 'protected_demotion': 0.5209083664266114, 'protected_promotion': 0.0427773151062726}, 'corr': [0.08878561034712386, 0.0004271080272228362, 1.0, 0.06549862377763126, 0.04161862285116001, 0.26873187584540986, 0.0007877300035752458, 0.04408684881510212, 0.060248997881708365, 0.08432743080064875, 0.10114890341798197, 0.031584910320330464, 0.0022040238263125, 0.0017075065134908626, 0.00803790170824407, 0.0023760632167443988, 0.011869875565881304, 0.018861314697033026, 0.021411925962376236, 0.01178786981084217, 0.025781028676640377, 0.006364943903368105, 0.0185545685753383, 0.027340467290208403, 0.015438568902299695, 0.00733511519605052, 0.005752258205748117, 0.045609401523734244, 0.06087437381174177, 0.24795938841648302, 0.01839947598068323, 0.44044585558685373, 0.046784012630782204, 0.17025436322424725, 0.10588843788906925, 0.17926594771881163, 0.27638074684925146, 0.011556536621839274, 0.22626282780455154, 0.031142655713223506, 0.10396378473651503, 0.09541888918633287, 0.03665956466321101, 0.16726192329807207, 0.09686250477717578, 0.0319426687798517, 0.06158250905789413, 0.02603674137234539, 0.02653351190557764, 0.1350890718319676, 0.5839018680096824, 0.17101890857190694, 0.05083664132400642, 0.0997255837498176, 0.3320543132867076, 0.31616818175396816, 0.010398513965417447, 0.0074042648527431545, 0.10989335810093077, 0.012235891916561563, 0.10226428315735513, 0.005230069554077198, 0.00027508944698537754, 0.006034653792840116, 0.008591967292247336, 0.003654543412302158, 0.013752628135849751, 0.0012816539446870152, 0.004589591325486973, 0.0027500603786986375, 0.002913003465896708, 0.010252059431871364, 0.009811218479855994, 0.00404991251567519, 0.0012696765975905662, 0.008458070420794453, 0.0010194550072192222, 0.006850027526656581, 0.003953534547690338, 0.02954722823461106, 0.011454678919282828, 0.004247693480882463, 0.0082816218530498, 0.027332298100405106, 0.0007610812045552791, 0.008650835098096483, 0.035281320131907316, 0.007937377399412821, 0.005611020858532697, 0.00828401109934438, 0.010209602818145706, 0.0063471731136994685, 0.012922879127452094, 0.009591312129786117, 0.0008144535417758428, 0.013074492442427728, 0.006003672506812117, 0.006975175128517912, 0.011884361325852036, 0.006361891005434219, 0.003818964484039748, 0.007773739031157203]}, {'overall_acc': 0.4331122166943063, 'bal_acc': 0.3758773110525344, 'avg_odds_diff': 0.5310392185444277, 'disp_imp': 0.23345522079699296, 'stat_par_diff': 0.45485391587705837, 'eq_opp_diff': 0.3751100286074379, 'theil_ind': 0.26127211411005485, 'TPR': 0.2617859123682751, 'TNR': 0.4899687097367937, 'FPR': 0.5100312902632064, 'FNR': 0.7382140876317249, 'GTPR': 1.0, 'GTNR': 1.0, 'GFPR': 0.0, 'GFNR': 0.0, 'PPV': 0.14554424915201974, 'NPV': 0.6666666666666666, 'FDR': 0.8544557508479803, 'FOR': 0.3333333333333333, 'ACC': 0.4331122166943063, 'MCC': -0.21591149151245576, 'f1_score': 0.1870788743559255, 'fitness': -0.09792700185012143, 'solution': {'corr_type': 'spearman', 'l2': 0.001, 'dropout': 0.00319744717717272, 'privileged_demotion': 0.6790714770212867, 'privileged_promotion': 0.9995762044089364, 'protected_demotion': 0.08244433856355515, 'protected_promotion': 0.6571655621378432}, 'corr': [0.08878561034712386, 0.0004271080272228362, 1.0, 0.06549862377763126, 0.04161862285116001, 0.26873187584540986, 0.0007877300035752458, 0.04408684881510212, 0.060248997881708365, 0.08432743080064875, 0.10114890341798197, 0.031584910320330464, 0.0022040238263125, 0.0017075065134908626, 0.00803790170824407, 0.0023760632167443988, 0.011869875565881304, 0.018861314697033026, 0.021411925962376236, 0.01178786981084217, 0.025781028676640377, 0.006364943903368105, 0.0185545685753383, 0.027340467290208403, 0.015438568902299695, 0.00733511519605052, 0.005752258205748117, 0.045609401523734244, 0.06087437381174177, 0.24795938841648302, 0.01839947598068323, 0.44044585558685373, 0.046784012630782204, 0.17025436322424725, 0.10588843788906925, 0.17926594771881163, 0.27638074684925146, 0.011556536621839274, 0.22626282780455154, 0.031142655713223506, 0.10396378473651503, 0.09541888918633287, 0.03665956466321101, 0.16726192329807207, 0.09686250477717578, 0.0319426687798517, 0.06158250905789413, 0.02603674137234539, 0.02653351190557764, 0.1350890718319676, 0.5839018680096824, 0.17101890857190694, 0.05083664132400642, 0.0997255837498176, 0.3320543132867076, 0.31616818175396816, 0.010398513965417447, 0.0074042648527431545, 0.10989335810093077, 0.012235891916561563, 0.10226428315735513, 0.005230069554077198, 0.00027508944698537754, 0.006034653792840116, 0.008591967292247336, 0.003654543412302158, 0.013752628135849751, 0.0012816539446870152, 0.004589591325486973, 0.0027500603786986375, 0.002913003465896708, 0.010252059431871364, 0.009811218479855994, 0.00404991251567519, 0.0012696765975905662, 0.008458070420794453, 0.0010194550072192222, 0.006850027526656581, 0.003953534547690338, 0.02954722823461106, 0.011454678919282828, 0.004247693480882463, 0.0082816218530498, 0.027332298100405106, 0.0007610812045552791, 0.008650835098096483, 0.035281320131907316, 0.007937377399412821, 0.005611020858532697, 0.00828401109934438, 0.010209602818145706, 0.0063471731136994685, 0.012922879127452094, 0.009591312129786117, 0.0008144535417758428, 0.013074492442427728, 0.006003672506812117, 0.006975175128517912, 0.011884361325852036, 0.006361891005434219, 0.003818964484039748, 0.007773739031157203]}, {'overall_acc': 0.41404090657822, 'bal_acc': 0.38467025170944924, 'avg_odds_diff': 0.5933088185544906, 'disp_imp': 0.31499282166372383, 'stat_par_diff': 0.43775935797860277, 'eq_opp_diff': 0.5028707463940625, 'theil_ind': 0.24032542802589044, 'TPR': 0.3261231281198003, 'TNR': 0.4432173752990981, 'FPR': 0.5567826247009019, 'FNR': 0.6738768718801996, 'GTPR': 1.0, 'GTNR': 1.0, 'GFPR': 0.0, 'GFNR': 0.0, 'PPV': 0.16274564074176584, 'NPV': 0.6646425614131934, 'FDR': 0.8372543592582341, 'FOR': 0.3353574385868065, 'ACC': 0.41404090657822, 'MCC': -0.19953583736987182, 'f1_score': 0.21713441654357457, 'fitness': -0.17926791197627057, 'solution': {'corr_type': 'spearman', 'l2': 0.001, 'dropout': 0.012650527365638237, 'privileged_demotion': 0.736587935590257, 'privileged_promotion': 0.9281970581503663, 'protected_demotion': 0.0022099226030976027, 'protected_promotion': 0.6596202081773763}, 'corr': [0.08878561034712386, 0.0004271080272228362, 1.0, 0.06549862377763126, 0.04161862285116001, 0.26873187584540986, 0.0007877300035752458, 0.04408684881510212, 0.060248997881708365, 0.08432743080064875, 0.10114890341798197, 0.031584910320330464, 0.0022040238263125, 0.0017075065134908626, 0.00803790170824407, 0.0023760632167443988, 0.011869875565881304, 0.018861314697033026, 0.021411925962376236, 0.01178786981084217, 0.025781028676640377, 0.006364943903368105, 0.0185545685753383, 0.027340467290208403, 0.015438568902299695, 0.00733511519605052, 0.005752258205748117, 0.045609401523734244, 0.06087437381174177, 0.24795938841648302, 0.01839947598068323, 0.44044585558685373, 0.046784012630782204, 0.17025436322424725, 0.10588843788906925, 0.17926594771881163, 0.27638074684925146, 0.011556536621839274, 0.22626282780455154, 0.031142655713223506, 0.10396378473651503, 0.09541888918633287, 0.03665956466321101, 0.16726192329807207, 0.09686250477717578, 0.0319426687798517, 0.06158250905789413, 0.02603674137234539, 0.02653351190557764, 0.1350890718319676, 0.5839018680096824, 0.17101890857190694, 0.05083664132400642, 0.0997255837498176, 0.3320543132867076, 0.31616818175396816, 0.010398513965417447, 0.0074042648527431545, 0.10989335810093077, 0.012235891916561563, 0.10226428315735513, 0.005230069554077198, 0.00027508944698537754, 0.006034653792840116, 0.008591967292247336, 0.003654543412302158, 0.013752628135849751, 0.0012816539446870152, 0.004589591325486973, 0.0027500603786986375, 0.002913003465896708, 0.010252059431871364, 0.009811218479855994, 0.00404991251567519, 0.0012696765975905662, 0.008458070420794453, 0.0010194550072192222, 0.006850027526656581, 0.003953534547690338, 0.02954722823461106, 0.011454678919282828, 0.004247693480882463, 0.0082816218530498, 0.027332298100405106, 0.0007610812045552791, 0.008650835098096483, 0.035281320131907316, 0.007937377399412821, 0.005611020858532697, 0.00828401109934438, 0.010209602818145706, 0.0063471731136994685, 0.012922879127452094, 0.009591312129786117, 0.0008144535417758428, 0.013074492442427728, 0.006003672506812117, 0.006975175128517912, 0.011884361325852036, 0.006361891005434219, 0.003818964484039748, 0.007773739031157203]}, {'overall_acc': 0.46061359867330015, 'bal_acc': 0.3797390569065056, 'avg_odds_diff': 0.5812289108074815, 'disp_imp': 0.33787592271346784, 'stat_par_diff': 0.33509446298727663, 'eq_opp_diff': 0.5879403644947686, 'theil_ind': 0.2757912515942064, 'TPR': 0.2185246810870771, 'TNR': 0.5409534327259341, 'FPR': 0.4590465672740659, 'FNR': 0.7814753189129229, 'GTPR': 1.0, 'GTNR': 1.0, 'GFPR': 0.0, 'GFNR': 0.0, 'PPV': 0.13642659279778394, 'NPV': 0.6759429622815087, 'FDR': 0.8635734072022161, 'FOR': 0.32405703771849126, 'ACC': 0.46061359867330015, 'MCC': -0.21243641052896847, 'f1_score': 0.16798124067363035, 'fitness': -0.12061531213418136, 'solution': {'corr_type': 'spearman', 'l2': 0.001, 'dropout': 0.007001727444341688, 'privileged_demotion': 0.4495697235004012, 'privileged_promotion': 0.9447768786602911, 'protected_demotion': 0.03706622935265069, 'protected_promotion': 0.6420256527902941}, 'corr': [0.08878561034712386, 0.0004271080272228362, 1.0, 0.06549862377763126, 0.04161862285116001, 0.26873187584540986, 0.0007877300035752458, 0.04408684881510212, 0.060248997881708365, 0.08432743080064875, 0.10114890341798197, 0.031584910320330464, 0.0022040238263125, 0.0017075065134908626, 0.00803790170824407, 0.0023760632167443988, 0.011869875565881304, 0.018861314697033026, 0.021411925962376236, 0.01178786981084217, 0.025781028676640377, 0.006364943903368105, 0.0185545685753383, 0.027340467290208403, 0.015438568902299695, 0.00733511519605052, 0.005752258205748117, 0.045609401523734244, 0.06087437381174177, 0.24795938841648302, 0.01839947598068323, 0.44044585558685373, 0.046784012630782204, 0.17025436322424725, 0.10588843788906925, 0.17926594771881163, 0.27638074684925146, 0.011556536621839274, 0.22626282780455154, 0.031142655713223506, 0.10396378473651503, 0.09541888918633287, 0.03665956466321101, 0.16726192329807207, 0.09686250477717578, 0.0319426687798517, 0.06158250905789413, 0.02603674137234539, 0.02653351190557764, 0.1350890718319676, 0.5839018680096824, 0.17101890857190694, 0.05083664132400642, 0.0997255837498176, 0.3320543132867076, 0.31616818175396816, 0.010398513965417447, 0.0074042648527431545, 0.10989335810093077, 0.012235891916561563, 0.10226428315735513, 0.005230069554077198, 0.00027508944698537754, 0.006034653792840116, 0.008591967292247336, 0.003654543412302158, 0.013752628135849751, 0.0012816539446870152, 0.004589591325486973, 0.0027500603786986375, 0.002913003465896708, 0.010252059431871364, 0.009811218479855994, 0.00404991251567519, 0.0012696765975905662, 0.008458070420794453, 0.0010194550072192222, 0.006850027526656581, 0.003953534547690338, 0.02954722823461106, 0.011454678919282828, 0.004247693480882463, 0.0082816218530498, 0.027332298100405106, 0.0007610812045552791, 0.008650835098096483, 0.035281320131907316, 0.007937377399412821, 0.005611020858532697, 0.00828401109934438, 0.010209602818145706, 0.0063471731136994685, 0.012922879127452094, 0.009591312129786117, 0.0008144535417758428, 0.013074492442427728, 0.006003672506812117, 0.006975175128517912, 0.011884361325852036, 0.006361891005434219, 0.003818964484039748, 0.007773739031157203]}, {'overall_acc': 0.8377556661138751, 'bal_acc': 0.7555865079153616, 'avg_odds_diff': 0.053497538669911866, 'disp_imp': 0.46200590032441285, 'stat_par_diff': 0.13509920854622437, 'eq_opp_diff': 0.05737741812871355, 'theil_ind': 0.12957259323895176, 'TPR': 0.5917914586799778, 'TNR': 0.9193815571507454, 'FPR': 0.08061844284925455, 'FNR': 0.4082085413200222, 'GTPR': 1.0, 'GTNR': 1.0, 'GFPR': 0.0, 'GFNR': 0.0, 'PPV': 0.7089700996677741, 'NPV': 0.8715756412493456, 'FDR': 0.2910299003322259, 'FOR': 0.12842435875065433, 'ACC': 0.8377556661138751, 'MCC': 0.5447561997924263, 'f1_score': 0.6451027811366384, 'fitness': 0.7842581274439632, 'solution': {'corr_type': 'spearman', 'l2': 0.001, 'dropout': 0.004884535687578991, 'privileged_demotion': 0.3162158499326943, 'privileged_promotion': 0.2166698168122565, 'protected_demotion': 0.00944003015888395, 'protected_promotion': 0.1928244092444188}, 'corr': [0.08878561034712386, 0.0004271080272228362, 1.0, 0.06549862377763126, 0.04161862285116001, 0.26873187584540986, 0.0007877300035752458, 0.04408684881510212, 0.060248997881708365, 0.08432743080064875, 0.10114890341798197, 0.031584910320330464, 0.0022040238263125, 0.0017075065134908626, 0.00803790170824407, 0.0023760632167443988, 0.011869875565881304, 0.018861314697033026, 0.021411925962376236, 0.01178786981084217, 0.025781028676640377, 0.006364943903368105, 0.0185545685753383, 0.027340467290208403, 0.015438568902299695, 0.00733511519605052, 0.005752258205748117, 0.045609401523734244, 0.06087437381174177, 0.24795938841648302, 0.01839947598068323, 0.44044585558685373, 0.046784012630782204, 0.17025436322424725, 0.10588843788906925, 0.17926594771881163, 0.27638074684925146, 0.011556536621839274, 0.22626282780455154, 0.031142655713223506, 0.10396378473651503, 0.09541888918633287, 0.03665956466321101, 0.16726192329807207, 0.09686250477717578, 0.0319426687798517, 0.06158250905789413, 0.02603674137234539, 0.02653351190557764, 0.1350890718319676, 0.5839018680096824, 0.17101890857190694, 0.05083664132400642, 0.0997255837498176, 0.3320543132867076, 0.31616818175396816, 0.010398513965417447, 0.0074042648527431545, 0.10989335810093077, 0.012235891916561563, 0.10226428315735513, 0.005230069554077198, 0.00027508944698537754, 0.006034653792840116, 0.008591967292247336, 0.003654543412302158, 0.013752628135849751, 0.0012816539446870152, 0.004589591325486973, 0.0027500603786986375, 0.002913003465896708, 0.010252059431871364, 0.009811218479855994, 0.00404991251567519, 0.0012696765975905662, 0.008458070420794453, 0.0010194550072192222, 0.006850027526656581, 0.003953534547690338, 0.02954722823461106, 0.011454678919282828, 0.004247693480882463, 0.0082816218530498, 0.027332298100405106, 0.0007610812045552791, 0.008650835098096483, 0.035281320131907316, 0.007937377399412821, 0.005611020858532697, 0.00828401109934438, 0.010209602818145706, 0.0063471731136994685, 0.012922879127452094, 0.009591312129786117, 0.0008144535417758428, 0.013074492442427728, 0.006003672506812117, 0.006975175128517912, 0.011884361325852036, 0.006361891005434219, 0.003818964484039748, 0.007773739031157203]}, {'overall_acc': 0.839690436705362, 'bal_acc': 0.761321780099613, 'avg_odds_diff': 0.05994669977959072, 'disp_imp': 0.46600240614492394, 'stat_par_diff': 0.13691412120157553, 'eq_opp_diff': 0.06888541020665373, 'theil_ind': 0.12624559560988555, 'TPR': 0.6051026067665003, 'TNR': 0.9175409534327259, 'FPR': 0.08245904656727407, 'FNR': 0.3948973932334997, 'GTPR': 1.0, 'GTNR': 1.0, 'GFPR': 0.0, 'GFNR': 0.0, 'PPV': 0.7089018843404808, 'NPV': 0.8750219413726523, 'FDR': 0.29109811565951915, 'FOR': 0.12497805862734773, 'ACC': 0.839690436705362, 'MCC': 0.5524346360935964, 'f1_score': 0.6529024536205865, 'fitness': 0.7797437369257714, 'solution': {'corr_type': 'spearman', 'l2': 0.001, 'dropout': 0.0009869478834617041, 'privileged_demotion': 0.2765529726427093, 'privileged_promotion': 0.21708759772654063, 'protected_demotion': 0.014346206214036927, 'protected_promotion': 0.2044948170096288}, 'corr': [0.08878561034712386, 0.0004271080272228362, 1.0, 0.06549862377763126, 0.04161862285116001, 0.26873187584540986, 0.0007877300035752458, 0.04408684881510212, 0.060248997881708365, 0.08432743080064875, 0.10114890341798197, 0.031584910320330464, 0.0022040238263125, 0.0017075065134908626, 0.00803790170824407, 0.0023760632167443988, 0.011869875565881304, 0.018861314697033026, 0.021411925962376236, 0.01178786981084217, 0.025781028676640377, 0.006364943903368105, 0.0185545685753383, 0.027340467290208403, 0.015438568902299695, 0.00733511519605052, 0.005752258205748117, 0.045609401523734244, 0.06087437381174177, 0.24795938841648302, 0.01839947598068323, 0.44044585558685373, 0.046784012630782204, 0.17025436322424725, 0.10588843788906925, 0.17926594771881163, 0.27638074684925146, 0.011556536621839274, 0.22626282780455154, 0.031142655713223506, 0.10396378473651503, 0.09541888918633287, 0.03665956466321101, 0.16726192329807207, 0.09686250477717578, 0.0319426687798517, 0.06158250905789413, 0.02603674137234539, 0.02653351190557764, 0.1350890718319676, 0.5839018680096824, 0.17101890857190694, 0.05083664132400642, 0.0997255837498176, 0.3320543132867076, 0.31616818175396816, 0.010398513965417447, 0.0074042648527431545, 0.10989335810093077, 0.012235891916561563, 0.10226428315735513, 0.005230069554077198, 0.00027508944698537754, 0.006034653792840116, 0.008591967292247336, 0.003654543412302158, 0.013752628135849751, 0.0012816539446870152, 0.004589591325486973, 0.0027500603786986375, 0.002913003465896708, 0.010252059431871364, 0.009811218479855994, 0.00404991251567519, 0.0012696765975905662, 0.008458070420794453, 0.0010194550072192222, 0.006850027526656581, 0.003953534547690338, 0.02954722823461106, 0.011454678919282828, 0.004247693480882463, 0.0082816218530498, 0.027332298100405106, 0.0007610812045552791, 0.008650835098096483, 0.035281320131907316, 0.007937377399412821, 0.005611020858532697, 0.00828401109934438, 0.010209602818145706, 0.0063471731136994685, 0.012922879127452094, 0.009591312129786117, 0.0008144535417758428, 0.013074492442427728, 0.006003672506812117, 0.006975175128517912, 0.011884361325852036, 0.006361891005434219, 0.003818964484039748, 0.007773739031157203]}, {'overall_acc': 0.8432835820895522, 'bal_acc': 0.7707554101039651, 'avg_odds_diff': 0.0745185306101167, 'disp_imp': 0.3300985351857445, 'stat_par_diff': 0.1871263531434055, 'eq_opp_diff': 0.06393412287194677, 'theil_ind': 0.12083441831360242, 'TPR': 0.6261785912368275, 'TNR': 0.9153322289711026, 'FPR': 0.08466777102889748, 'FNR': 0.3738214087631725, 'GTPR': 1.0, 'GTNR': 1.0, 'GFPR': 0.0, 'GFNR': 0.0, 'PPV': 0.710509754562618, 'NPV': 0.880644590047813, 'FDR': 0.289490245437382, 'FOR': 0.119355409952187, 'ACC': 0.8432835820895522, 'MCC': 0.5657883650442769, 'f1_score': 0.6656839622641508, 'fitness': 0.7687650514794355, 'solution': {'corr_type': 'spearman', 'l2': 0.001, 'dropout': 0.11769741708002648, 'privileged_demotion': 0.26441445391837415, 'privileged_promotion': 0.24491421688265597, 'protected_demotion': 0.15035521541208458, 'protected_promotion': 0.19462427357247367}, 'corr': [0.08878561034712386, 0.0004271080272228362, 1.0, 0.06549862377763126, 0.04161862285116001, 0.26873187584540986, 0.0007877300035752458, 0.04408684881510212, 0.060248997881708365, 0.08432743080064875, 0.10114890341798197, 0.031584910320330464, 0.0022040238263125, 0.0017075065134908626, 0.00803790170824407, 0.0023760632167443988, 0.011869875565881304, 0.018861314697033026, 0.021411925962376236, 0.01178786981084217, 0.025781028676640377, 0.006364943903368105, 0.0185545685753383, 0.027340467290208403, 0.015438568902299695, 0.00733511519605052, 0.005752258205748117, 0.045609401523734244, 0.06087437381174177, 0.24795938841648302, 0.01839947598068323, 0.44044585558685373, 0.046784012630782204, 0.17025436322424725, 0.10588843788906925, 0.17926594771881163, 0.27638074684925146, 0.011556536621839274, 0.22626282780455154, 0.031142655713223506, 0.10396378473651503, 0.09541888918633287, 0.03665956466321101, 0.16726192329807207, 0.09686250477717578, 0.0319426687798517, 0.06158250905789413, 0.02603674137234539, 0.02653351190557764, 0.1350890718319676, 0.5839018680096824, 0.17101890857190694, 0.05083664132400642, 0.0997255837498176, 0.3320543132867076, 0.31616818175396816, 0.010398513965417447, 0.0074042648527431545, 0.10989335810093077, 0.012235891916561563, 0.10226428315735513, 0.005230069554077198, 0.00027508944698537754, 0.006034653792840116, 0.008591967292247336, 0.003654543412302158, 0.013752628135849751, 0.0012816539446870152, 0.004589591325486973, 0.0027500603786986375, 0.002913003465896708, 0.010252059431871364, 0.009811218479855994, 0.00404991251567519, 0.0012696765975905662, 0.008458070420794453, 0.0010194550072192222, 0.006850027526656581, 0.003953534547690338, 0.02954722823461106, 0.011454678919282828, 0.004247693480882463, 0.0082816218530498, 0.027332298100405106, 0.0007610812045552791, 0.008650835098096483, 0.035281320131907316, 0.007937377399412821, 0.005611020858532697, 0.00828401109934438, 0.010209602818145706, 0.0063471731136994685, 0.012922879127452094, 0.009591312129786117, 0.0008144535417758428, 0.013074492442427728, 0.006003672506812117, 0.006975175128517912, 0.011884361325852036, 0.006361891005434219, 0.003818964484039748, 0.007773739031157203]}, {'overall_acc': 0.8369264787175235, 'bal_acc': 0.723906379728491, 'avg_odds_diff': 0.0508996292045541, 'disp_imp': 0.4295461185031737, 'stat_par_diff': 0.11325698256270729, 'eq_opp_diff': 0.062486246424070246, 'theil_ind': 0.14868965656695812, 'TPR': 0.4986134220743206, 'TNR': 0.9491993373826615, 'FPR': 0.05080066261733849, 'FNR': 0.5013865779256794, 'GTPR': 1.0, 'GTNR': 1.0, 'GFPR': 0.0, 'GFNR': 0.0, 'PPV': 0.7651063829787234, 'NPV': 0.85084969476984, 'FDR': 0.2348936170212766, 'FOR': 0.14915030523016004, 'ACC': 0.8369264787175235, 'MCC': 0.5251980491975228, 'f1_score': 0.6037609133646744, 'fitness': 0.7860268495129694, 'solution': {'corr_type': 'spearman', 'l2': 0.001, 'dropout': 0.11915873837506667, 'privileged_demotion': 0.45037401352947026, 'privileged_promotion': 0.1989980118061957, 'protected_demotion': 0.18631528433881966, 'protected_promotion': 0.175700869991952}, 'corr': [0.08878561034712386, 0.0004271080272228362, 1.0, 0.06549862377763126, 0.04161862285116001, 0.26873187584540986, 0.0007877300035752458, 0.04408684881510212, 0.060248997881708365, 0.08432743080064875, 0.10114890341798197, 0.031584910320330464, 0.0022040238263125, 0.0017075065134908626, 0.00803790170824407, 0.0023760632167443988, 0.011869875565881304, 0.018861314697033026, 0.021411925962376236, 0.01178786981084217, 0.025781028676640377, 0.006364943903368105, 0.0185545685753383, 0.027340467290208403, 0.015438568902299695, 0.00733511519605052, 0.005752258205748117, 0.045609401523734244, 0.06087437381174177, 0.24795938841648302, 0.01839947598068323, 0.44044585558685373, 0.046784012630782204, 0.17025436322424725, 0.10588843788906925, 0.17926594771881163, 0.27638074684925146, 0.011556536621839274, 0.22626282780455154, 0.031142655713223506, 0.10396378473651503, 0.09541888918633287, 0.03665956466321101, 0.16726192329807207, 0.09686250477717578, 0.0319426687798517, 0.06158250905789413, 0.02603674137234539, 0.02653351190557764, 0.1350890718319676, 0.5839018680096824, 0.17101890857190694, 0.05083664132400642, 0.0997255837498176, 0.3320543132867076, 0.31616818175396816, 0.010398513965417447, 0.0074042648527431545, 0.10989335810093077, 0.012235891916561563, 0.10226428315735513, 0.005230069554077198, 0.00027508944698537754, 0.006034653792840116, 0.008591967292247336, 0.003654543412302158, 0.013752628135849751, 0.0012816539446870152, 0.004589591325486973, 0.0027500603786986375, 0.002913003465896708, 0.010252059431871364, 0.009811218479855994, 0.00404991251567519, 0.0012696765975905662, 0.008458070420794453, 0.0010194550072192222, 0.006850027526656581, 0.003953534547690338, 0.02954722823461106, 0.011454678919282828, 0.004247693480882463, 0.0082816218530498, 0.027332298100405106, 0.0007610812045552791, 0.008650835098096483, 0.035281320131907316, 0.007937377399412821, 0.005611020858532697, 0.00828401109934438, 0.010209602818145706, 0.0063471731136994685, 0.012922879127452094, 0.009591312129786117, 0.0008144535417758428, 0.013074492442427728, 0.006003672506812117, 0.006975175128517912, 0.011884361325852036, 0.006361891005434219, 0.003818964484039748, 0.007773739031157203]}, {'overall_acc': 0.8406578220011056, 'bal_acc': 0.7401023142912007, 'avg_odds_diff': 0.04539365108470731, 'disp_imp': 0.3395162976558326, 'stat_par_diff': 0.14990271604157107, 'eq_opp_diff': 0.03052793726368863, 'theil_ind': 0.13918580080371787, 'TPR': 0.5396561286744315, 'TNR': 0.9405484999079698, 'FPR': 0.059451500092030186, 'FNR': 0.4603438713255685, 'GTPR': 1.0, 'GTNR': 1.0, 'GFPR': 0.0, 'GFNR': 0.0, 'PPV': 0.7507716049382716, 'NPV': 0.8602693602693603, 'FDR': 0.2492283950617284, 'FOR': 0.13973063973063973, 'ACC': 0.8406578220011056, 'MCC': 0.541686901951822, 'f1_score': 0.6279444982252339, 'fitness': 0.7952641709163983, 'solution': {'corr_type': 'spearman', 'l2': 0.001, 'dropout': 0.0282290867483602, 'privileged_demotion': 0.2693554088402076, 'privileged_promotion': 0.17042088509136208, 'protected_demotion': 0.16316842321535502, 'protected_promotion': 0.18460034576223938}, 'corr': [0.08878561034712386, 0.0004271080272228362, 1.0, 0.06549862377763126, 0.04161862285116001, 0.26873187584540986, 0.0007877300035752458, 0.04408684881510212, 0.060248997881708365, 0.08432743080064875, 0.10114890341798197, 0.031584910320330464, 0.0022040238263125, 0.0017075065134908626, 0.00803790170824407, 0.0023760632167443988, 0.011869875565881304, 0.018861314697033026, 0.021411925962376236, 0.01178786981084217, 0.025781028676640377, 0.006364943903368105, 0.0185545685753383, 0.027340467290208403, 0.015438568902299695, 0.00733511519605052, 0.005752258205748117, 0.045609401523734244, 0.06087437381174177, 0.24795938841648302, 0.01839947598068323, 0.44044585558685373, 0.046784012630782204, 0.17025436322424725, 0.10588843788906925, 0.17926594771881163, 0.27638074684925146, 0.011556536621839274, 0.22626282780455154, 0.031142655713223506, 0.10396378473651503, 0.09541888918633287, 0.03665956466321101, 0.16726192329807207, 0.09686250477717578, 0.0319426687798517, 0.06158250905789413, 0.02603674137234539, 0.02653351190557764, 0.1350890718319676, 0.5839018680096824, 0.17101890857190694, 0.05083664132400642, 0.0997255837498176, 0.3320543132867076, 0.31616818175396816, 0.010398513965417447, 0.0074042648527431545, 0.10989335810093077, 0.012235891916561563, 0.10226428315735513, 0.005230069554077198, 0.00027508944698537754, 0.006034653792840116, 0.008591967292247336, 0.003654543412302158, 0.013752628135849751, 0.0012816539446870152, 0.004589591325486973, 0.0027500603786986375, 0.002913003465896708, 0.010252059431871364, 0.009811218479855994, 0.00404991251567519, 0.0012696765975905662, 0.008458070420794453, 0.0010194550072192222, 0.006850027526656581, 0.003953534547690338, 0.02954722823461106, 0.011454678919282828, 0.004247693480882463, 0.0082816218530498, 0.027332298100405106, 0.0007610812045552791, 0.008650835098096483, 0.035281320131907316, 0.007937377399412821, 0.005611020858532697, 0.00828401109934438, 0.010209602818145706, 0.0063471731136994685, 0.012922879127452094, 0.009591312129786117, 0.0008144535417758428, 0.013074492442427728, 0.006003672506812117, 0.006975175128517912, 0.011884361325852036, 0.006361891005434219, 0.003818964484039748, 0.007773739031157203]}, {'overall_acc': 0.8360972913211719, 'bal_acc': 0.791168654733062, 'avg_odds_diff': 0.16330941399411925, 'disp_imp': 0.2531525784157363, 'stat_par_diff': 0.2592588491492267, 'eq_opp_diff': 0.18357773020985457, 'theil_ind': 0.1071994083203932, 'TPR': 0.7016084303937882, 'TNR': 0.8807288790723358, 'FPR': 0.11927112092766427, 'FNR': 0.2983915696062119, 'GTPR': 1.0, 'GTNR': 1.0, 'GFPR': 0.0, 'GFNR': 0.0, 'PPV': 0.6612650287506534, 'NPV': 0.8989291752770994, 'FDR': 0.3387349712493466, 'FOR': 0.10107082472290062, 'ACC': 0.8360972913211719, 'MCC': 0.5711584592317953, 'f1_score': 0.6808396124865447, 'fitness': 0.6727878773270527, 'solution': {'corr_type': 'spearman', 'l2': 0.001, 'dropout': 0.032024744833333216, 'privileged_demotion': 0.028831026066716614, 'privileged_promotion': 0.1646946237901429, 'protected_demotion': 0.13172014368329366, 'protected_promotion': 0.16396106375485128}, 'corr': [0.08878561034712386, 0.0004271080272228362, 1.0, 0.06549862377763126, 0.04161862285116001, 0.26873187584540986, 0.0007877300035752458, 0.04408684881510212, 0.060248997881708365, 0.08432743080064875, 0.10114890341798197, 0.031584910320330464, 0.0022040238263125, 0.0017075065134908626, 0.00803790170824407, 0.0023760632167443988, 0.011869875565881304, 0.018861314697033026, 0.021411925962376236, 0.01178786981084217, 0.025781028676640377, 0.006364943903368105, 0.0185545685753383, 0.027340467290208403, 0.015438568902299695, 0.00733511519605052, 0.005752258205748117, 0.045609401523734244, 0.06087437381174177, 0.24795938841648302, 0.01839947598068323, 0.44044585558685373, 0.046784012630782204, 0.17025436322424725, 0.10588843788906925, 0.17926594771881163, 0.27638074684925146, 0.011556536621839274, 0.22626282780455154, 0.031142655713223506, 0.10396378473651503, 0.09541888918633287, 0.03665956466321101, 0.16726192329807207, 0.09686250477717578, 0.0319426687798517, 0.06158250905789413, 0.02603674137234539, 0.02653351190557764, 0.1350890718319676, 0.5839018680096824, 0.17101890857190694, 0.05083664132400642, 0.0997255837498176, 0.3320543132867076, 0.31616818175396816, 0.010398513965417447, 0.0074042648527431545, 0.10989335810093077, 0.012235891916561563, 0.10226428315735513, 0.005230069554077198, 0.00027508944698537754, 0.006034653792840116, 0.008591967292247336, 0.003654543412302158, 0.013752628135849751, 0.0012816539446870152, 0.004589591325486973, 0.0027500603786986375, 0.002913003465896708, 0.010252059431871364, 0.009811218479855994, 0.00404991251567519, 0.0012696765975905662, 0.008458070420794453, 0.0010194550072192222, 0.006850027526656581, 0.003953534547690338, 0.02954722823461106, 0.011454678919282828, 0.004247693480882463, 0.0082816218530498, 0.027332298100405106, 0.0007610812045552791, 0.008650835098096483, 0.035281320131907316, 0.007937377399412821, 0.005611020858532697, 0.00828401109934438, 0.010209602818145706, 0.0063471731136994685, 0.012922879127452094, 0.009591312129786117, 0.0008144535417758428, 0.013074492442427728, 0.006003672506812117, 0.006975175128517912, 0.011884361325852036, 0.006361891005434219, 0.003818964484039748, 0.007773739031157203]}, {'overall_acc': 0.8416252072968491, 'bal_acc': 0.7570516407251795, 'avg_odds_diff': 0.06646583076047166, 'disp_imp': 0.33519829301819826, 'stat_par_diff': 0.17085646793320364, 'eq_opp_diff': 0.06047072238782081, 'theil_ind': 0.12902912635740155, 'TPR': 0.5884636716583472, 'TNR': 0.9256396097920118, 'FPR': 0.07436039020798822, 'FNR': 0.4115363283416528, 'GTPR': 1.0, 'GTNR': 1.0, 'GFPR': 0.0, 'GFNR': 0.0, 'PPV': 0.7242320819112628, 'NPV': 0.8714260959972275, 'FDR': 0.2757679180887372, 'FOR': 0.1285739040027725, 'ACC': 0.8416252072968491, 'MCC': 0.5533803609503111, 'f1_score': 0.6493268053855569, 'fitness': 0.7751593765363775, 'solution': {'corr_type': 'spearman', 'l2': 0.001, 'dropout': 0.11747340296268027, 'privileged_demotion': 0.3090114124419922, 'privileged_promotion': 0.17340086420544198, 'protected_demotion': 0.15705142124811464, 'protected_promotion': 0.2187204575350979}, 'corr': [0.08878561034712386, 0.0004271080272228362, 1.0, 0.06549862377763126, 0.04161862285116001, 0.26873187584540986, 0.0007877300035752458, 0.04408684881510212, 0.060248997881708365, 0.08432743080064875, 0.10114890341798197, 0.031584910320330464, 0.0022040238263125, 0.0017075065134908626, 0.00803790170824407, 0.0023760632167443988, 0.011869875565881304, 0.018861314697033026, 0.021411925962376236, 0.01178786981084217, 0.025781028676640377, 0.006364943903368105, 0.0185545685753383, 0.027340467290208403, 0.015438568902299695, 0.00733511519605052, 0.005752258205748117, 0.045609401523734244, 0.06087437381174177, 0.24795938841648302, 0.01839947598068323, 0.44044585558685373, 0.046784012630782204, 0.17025436322424725, 0.10588843788906925, 0.17926594771881163, 0.27638074684925146, 0.011556536621839274, 0.22626282780455154, 0.031142655713223506, 0.10396378473651503, 0.09541888918633287, 0.03665956466321101, 0.16726192329807207, 0.09686250477717578, 0.0319426687798517, 0.06158250905789413, 0.02603674137234539, 0.02653351190557764, 0.1350890718319676, 0.5839018680096824, 0.17101890857190694, 0.05083664132400642, 0.0997255837498176, 0.3320543132867076, 0.31616818175396816, 0.010398513965417447, 0.0074042648527431545, 0.10989335810093077, 0.012235891916561563, 0.10226428315735513, 0.005230069554077198, 0.00027508944698537754, 0.006034653792840116, 0.008591967292247336, 0.003654543412302158, 0.013752628135849751, 0.0012816539446870152, 0.004589591325486973, 0.0027500603786986375, 0.002913003465896708, 0.010252059431871364, 0.009811218479855994, 0.00404991251567519, 0.0012696765975905662, 0.008458070420794453, 0.0010194550072192222, 0.006850027526656581, 0.003953534547690338, 0.02954722823461106, 0.011454678919282828, 0.004247693480882463, 0.0082816218530498, 0.027332298100405106, 0.0007610812045552791, 0.008650835098096483, 0.035281320131907316, 0.007937377399412821, 0.005611020858532697, 0.00828401109934438, 0.010209602818145706, 0.0063471731136994685, 0.012922879127452094, 0.009591312129786117, 0.0008144535417758428, 0.013074492442427728, 0.006003672506812117, 0.006975175128517912, 0.011884361325852036, 0.006361891005434219, 0.003818964484039748, 0.007773739031157203]}, {'overall_acc': 0.8334715312327252, 'bal_acc': 0.7896053666001783, 'avg_odds_diff': 0.23479264675510825, 'disp_imp': 0.17026401850522455, 'stat_par_diff': 0.3016762368772113, 'eq_opp_diff': 0.2924335327185068, 'theil_ind': 0.10775972824666383, 'TPR': 0.7021630615640599, 'TNR': 0.8770476716362967, 'FPR': 0.12295232836370329, 'FNR': 0.2978369384359401, 'GTPR': 1.0, 'GTNR': 1.0, 'GFPR': 0.0, 'GFNR': 0.0, 'PPV': 0.6546018614270941, 'NPV': 0.8987174651075066, 'FDR': 0.3453981385729059, 'FOR': 0.10128253489249339, 'ACC': 0.8334715312327252, 'MCC': 0.5661170310245344, 'f1_score': 0.6775488359646775, 'fitness': 0.598678884477617, 'solution': {'corr_type': 'spearman', 'l2': 0.0001, 'dropout': 0.03148043962190431, 'privileged_demotion': 0.10339964594191242, 'privileged_promotion': 0.3201742803076276, 'protected_demotion': 0.40201154463868294, 'protected_promotion': 0.3030670990435031}, 'corr': [0.08878561034712386, 0.0004271080272228362, 1.0, 0.06549862377763126, 0.04161862285116001, 0.26873187584540986, 0.0007877300035752458, 0.04408684881510212, 0.060248997881708365, 0.08432743080064875, 0.10114890341798197, 0.031584910320330464, 0.0022040238263125, 0.0017075065134908626, 0.00803790170824407, 0.0023760632167443988, 0.011869875565881304, 0.018861314697033026, 0.021411925962376236, 0.01178786981084217, 0.025781028676640377, 0.006364943903368105, 0.0185545685753383, 0.027340467290208403, 0.015438568902299695, 0.00733511519605052, 0.005752258205748117, 0.045609401523734244, 0.06087437381174177, 0.24795938841648302, 0.01839947598068323, 0.44044585558685373, 0.046784012630782204, 0.17025436322424725, 0.10588843788906925, 0.17926594771881163, 0.27638074684925146, 0.011556536621839274, 0.22626282780455154, 0.031142655713223506, 0.10396378473651503, 0.09541888918633287, 0.03665956466321101, 0.16726192329807207, 0.09686250477717578, 0.0319426687798517, 0.06158250905789413, 0.02603674137234539, 0.02653351190557764, 0.1350890718319676, 0.5839018680096824, 0.17101890857190694, 0.05083664132400642, 0.0997255837498176, 0.3320543132867076, 0.31616818175396816, 0.010398513965417447, 0.0074042648527431545, 0.10989335810093077, 0.012235891916561563, 0.10226428315735513, 0.005230069554077198, 0.00027508944698537754, 0.006034653792840116, 0.008591967292247336, 0.003654543412302158, 0.013752628135849751, 0.0012816539446870152, 0.004589591325486973, 0.0027500603786986375, 0.002913003465896708, 0.010252059431871364, 0.009811218479855994, 0.00404991251567519, 0.0012696765975905662, 0.008458070420794453, 0.0010194550072192222, 0.006850027526656581, 0.003953534547690338, 0.02954722823461106, 0.011454678919282828, 0.004247693480882463, 0.0082816218530498, 0.027332298100405106, 0.0007610812045552791, 0.008650835098096483, 0.035281320131907316, 0.007937377399412821, 0.005611020858532697, 0.00828401109934438, 0.010209602818145706, 0.0063471731136994685, 0.012922879127452094, 0.009591312129786117, 0.0008144535417758428, 0.013074492442427728, 0.006003672506812117, 0.006975175128517912, 0.011884361325852036, 0.006361891005434219, 0.003818964484039748, 0.007773739031157203]}, {'overall_acc': 0.8377556661138751, 'bal_acc': 0.7854174571921819, 'avg_odds_diff': 0.21787401609412888, 'disp_imp': 0.18108245673566337, 'stat_par_diff': 0.27995475900469813, 'eq_opp_diff': 0.281348150519135, 'theil_ind': 0.11106757097056084, 'TPR': 0.6810870770937326, 'TNR': 0.8897478372906313, 'FPR': 0.11025216270936868, 'FNR': 0.3189129229062673, 'GTPR': 1.0, 'GTNR': 1.0, 'GFPR': 0.0, 'GFNR': 0.0, 'PPV': 0.6721401204159825, 'NPV': 0.8936956923645776, 'FDR': 0.3278598795840175, 'FOR': 0.10630430763542244, 'ACC': 0.8377556661138751, 'MCC': 0.5683298670175605, 'f1_score': 0.6765840220385674, 'fitness': 0.6198816500197462, 'solution': {'corr_type': 'spearman', 'l2': 0.001, 'dropout': 0.0253776108679009, 'privileged_demotion': 0.004664329686047797, 'privileged_promotion': 0.1259954377175334, 'protected_demotion': 0.4000163807546217, 'protected_promotion': 0.28812710195196073}, 'corr': [0.08878561034712386, 0.0004271080272228362, 1.0, 0.06549862377763126, 0.04161862285116001, 0.26873187584540986, 0.0007877300035752458, 0.04408684881510212, 0.060248997881708365, 0.08432743080064875, 0.10114890341798197, 0.031584910320330464, 0.0022040238263125, 0.0017075065134908626, 0.00803790170824407, 0.0023760632167443988, 0.011869875565881304, 0.018861314697033026, 0.021411925962376236, 0.01178786981084217, 0.025781028676640377, 0.006364943903368105, 0.0185545685753383, 0.027340467290208403, 0.015438568902299695, 0.00733511519605052, 0.005752258205748117, 0.045609401523734244, 0.06087437381174177, 0.24795938841648302, 0.01839947598068323, 0.44044585558685373, 0.046784012630782204, 0.17025436322424725, 0.10588843788906925, 0.17926594771881163, 0.27638074684925146, 0.011556536621839274, 0.22626282780455154, 0.031142655713223506, 0.10396378473651503, 0.09541888918633287, 0.03665956466321101, 0.16726192329807207, 0.09686250477717578, 0.0319426687798517, 0.06158250905789413, 0.02603674137234539, 0.02653351190557764, 0.1350890718319676, 0.5839018680096824, 0.17101890857190694, 0.05083664132400642, 0.0997255837498176, 0.3320543132867076, 0.31616818175396816, 0.010398513965417447, 0.0074042648527431545, 0.10989335810093077, 0.012235891916561563, 0.10226428315735513, 0.005230069554077198, 0.00027508944698537754, 0.006034653792840116, 0.008591967292247336, 0.003654543412302158, 0.013752628135849751, 0.0012816539446870152, 0.004589591325486973, 0.0027500603786986375, 0.002913003465896708, 0.010252059431871364, 0.009811218479855994, 0.00404991251567519, 0.0012696765975905662, 0.008458070420794453, 0.0010194550072192222, 0.006850027526656581, 0.003953534547690338, 0.02954722823461106, 0.011454678919282828, 0.004247693480882463, 0.0082816218530498, 0.027332298100405106, 0.0007610812045552791, 0.008650835098096483, 0.035281320131907316, 0.007937377399412821, 0.005611020858532697, 0.00828401109934438, 0.010209602818145706, 0.0063471731136994685, 0.012922879127452094, 0.009591312129786117, 0.0008144535417758428, 0.013074492442427728, 0.006003672506812117, 0.006975175128517912, 0.011884361325852036, 0.006361891005434219, 0.003818964484039748, 0.007773739031157203]}, {'overall_acc': 0.841901603095633, 'bal_acc': 0.7874372211722716, 'avg_odds_diff': 0.07994184574871839, 'disp_imp': 0.33997862150810954, 'stat_par_diff': 0.20674238469609968, 'eq_opp_diff': 0.0578325364594795, 'theil_ind': 0.11039085598112515, 'TPR': 0.6788685524126455, 'TNR': 0.8960058899318977, 'FPR': 0.10399411006810234, 'FNR': 0.3211314475873544, 'GTPR': 1.0, 'GTNR': 1.0, 'GFPR': 0.0, 'GFNR': 0.0, 'PPV': 0.684181106763555, 'NPV': 0.8937029557554618, 'FDR': 0.31581889323644496, 'FOR': 0.10629704424453827, 'ACC': 0.841901603095633, 'MCC': 0.5763772880504738, 'f1_score': 0.6815144766146993, 'fitness': 0.7619597573469146, 'solution': {'corr_type': 'spearman', 'l2': 0.001, 'dropout': 0.029986081486055825, 'privileged_demotion': 0.07636982294097427, 'privileged_promotion': 0.15389998565439528, 'protected_demotion': 0.13566395026723627, 'protected_promotion': 0.29389703368322395}, 'corr': [0.08878561034712386, 0.0004271080272228362, 1.0, 0.06549862377763126, 0.04161862285116001, 0.26873187584540986, 0.0007877300035752458, 0.04408684881510212, 0.060248997881708365, 0.08432743080064875, 0.10114890341798197, 0.031584910320330464, 0.0022040238263125, 0.0017075065134908626, 0.00803790170824407, 0.0023760632167443988, 0.011869875565881304, 0.018861314697033026, 0.021411925962376236, 0.01178786981084217, 0.025781028676640377, 0.006364943903368105, 0.0185545685753383, 0.027340467290208403, 0.015438568902299695, 0.00733511519605052, 0.005752258205748117, 0.045609401523734244, 0.06087437381174177, 0.24795938841648302, 0.01839947598068323, 0.44044585558685373, 0.046784012630782204, 0.17025436322424725, 0.10588843788906925, 0.17926594771881163, 0.27638074684925146, 0.011556536621839274, 0.22626282780455154, 0.031142655713223506, 0.10396378473651503, 0.09541888918633287, 0.03665956466321101, 0.16726192329807207, 0.09686250477717578, 0.0319426687798517, 0.06158250905789413, 0.02603674137234539, 0.02653351190557764, 0.1350890718319676, 0.5839018680096824, 0.17101890857190694, 0.05083664132400642, 0.0997255837498176, 0.3320543132867076, 0.31616818175396816, 0.010398513965417447, 0.0074042648527431545, 0.10989335810093077, 0.012235891916561563, 0.10226428315735513, 0.005230069554077198, 0.00027508944698537754, 0.006034653792840116, 0.008591967292247336, 0.003654543412302158, 0.013752628135849751, 0.0012816539446870152, 0.004589591325486973, 0.0027500603786986375, 0.002913003465896708, 0.010252059431871364, 0.009811218479855994, 0.00404991251567519, 0.0012696765975905662, 0.008458070420794453, 0.0010194550072192222, 0.006850027526656581, 0.003953534547690338, 0.02954722823461106, 0.011454678919282828, 0.004247693480882463, 0.0082816218530498, 0.027332298100405106, 0.0007610812045552791, 0.008650835098096483, 0.035281320131907316, 0.007937377399412821, 0.005611020858532697, 0.00828401109934438, 0.010209602818145706, 0.0063471731136994685, 0.012922879127452094, 0.009591312129786117, 0.0008144535417758428, 0.013074492442427728, 0.006003672506812117, 0.006975175128517912, 0.011884361325852036, 0.006361891005434219, 0.003818964484039748, 0.007773739031157203]}, {'overall_acc': 0.8276672194582643, 'bal_acc': 0.6929121137756479, 'avg_odds_diff': 0.09341534339099677, 'disp_imp': 0.6517461091187633, 'stat_par_diff': 0.0527400330079989, 'eq_opp_diff': 0.1853431892291995, 'theil_ind': 0.16689913885681923, 'TPR': 0.4242928452579035, 'TNR': 0.9615313822933922, 'FPR': 0.03846861770660777, 'FNR': 0.5757071547420965, 'GTPR': 1.0, 'GTNR': 1.0, 'GFPR': 0.0, 'GFNR': 0.0, 'PPV': 0.7854209445585215, 'NPV': 0.834238262535931, 'FDR': 0.21457905544147843, 'FOR': 0.165761737464069, 'ACC': 0.8276672194582643, 'MCC': 0.488957600331834, 'f1_score': 0.5509542671948146, 'fitness': 0.7342518760672675, 'solution': {'corr_type': 'spearman', 'l2': 0.001, 'dropout': 0.1313524129000338, 'privileged_demotion': 0.5014137757207486, 'privileged_promotion': 0.12084816741352104, 'protected_demotion': 0.12475117486456119, 'protected_promotion': 0.302595069449599}, 'corr': [0.08878561034712386, 0.0004271080272228362, 1.0, 0.06549862377763126, 0.04161862285116001, 0.26873187584540986, 0.0007877300035752458, 0.04408684881510212, 0.060248997881708365, 0.08432743080064875, 0.10114890341798197, 0.031584910320330464, 0.0022040238263125, 0.0017075065134908626, 0.00803790170824407, 0.0023760632167443988, 0.011869875565881304, 0.018861314697033026, 0.021411925962376236, 0.01178786981084217, 0.025781028676640377, 0.006364943903368105, 0.0185545685753383, 0.027340467290208403, 0.015438568902299695, 0.00733511519605052, 0.005752258205748117, 0.045609401523734244, 0.06087437381174177, 0.24795938841648302, 0.01839947598068323, 0.44044585558685373, 0.046784012630782204, 0.17025436322424725, 0.10588843788906925, 0.17926594771881163, 0.27638074684925146, 0.011556536621839274, 0.22626282780455154, 0.031142655713223506, 0.10396378473651503, 0.09541888918633287, 0.03665956466321101, 0.16726192329807207, 0.09686250477717578, 0.0319426687798517, 0.06158250905789413, 0.02603674137234539, 0.02653351190557764, 0.1350890718319676, 0.5839018680096824, 0.17101890857190694, 0.05083664132400642, 0.0997255837498176, 0.3320543132867076, 0.31616818175396816, 0.010398513965417447, 0.0074042648527431545, 0.10989335810093077, 0.012235891916561563, 0.10226428315735513, 0.005230069554077198, 0.00027508944698537754, 0.006034653792840116, 0.008591967292247336, 0.003654543412302158, 0.013752628135849751, 0.0012816539446870152, 0.004589591325486973, 0.0027500603786986375, 0.002913003465896708, 0.010252059431871364, 0.009811218479855994, 0.00404991251567519, 0.0012696765975905662, 0.008458070420794453, 0.0010194550072192222, 0.006850027526656581, 0.003953534547690338, 0.02954722823461106, 0.011454678919282828, 0.004247693480882463, 0.0082816218530498, 0.027332298100405106, 0.0007610812045552791, 0.008650835098096483, 0.035281320131907316, 0.007937377399412821, 0.005611020858532697, 0.00828401109934438, 0.010209602818145706, 0.0063471731136994685, 0.012922879127452094, 0.009591312129786117, 0.0008144535417758428, 0.013074492442427728, 0.006003672506812117, 0.006975175128517912, 0.011884361325852036, 0.006361891005434219, 0.003818964484039748, 0.007773739031157203]}, {'overall_acc': 0.8394140409065782, 'bal_acc': 0.7678079941002679, 'avg_odds_diff': 0.14160943448837224, 'disp_imp': 0.24135588359190846, 'stat_par_diff': 0.22315780038069927, 'eq_opp_diff': 0.1708469201992518, 'theil_ind': 0.12222856418287419, 'TPR': 0.625069328896284, 'TNR': 0.9105466593042518, 'FPR': 0.0894533406957482, 'FNR': 0.37493067110371603, 'GTPR': 1.0, 'GTNR': 1.0, 'GFPR': 0.0, 'GFNR': 0.0, 'PPV': 0.698698078115313, 'NPV': 0.8797794771474302, 'FDR': 0.3013019218846869, 'FOR': 0.1202205228525698, 'ACC': 0.8394140409065782, 'MCC': 0.5566343749840502, 'f1_score': 0.6598360655737704, 'fitness': 0.697804606418206, 'solution': {'corr_type': 'spearman', 'l2': 0.01, 'dropout': 0.027116070815808115, 'privileged_demotion': 0.10248695739641567, 'privileged_promotion': 0.1250131531899639, 'protected_demotion': 0.4035334202548962, 'protected_promotion': 0.31481360318045876}, 'corr': [0.08878561034712386, 0.0004271080272228362, 1.0, 0.06549862377763126, 0.04161862285116001, 0.26873187584540986, 0.0007877300035752458, 0.04408684881510212, 0.060248997881708365, 0.08432743080064875, 0.10114890341798197, 0.031584910320330464, 0.0022040238263125, 0.0017075065134908626, 0.00803790170824407, 0.0023760632167443988, 0.011869875565881304, 0.018861314697033026, 0.021411925962376236, 0.01178786981084217, 0.025781028676640377, 0.006364943903368105, 0.0185545685753383, 0.027340467290208403, 0.015438568902299695, 0.00733511519605052, 0.005752258205748117, 0.045609401523734244, 0.06087437381174177, 0.24795938841648302, 0.01839947598068323, 0.44044585558685373, 0.046784012630782204, 0.17025436322424725, 0.10588843788906925, 0.17926594771881163, 0.27638074684925146, 0.011556536621839274, 0.22626282780455154, 0.031142655713223506, 0.10396378473651503, 0.09541888918633287, 0.03665956466321101, 0.16726192329807207, 0.09686250477717578, 0.0319426687798517, 0.06158250905789413, 0.02603674137234539, 0.02653351190557764, 0.1350890718319676, 0.5839018680096824, 0.17101890857190694, 0.05083664132400642, 0.0997255837498176, 0.3320543132867076, 0.31616818175396816, 0.010398513965417447, 0.0074042648527431545, 0.10989335810093077, 0.012235891916561563, 0.10226428315735513, 0.005230069554077198, 0.00027508944698537754, 0.006034653792840116, 0.008591967292247336, 0.003654543412302158, 0.013752628135849751, 0.0012816539446870152, 0.004589591325486973, 0.0027500603786986375, 0.002913003465896708, 0.010252059431871364, 0.009811218479855994, 0.00404991251567519, 0.0012696765975905662, 0.008458070420794453, 0.0010194550072192222, 0.006850027526656581, 0.003953534547690338, 0.02954722823461106, 0.011454678919282828, 0.004247693480882463, 0.0082816218530498, 0.027332298100405106, 0.0007610812045552791, 0.008650835098096483, 0.035281320131907316, 0.007937377399412821, 0.005611020858532697, 0.00828401109934438, 0.010209602818145706, 0.0063471731136994685, 0.012922879127452094, 0.009591312129786117, 0.0008144535417758428, 0.013074492442427728, 0.006003672506812117, 0.006975175128517912, 0.011884361325852036, 0.006361891005434219, 0.003818964484039748, 0.007773739031157203]}, {'overall_acc': 0.8405196241017137, 'bal_acc': 0.7509421226601594, 'avg_odds_diff': 0.08816666547925953, 'disp_imp': 0.27955609538343357, 'stat_par_diff': 0.18296291609324494, 'eq_opp_diff': 0.09128373377078036, 'theil_ind': 0.13264562324806417, 'TPR': 0.5723793677204659, 'TNR': 0.9295048775998528, 'FPR': 0.07049512240014724, 'FNR': 0.4276206322795341, 'GTPR': 1.0, 'GTNR': 1.0, 'GFPR': 0.0, 'GFNR': 0.0, 'PPV': 0.7293286219081272, 'NPV': 0.8675485311802096, 'FDR': 0.2706713780918728, 'FOR': 0.13245146881979042, 'ACC': 0.8405196241017137, 'MCC': 0.5473237063444998, 'f1_score': 0.6413921690490988, 'fitness': 0.7523529586224541, 'solution': {'corr_type': 'spearman', 'l2': 0.001, 'dropout': 0.15009421447188154, 'privileged_demotion': 0.3828877761753169, 'privileged_promotion': 0.3262537654648667, 'protected_demotion': 0.2193984458552899, 'protected_promotion': 0.08162689986588426}, 'corr': [0.08878561034712386, 0.0004271080272228362, 1.0, 0.06549862377763126, 0.04161862285116001, 0.26873187584540986, 0.0007877300035752458, 0.04408684881510212, 0.060248997881708365, 0.08432743080064875, 0.10114890341798197, 0.031584910320330464, 0.0022040238263125, 0.0017075065134908626, 0.00803790170824407, 0.0023760632167443988, 0.011869875565881304, 0.018861314697033026, 0.021411925962376236, 0.01178786981084217, 0.025781028676640377, 0.006364943903368105, 0.0185545685753383, 0.027340467290208403, 0.015438568902299695, 0.00733511519605052, 0.005752258205748117, 0.045609401523734244, 0.06087437381174177, 0.24795938841648302, 0.01839947598068323, 0.44044585558685373, 0.046784012630782204, 0.17025436322424725, 0.10588843788906925, 0.17926594771881163, 0.27638074684925146, 0.011556536621839274, 0.22626282780455154, 0.031142655713223506, 0.10396378473651503, 0.09541888918633287, 0.03665956466321101, 0.16726192329807207, 0.09686250477717578, 0.0319426687798517, 0.06158250905789413, 0.02603674137234539, 0.02653351190557764, 0.1350890718319676, 0.5839018680096824, 0.17101890857190694, 0.05083664132400642, 0.0997255837498176, 0.3320543132867076, 0.31616818175396816, 0.010398513965417447, 0.0074042648527431545, 0.10989335810093077, 0.012235891916561563, 0.10226428315735513, 0.005230069554077198, 0.00027508944698537754, 0.006034653792840116, 0.008591967292247336, 0.003654543412302158, 0.013752628135849751, 0.0012816539446870152, 0.004589591325486973, 0.0027500603786986375, 0.002913003465896708, 0.010252059431871364, 0.009811218479855994, 0.00404991251567519, 0.0012696765975905662, 0.008458070420794453, 0.0010194550072192222, 0.006850027526656581, 0.003953534547690338, 0.02954722823461106, 0.011454678919282828, 0.004247693480882463, 0.0082816218530498, 0.027332298100405106, 0.0007610812045552791, 0.008650835098096483, 0.035281320131907316, 0.007937377399412821, 0.005611020858532697, 0.00828401109934438, 0.010209602818145706, 0.0063471731136994685, 0.012922879127452094, 0.009591312129786117, 0.0008144535417758428, 0.013074492442427728, 0.006003672506812117, 0.006975175128517912, 0.011884361325852036, 0.006361891005434219, 0.003818964484039748, 0.007773739031157203]}, {'overall_acc': 0.8289110005527915, 'bal_acc': 0.6870701110762999, 'avg_odds_diff': 0.040867290617375845, 'disp_imp': 0.43742923742923745, 'stat_par_diff': 0.08462544357794052, 'eq_opp_diff': 0.05987306699741929, 'theil_ind': 0.17033978429101784, 'TPR': 0.4043261231281198, 'TNR': 0.96981409902448, 'FPR': 0.030185900975519972, 'FNR': 0.5956738768718802, 'GTPR': 1.0, 'GTNR': 1.0, 'GFPR': 0.0, 'GFNR': 0.0, 'PPV': 0.8163493840985442, 'NPV': 0.8306794892006937, 'FDR': 0.18365061590145576, 'FOR': 0.16932051079930632, 'ACC': 0.8289110005527915, 'MCC': 0.4920157786040233, 'f1_score': 0.5408011869436202, 'fitness': 0.7880437099354157, 'solution': {'corr_type': 'spearman', 'l2': 0.001, 'dropout': 0.1413039743865725, 'privileged_demotion': 0.49531594519845357, 'privileged_promotion': 0.11044614539736142, 'protected_demotion': 0.2219523438109088, 'protected_promotion': 0.08904046344500405}, 'corr': [0.08878561034712386, 0.0004271080272228362, 1.0, 0.06549862377763126, 0.04161862285116001, 0.26873187584540986, 0.0007877300035752458, 0.04408684881510212, 0.060248997881708365, 0.08432743080064875, 0.10114890341798197, 0.031584910320330464, 0.0022040238263125, 0.0017075065134908626, 0.00803790170824407, 0.0023760632167443988, 0.011869875565881304, 0.018861314697033026, 0.021411925962376236, 0.01178786981084217, 0.025781028676640377, 0.006364943903368105, 0.0185545685753383, 0.027340467290208403, 0.015438568902299695, 0.00733511519605052, 0.005752258205748117, 0.045609401523734244, 0.06087437381174177, 0.24795938841648302, 0.01839947598068323, 0.44044585558685373, 0.046784012630782204, 0.17025436322424725, 0.10588843788906925, 0.17926594771881163, 0.27638074684925146, 0.011556536621839274, 0.22626282780455154, 0.031142655713223506, 0.10396378473651503, 0.09541888918633287, 0.03665956466321101, 0.16726192329807207, 0.09686250477717578, 0.0319426687798517, 0.06158250905789413, 0.02603674137234539, 0.02653351190557764, 0.1350890718319676, 0.5839018680096824, 0.17101890857190694, 0.05083664132400642, 0.0997255837498176, 0.3320543132867076, 0.31616818175396816, 0.010398513965417447, 0.0074042648527431545, 0.10989335810093077, 0.012235891916561563, 0.10226428315735513, 0.005230069554077198, 0.00027508944698537754, 0.006034653792840116, 0.008591967292247336, 0.003654543412302158, 0.013752628135849751, 0.0012816539446870152, 0.004589591325486973, 0.0027500603786986375, 0.002913003465896708, 0.010252059431871364, 0.009811218479855994, 0.00404991251567519, 0.0012696765975905662, 0.008458070420794453, 0.0010194550072192222, 0.006850027526656581, 0.003953534547690338, 0.02954722823461106, 0.011454678919282828, 0.004247693480882463, 0.0082816218530498, 0.027332298100405106, 0.0007610812045552791, 0.008650835098096483, 0.035281320131907316, 0.007937377399412821, 0.005611020858532697, 0.00828401109934438, 0.010209602818145706, 0.0063471731136994685, 0.012922879127452094, 0.009591312129786117, 0.0008144535417758428, 0.013074492442427728, 0.006003672506812117, 0.006975175128517912, 0.011884361325852036, 0.006361891005434219, 0.003818964484039748, 0.007773739031157203]}, {'overall_acc': 0.8412106135986733, 'bal_acc': 0.7480671364034358, 'avg_odds_diff': 0.08256730322471506, 'disp_imp': 0.299076359325322, 'stat_par_diff': 0.17146020848822308, 'eq_opp_diff': 0.0931517194470563, 'theil_ind': 0.13443365452796013, 'TPR': 0.562396006655574, 'TNR': 0.9337382661512976, 'FPR': 0.06626173384870238, 'FNR': 0.43760399334442596, 'GTPR': 1.0, 'GTNR': 1.0, 'GFPR': 0.0, 'GFNR': 0.0, 'PPV': 0.7379912663755459, 'NPV': 0.8654042988741044, 'FDR': 0.26200873362445415, 'FOR': 0.1345957011258956, 'ACC': 0.8412106135986733, 'MCC': 0.547142778422622, 'f1_score': 0.6383380547686497, 'fitness': 0.7586433103739583, 'solution': {'corr_type': 'spearman', 'l2': 0.01, 'dropout': 0.044547942888846934, 'privileged_demotion': 0.22602413809955146, 'privileged_promotion': 0.11148145002467005, 'protected_demotion': 0.2480394678703916, 'protected_promotion': 0.07995267501236028}, 'corr': [0.08878561034712386, 0.0004271080272228362, 1.0, 0.06549862377763126, 0.04161862285116001, 0.26873187584540986, 0.0007877300035752458, 0.04408684881510212, 0.060248997881708365, 0.08432743080064875, 0.10114890341798197, 0.031584910320330464, 0.0022040238263125, 0.0017075065134908626, 0.00803790170824407, 0.0023760632167443988, 0.011869875565881304, 0.018861314697033026, 0.021411925962376236, 0.01178786981084217, 0.025781028676640377, 0.006364943903368105, 0.0185545685753383, 0.027340467290208403, 0.015438568902299695, 0.00733511519605052, 0.005752258205748117, 0.045609401523734244, 0.06087437381174177, 0.24795938841648302, 0.01839947598068323, 0.44044585558685373, 0.046784012630782204, 0.17025436322424725, 0.10588843788906925, 0.17926594771881163, 0.27638074684925146, 0.011556536621839274, 0.22626282780455154, 0.031142655713223506, 0.10396378473651503, 0.09541888918633287, 0.03665956466321101, 0.16726192329807207, 0.09686250477717578, 0.0319426687798517, 0.06158250905789413, 0.02603674137234539, 0.02653351190557764, 0.1350890718319676, 0.5839018680096824, 0.17101890857190694, 0.05083664132400642, 0.0997255837498176, 0.3320543132867076, 0.31616818175396816, 0.010398513965417447, 0.0074042648527431545, 0.10989335810093077, 0.012235891916561563, 0.10226428315735513, 0.005230069554077198, 0.00027508944698537754, 0.006034653792840116, 0.008591967292247336, 0.003654543412302158, 0.013752628135849751, 0.0012816539446870152, 0.004589591325486973, 0.0027500603786986375, 0.002913003465896708, 0.010252059431871364, 0.009811218479855994, 0.00404991251567519, 0.0012696765975905662, 0.008458070420794453, 0.0010194550072192222, 0.006850027526656581, 0.003953534547690338, 0.02954722823461106, 0.011454678919282828, 0.004247693480882463, 0.0082816218530498, 0.027332298100405106, 0.0007610812045552791, 0.008650835098096483, 0.035281320131907316, 0.007937377399412821, 0.005611020858532697, 0.00828401109934438, 0.010209602818145706, 0.0063471731136994685, 0.012922879127452094, 0.009591312129786117, 0.0008144535417758428, 0.013074492442427728, 0.006003672506812117, 0.006975175128517912, 0.011884361325852036, 0.006361891005434219, 0.003818964484039748, 0.007773739031157203]}, {'overall_acc': 0.8313985627418463, 'bal_acc': 0.7007702053727866, 'avg_odds_diff': 0.0443142688802324, 'disp_imp': 0.4280221570544151, 'stat_par_diff': 0.09718746539696602, 'eq_opp_diff': 0.058352671694640645, 'theil_ind': 0.16228525879378813, 'TPR': 0.4403771491957848, 'TNR': 0.9611632615497884, 'FPR': 0.03883673845021167, 'FNR': 0.5596228508042151, 'GTPR': 1.0, 'GTNR': 1.0, 'GFPR': 0.0, 'GFNR': 0.0, 'PPV': 0.7900497512437811, 'NPV': 0.8380677258866955, 'FDR': 0.2099502487562189, 'FOR': 0.16193227411330444, 'ACC': 0.8313985627418463, 'MCC': 0.502209667134599, 'f1_score': 0.5655270655270656, 'fitness': 0.7870842938616139, 'solution': {'corr_type': 'spearman', 'l2': 0.001, 'dropout': 0.1394728320507966, 'privileged_demotion': 0.489634166709782, 'privileged_promotion': 0.09496924915553426, 'protected_demotion': 0.26578894564762523, 'protected_promotion': 0.11616876625122094}, 'corr': [0.08878561034712386, 0.0004271080272228362, 1.0, 0.06549862377763126, 0.04161862285116001, 0.26873187584540986, 0.0007877300035752458, 0.04408684881510212, 0.060248997881708365, 0.08432743080064875, 0.10114890341798197, 0.031584910320330464, 0.0022040238263125, 0.0017075065134908626, 0.00803790170824407, 0.0023760632167443988, 0.011869875565881304, 0.018861314697033026, 0.021411925962376236, 0.01178786981084217, 0.025781028676640377, 0.006364943903368105, 0.0185545685753383, 0.027340467290208403, 0.015438568902299695, 0.00733511519605052, 0.005752258205748117, 0.045609401523734244, 0.06087437381174177, 0.24795938841648302, 0.01839947598068323, 0.44044585558685373, 0.046784012630782204, 0.17025436322424725, 0.10588843788906925, 0.17926594771881163, 0.27638074684925146, 0.011556536621839274, 0.22626282780455154, 0.031142655713223506, 0.10396378473651503, 0.09541888918633287, 0.03665956466321101, 0.16726192329807207, 0.09686250477717578, 0.0319426687798517, 0.06158250905789413, 0.02603674137234539, 0.02653351190557764, 0.1350890718319676, 0.5839018680096824, 0.17101890857190694, 0.05083664132400642, 0.0997255837498176, 0.3320543132867076, 0.31616818175396816, 0.010398513965417447, 0.0074042648527431545, 0.10989335810093077, 0.012235891916561563, 0.10226428315735513, 0.005230069554077198, 0.00027508944698537754, 0.006034653792840116, 0.008591967292247336, 0.003654543412302158, 0.013752628135849751, 0.0012816539446870152, 0.004589591325486973, 0.0027500603786986375, 0.002913003465896708, 0.010252059431871364, 0.009811218479855994, 0.00404991251567519, 0.0012696765975905662, 0.008458070420794453, 0.0010194550072192222, 0.006850027526656581, 0.003953534547690338, 0.02954722823461106, 0.011454678919282828, 0.004247693480882463, 0.0082816218530498, 0.027332298100405106, 0.0007610812045552791, 0.008650835098096483, 0.035281320131907316, 0.007937377399412821, 0.005611020858532697, 0.00828401109934438, 0.010209602818145706, 0.0063471731136994685, 0.012922879127452094, 0.009591312129786117, 0.0008144535417758428, 0.013074492442427728, 0.006003672506812117, 0.006975175128517912, 0.011884361325852036, 0.006361891005434219, 0.003818964484039748, 0.007773739031157203]}, {'overall_acc': 0.8394140409065782, 'bal_acc': 0.753355732959945, 'avg_odds_diff': 0.09041404813687062, 'disp_imp': 0.29488027597402594, 'stat_par_diff': 0.1832223399823887, 'eq_opp_diff': 0.09778542421029468, 'theil_ind': 0.13108864351429064, 'TPR': 0.581808097615086, 'TNR': 0.924903368304804, 'FPR': 0.07509663169519602, 'FNR': 0.41819190238491405, 'GTPR': 1.0, 'GTNR': 1.0, 'GFPR': 0.0, 'GFNR': 0.0, 'PPV': 0.7199725463280714, 'NPV': 0.8695275999307839, 'FDR': 0.2800274536719286, 'FOR': 0.13047240006921612, 'ACC': 0.8394140409065782, 'MCC': 0.54654046809986, 'f1_score': 0.643558282208589, 'fitness': 0.7489999927697076, 'solution': {'corr_type': 'spearman', 'l2': 0.001, 'dropout': 0.10302034662966371, 'privileged_demotion': 0.38565118907714474, 'privileged_promotion': 0.33889979320030394, 'protected_demotion': 0.19738266024870152, 'protected_promotion': 0.11902243248693208}, 'corr': [0.08878561034712386, 0.0004271080272228362, 1.0, 0.06549862377763126, 0.04161862285116001, 0.26873187584540986, 0.0007877300035752458, 0.04408684881510212, 0.060248997881708365, 0.08432743080064875, 0.10114890341798197, 0.031584910320330464, 0.0022040238263125, 0.0017075065134908626, 0.00803790170824407, 0.0023760632167443988, 0.011869875565881304, 0.018861314697033026, 0.021411925962376236, 0.01178786981084217, 0.025781028676640377, 0.006364943903368105, 0.0185545685753383, 0.027340467290208403, 0.015438568902299695, 0.00733511519605052, 0.005752258205748117, 0.045609401523734244, 0.06087437381174177, 0.24795938841648302, 0.01839947598068323, 0.44044585558685373, 0.046784012630782204, 0.17025436322424725, 0.10588843788906925, 0.17926594771881163, 0.27638074684925146, 0.011556536621839274, 0.22626282780455154, 0.031142655713223506, 0.10396378473651503, 0.09541888918633287, 0.03665956466321101, 0.16726192329807207, 0.09686250477717578, 0.0319426687798517, 0.06158250905789413, 0.02603674137234539, 0.02653351190557764, 0.1350890718319676, 0.5839018680096824, 0.17101890857190694, 0.05083664132400642, 0.0997255837498176, 0.3320543132867076, 0.31616818175396816, 0.010398513965417447, 0.0074042648527431545, 0.10989335810093077, 0.012235891916561563, 0.10226428315735513, 0.005230069554077198, 0.00027508944698537754, 0.006034653792840116, 0.008591967292247336, 0.003654543412302158, 0.013752628135849751, 0.0012816539446870152, 0.004589591325486973, 0.0027500603786986375, 0.002913003465896708, 0.010252059431871364, 0.009811218479855994, 0.00404991251567519, 0.0012696765975905662, 0.008458070420794453, 0.0010194550072192222, 0.006850027526656581, 0.003953534547690338, 0.02954722823461106, 0.011454678919282828, 0.004247693480882463, 0.0082816218530498, 0.027332298100405106, 0.0007610812045552791, 0.008650835098096483, 0.035281320131907316, 0.007937377399412821, 0.005611020858532697, 0.00828401109934438, 0.010209602818145706, 0.0063471731136994685, 0.012922879127452094, 0.009591312129786117, 0.0008144535417758428, 0.013074492442427728, 0.006003672506812117, 0.006975175128517912, 0.011884361325852036, 0.006361891005434219, 0.003818964484039748, 0.007773739031157203]}, {'overall_acc': 0.8402432283029297, 'bal_acc': 0.7450142149120751, 'avg_odds_diff': 0.09461646573067956, 'disp_imp': 0.2634640649566023, 'stat_par_diff': 0.18032122161233002, 'eq_opp_diff': 0.10727539160181648, 'theil_ind': 0.1362086556113401, 'TPR': 0.555185801442041, 'TNR': 0.9348426283821093, 'FPR': 0.06515737161789067, 'FNR': 0.44481419855795895, 'GTPR': 1.0, 'GTNR': 1.0, 'GFPR': 0.0, 'GFNR': 0.0, 'PPV': 0.7387453874538745, 'NPV': 0.8636286345859547, 'FDR': 0.2612546125461255, 'FOR': 0.13637136541404524, 'ACC': 0.8402432283029297, 'MCC': 0.5433050673305336, 'f1_score': 0.6339455351488283, 'fitness': 0.7456267625722501, 'solution': {'corr_type': 'spearman', 'l2': 0.001, 'dropout': 0.050605868667567645, 'privileged_demotion': 0.21897043090459456, 'privileged_promotion': 0.07179778511932577, 'protected_demotion': 0.22730933802426412, 'protected_promotion': 0.11795968745461247}, 'corr': [0.08878561034712386, 0.0004271080272228362, 1.0, 0.06549862377763126, 0.04161862285116001, 0.26873187584540986, 0.0007877300035752458, 0.04408684881510212, 0.060248997881708365, 0.08432743080064875, 0.10114890341798197, 0.031584910320330464, 0.0022040238263125, 0.0017075065134908626, 0.00803790170824407, 0.0023760632167443988, 0.011869875565881304, 0.018861314697033026, 0.021411925962376236, 0.01178786981084217, 0.025781028676640377, 0.006364943903368105, 0.0185545685753383, 0.027340467290208403, 0.015438568902299695, 0.00733511519605052, 0.005752258205748117, 0.045609401523734244, 0.06087437381174177, 0.24795938841648302, 0.01839947598068323, 0.44044585558685373, 0.046784012630782204, 0.17025436322424725, 0.10588843788906925, 0.17926594771881163, 0.27638074684925146, 0.011556536621839274, 0.22626282780455154, 0.031142655713223506, 0.10396378473651503, 0.09541888918633287, 0.03665956466321101, 0.16726192329807207, 0.09686250477717578, 0.0319426687798517, 0.06158250905789413, 0.02603674137234539, 0.02653351190557764, 0.1350890718319676, 0.5839018680096824, 0.17101890857190694, 0.05083664132400642, 0.0997255837498176, 0.3320543132867076, 0.31616818175396816, 0.010398513965417447, 0.0074042648527431545, 0.10989335810093077, 0.012235891916561563, 0.10226428315735513, 0.005230069554077198, 0.00027508944698537754, 0.006034653792840116, 0.008591967292247336, 0.003654543412302158, 0.013752628135849751, 0.0012816539446870152, 0.004589591325486973, 0.0027500603786986375, 0.002913003465896708, 0.010252059431871364, 0.009811218479855994, 0.00404991251567519, 0.0012696765975905662, 0.008458070420794453, 0.0010194550072192222, 0.006850027526656581, 0.003953534547690338, 0.02954722823461106, 0.011454678919282828, 0.004247693480882463, 0.0082816218530498, 0.027332298100405106, 0.0007610812045552791, 0.008650835098096483, 0.035281320131907316, 0.007937377399412821, 0.005611020858532697, 0.00828401109934438, 0.010209602818145706, 0.0063471731136994685, 0.012922879127452094, 0.009591312129786117, 0.0008144535417758428, 0.013074492442427728, 0.006003672506812117, 0.006975175128517912, 0.011884361325852036, 0.006361891005434219, 0.003818964484039748, 0.007773739031157203]}, {'overall_acc': 0.8409342177998894, 'bal_acc': 0.7912398594526027, 'avg_odds_diff': 0.19019751638131466, 'disp_imp': 0.21936866960790405, 'stat_par_diff': 0.26496459285740653, 'eq_opp_diff': 0.2401974513373477, 'theil_ind': 0.10788999624250559, 'TPR': 0.6921797004991681, 'TNR': 0.8903000184060372, 'FPR': 0.10969998159396283, 'FNR': 0.30782029950083195, 'GTPR': 1.0, 'GTNR': 1.0, 'GFPR': 0.0, 'GFNR': 0.0, 'PPV': 0.6767895878524945, 'NPV': 0.8970697329376854, 'FDR': 0.3232104121475054, 'FOR': 0.10293026706231453, 'ACC': 0.8409342177998894, 'MCC': 0.5781534535614191, 'f1_score': 0.6843981354537977, 'fitness': 0.6507367014185748, 'solution': {'corr_type': 'spearman', 'l2': 0.001, 'dropout': 0.05084375346288603, 'privileged_demotion': 0.2291439254908036, 'privileged_promotion': 0.3876534063497882, 'protected_demotion': 0.22268025833254163, 'protected_promotion': 0.12575424591818418}, 'corr': [0.08878561034712386, 0.0004271080272228362, 1.0, 0.06549862377763126, 0.04161862285116001, 0.26873187584540986, 0.0007877300035752458, 0.04408684881510212, 0.060248997881708365, 0.08432743080064875, 0.10114890341798197, 0.031584910320330464, 0.0022040238263125, 0.0017075065134908626, 0.00803790170824407, 0.0023760632167443988, 0.011869875565881304, 0.018861314697033026, 0.021411925962376236, 0.01178786981084217, 0.025781028676640377, 0.006364943903368105, 0.0185545685753383, 0.027340467290208403, 0.015438568902299695, 0.00733511519605052, 0.005752258205748117, 0.045609401523734244, 0.06087437381174177, 0.24795938841648302, 0.01839947598068323, 0.44044585558685373, 0.046784012630782204, 0.17025436322424725, 0.10588843788906925, 0.17926594771881163, 0.27638074684925146, 0.011556536621839274, 0.22626282780455154, 0.031142655713223506, 0.10396378473651503, 0.09541888918633287, 0.03665956466321101, 0.16726192329807207, 0.09686250477717578, 0.0319426687798517, 0.06158250905789413, 0.02603674137234539, 0.02653351190557764, 0.1350890718319676, 0.5839018680096824, 0.17101890857190694, 0.05083664132400642, 0.0997255837498176, 0.3320543132867076, 0.31616818175396816, 0.010398513965417447, 0.0074042648527431545, 0.10989335810093077, 0.012235891916561563, 0.10226428315735513, 0.005230069554077198, 0.00027508944698537754, 0.006034653792840116, 0.008591967292247336, 0.003654543412302158, 0.013752628135849751, 0.0012816539446870152, 0.004589591325486973, 0.0027500603786986375, 0.002913003465896708, 0.010252059431871364, 0.009811218479855994, 0.00404991251567519, 0.0012696765975905662, 0.008458070420794453, 0.0010194550072192222, 0.006850027526656581, 0.003953534547690338, 0.02954722823461106, 0.011454678919282828, 0.004247693480882463, 0.0082816218530498, 0.027332298100405106, 0.0007610812045552791, 0.008650835098096483, 0.035281320131907316, 0.007937377399412821, 0.005611020858532697, 0.00828401109934438, 0.010209602818145706, 0.0063471731136994685, 0.012922879127452094, 0.009591312129786117, 0.0008144535417758428, 0.013074492442427728, 0.006003672506812117, 0.006975175128517912, 0.011884361325852036, 0.006361891005434219, 0.003818964484039748, 0.007773739031157203]}, {'overall_acc': 0.8407960199004975, 'bal_acc': 0.753905464020485, 'avg_odds_diff': 0.06721621731826005, 'disp_imp': 0.3272851848391417, 'stat_par_diff': 0.17084170397203283, 'eq_opp_diff': 0.060420709384439886, 'theil_ind': 0.13087042227589502, 'TPR': 0.5806988352745425, 'TNR': 0.9271120927664274, 'FPR': 0.07288790723357261, 'FNR': 0.4193011647254576, 'GTPR': 1.0, 'GTNR': 1.0, 'GFPR': 0.0, 'GFNR': 0.0, 'PPV': 0.7255717255717256, 'NPV': 0.8694976696012429, 'FDR': 0.27442827442827444, 'FOR': 0.1305023303987571, 'ACC': 0.8407960199004975, 'MCC': 0.5497115078034693, 'f1_score': 0.6451016635859519, 'fitness': 0.7735798025822374, 'solution': {'corr_type': 'spearman', 'l2': 0.001, 'dropout': 0.1672816723570537, 'privileged_demotion': 0.35637896793529744, 'privileged_promotion': 0.2917232441277361, 'protected_demotion': 0.08958135874040929, 'protected_promotion': 0.10255401915333118}, 'corr': [0.08878561034712386, 0.0004271080272228362, 1.0, 0.06549862377763126, 0.04161862285116001, 0.26873187584540986, 0.0007877300035752458, 0.04408684881510212, 0.060248997881708365, 0.08432743080064875, 0.10114890341798197, 0.031584910320330464, 0.0022040238263125, 0.0017075065134908626, 0.00803790170824407, 0.0023760632167443988, 0.011869875565881304, 0.018861314697033026, 0.021411925962376236, 0.01178786981084217, 0.025781028676640377, 0.006364943903368105, 0.0185545685753383, 0.027340467290208403, 0.015438568902299695, 0.00733511519605052, 0.005752258205748117, 0.045609401523734244, 0.06087437381174177, 0.24795938841648302, 0.01839947598068323, 0.44044585558685373, 0.046784012630782204, 0.17025436322424725, 0.10588843788906925, 0.17926594771881163, 0.27638074684925146, 0.011556536621839274, 0.22626282780455154, 0.031142655713223506, 0.10396378473651503, 0.09541888918633287, 0.03665956466321101, 0.16726192329807207, 0.09686250477717578, 0.0319426687798517, 0.06158250905789413, 0.02603674137234539, 0.02653351190557764, 0.1350890718319676, 0.5839018680096824, 0.17101890857190694, 0.05083664132400642, 0.0997255837498176, 0.3320543132867076, 0.31616818175396816, 0.010398513965417447, 0.0074042648527431545, 0.10989335810093077, 0.012235891916561563, 0.10226428315735513, 0.005230069554077198, 0.00027508944698537754, 0.006034653792840116, 0.008591967292247336, 0.003654543412302158, 0.013752628135849751, 0.0012816539446870152, 0.004589591325486973, 0.0027500603786986375, 0.002913003465896708, 0.010252059431871364, 0.009811218479855994, 0.00404991251567519, 0.0012696765975905662, 0.008458070420794453, 0.0010194550072192222, 0.006850027526656581, 0.003953534547690338, 0.02954722823461106, 0.011454678919282828, 0.004247693480882463, 0.0082816218530498, 0.027332298100405106, 0.0007610812045552791, 0.008650835098096483, 0.035281320131907316, 0.007937377399412821, 0.005611020858532697, 0.00828401109934438, 0.010209602818145706, 0.0063471731136994685, 0.012922879127452094, 0.009591312129786117, 0.0008144535417758428, 0.013074492442427728, 0.006003672506812117, 0.006975175128517912, 0.011884361325852036, 0.006361891005434219, 0.003818964484039748, 0.007773739031157203]}, {'overall_acc': 0.84383637368712, 'bal_acc': 0.7590799798972998, 'avg_odds_diff': 0.05806454929743497, 'disp_imp': 0.337867069236496, 'stat_par_diff': 0.16882642327222108, 'eq_opp_diff': 0.04437903855002301, 'theil_ind': 0.127981339199413, 'TPR': 0.5901275651691625, 'TNR': 0.9280323946254372, 'FPR': 0.07196760537456286, 'FNR': 0.4098724348308375, 'GTPR': 1.0, 'GTNR': 1.0, 'GFPR': 0.0, 'GFNR': 0.0, 'PPV': 0.7312714776632302, 'NPV': 0.8721674450787061, 'FDR': 0.26872852233676975, 'FOR': 0.1278325549212939, 'ACC': 0.84383637368712, 'MCC': 0.559176079554963, 'f1_score': 0.6531614487415592, 'fitness': 0.785771824389685, 'solution': {'corr_type': 'spearman', 'l2': 0.001, 'dropout': 0.15903096789506188, 'privileged_demotion': 0.3780601979749032, 'privileged_promotion': 0.29056265739743553, 'protected_demotion': 0.21072245447533888, 'protected_promotion': 0.11911913349203451}, 'corr': [0.08878561034712386, 0.0004271080272228362, 1.0, 0.06549862377763126, 0.04161862285116001, 0.26873187584540986, 0.0007877300035752458, 0.04408684881510212, 0.060248997881708365, 0.08432743080064875, 0.10114890341798197, 0.031584910320330464, 0.0022040238263125, 0.0017075065134908626, 0.00803790170824407, 0.0023760632167443988, 0.011869875565881304, 0.018861314697033026, 0.021411925962376236, 0.01178786981084217, 0.025781028676640377, 0.006364943903368105, 0.0185545685753383, 0.027340467290208403, 0.015438568902299695, 0.00733511519605052, 0.005752258205748117, 0.045609401523734244, 0.06087437381174177, 0.24795938841648302, 0.01839947598068323, 0.44044585558685373, 0.046784012630782204, 0.17025436322424725, 0.10588843788906925, 0.17926594771881163, 0.27638074684925146, 0.011556536621839274, 0.22626282780455154, 0.031142655713223506, 0.10396378473651503, 0.09541888918633287, 0.03665956466321101, 0.16726192329807207, 0.09686250477717578, 0.0319426687798517, 0.06158250905789413, 0.02603674137234539, 0.02653351190557764, 0.1350890718319676, 0.5839018680096824, 0.17101890857190694, 0.05083664132400642, 0.0997255837498176, 0.3320543132867076, 0.31616818175396816, 0.010398513965417447, 0.0074042648527431545, 0.10989335810093077, 0.012235891916561563, 0.10226428315735513, 0.005230069554077198, 0.00027508944698537754, 0.006034653792840116, 0.008591967292247336, 0.003654543412302158, 0.013752628135849751, 0.0012816539446870152, 0.004589591325486973, 0.0027500603786986375, 0.002913003465896708, 0.010252059431871364, 0.009811218479855994, 0.00404991251567519, 0.0012696765975905662, 0.008458070420794453, 0.0010194550072192222, 0.006850027526656581, 0.003953534547690338, 0.02954722823461106, 0.011454678919282828, 0.004247693480882463, 0.0082816218530498, 0.027332298100405106, 0.0007610812045552791, 0.008650835098096483, 0.035281320131907316, 0.007937377399412821, 0.005611020858532697, 0.00828401109934438, 0.010209602818145706, 0.0063471731136994685, 0.012922879127452094, 0.009591312129786117, 0.0008144535417758428, 0.013074492442427728, 0.006003672506812117, 0.006975175128517912, 0.011884361325852036, 0.006361891005434219, 0.003818964484039748, 0.007773739031157203]}, {'overall_acc': 0.8355444997236042, 'bal_acc': 0.7279887836488239, 'avg_odds_diff': 0.06789740700318928, 'disp_imp': 0.30267281105990784, 'stat_par_diff': 0.15359317904993908, 'eq_opp_diff': 0.07222627883249644, 'theil_ind': 0.14618339513705347, 'TPR': 0.5135884636716583, 'TNR': 0.9423891036259894, 'FPR': 0.05761089637401068, 'FNR': 0.48641153632834166, 'GTPR': 1.0, 'GTNR': 1.0, 'GFPR': 0.0, 'GFNR': 0.0, 'PPV': 0.7473769168684423, 'NPV': 0.8537602134400534, 'FDR': 0.25262308313155774, 'FOR': 0.14623978655994663, 'ACC': 0.8355444997236042, 'MCC': 0.5235504238278839, 'f1_score': 0.608809993425378, 'fitness': 0.767647092720415, 'solution': {'corr_type': 'spearman', 'l2': 0.001, 'dropout': 0.1618196958615892, 'privileged_demotion': 0.5282514847310618, 'privileged_promotion': 0.4163189745578262, 'protected_demotion': 0.08810742447325395, 'protected_promotion': 0.001886990432610841}, 'corr': [0.08878561034712386, 0.0004271080272228362, 1.0, 0.06549862377763126, 0.04161862285116001, 0.26873187584540986, 0.0007877300035752458, 0.04408684881510212, 0.060248997881708365, 0.08432743080064875, 0.10114890341798197, 0.031584910320330464, 0.0022040238263125, 0.0017075065134908626, 0.00803790170824407, 0.0023760632167443988, 0.011869875565881304, 0.018861314697033026, 0.021411925962376236, 0.01178786981084217, 0.025781028676640377, 0.006364943903368105, 0.0185545685753383, 0.027340467290208403, 0.015438568902299695, 0.00733511519605052, 0.005752258205748117, 0.045609401523734244, 0.06087437381174177, 0.24795938841648302, 0.01839947598068323, 0.44044585558685373, 0.046784012630782204, 0.17025436322424725, 0.10588843788906925, 0.17926594771881163, 0.27638074684925146, 0.011556536621839274, 0.22626282780455154, 0.031142655713223506, 0.10396378473651503, 0.09541888918633287, 0.03665956466321101, 0.16726192329807207, 0.09686250477717578, 0.0319426687798517, 0.06158250905789413, 0.02603674137234539, 0.02653351190557764, 0.1350890718319676, 0.5839018680096824, 0.17101890857190694, 0.05083664132400642, 0.0997255837498176, 0.3320543132867076, 0.31616818175396816, 0.010398513965417447, 0.0074042648527431545, 0.10989335810093077, 0.012235891916561563, 0.10226428315735513, 0.005230069554077198, 0.00027508944698537754, 0.006034653792840116, 0.008591967292247336, 0.003654543412302158, 0.013752628135849751, 0.0012816539446870152, 0.004589591325486973, 0.0027500603786986375, 0.002913003465896708, 0.010252059431871364, 0.009811218479855994, 0.00404991251567519, 0.0012696765975905662, 0.008458070420794453, 0.0010194550072192222, 0.006850027526656581, 0.003953534547690338, 0.02954722823461106, 0.011454678919282828, 0.004247693480882463, 0.0082816218530498, 0.027332298100405106, 0.0007610812045552791, 0.008650835098096483, 0.035281320131907316, 0.007937377399412821, 0.005611020858532697, 0.00828401109934438, 0.010209602818145706, 0.0063471731136994685, 0.012922879127452094, 0.009591312129786117, 0.0008144535417758428, 0.013074492442427728, 0.006003672506812117, 0.006975175128517912, 0.011884361325852036, 0.006361891005434219, 0.003818964484039748, 0.007773739031157203]}, {'overall_acc': 0.8250414593698175, 'bal_acc': 0.681713984882549, 'avg_odds_diff': 0.10670752089891887, 'disp_imp': 0.7033960069780966, 'stat_par_diff': 0.040341996614834605, 'eq_opp_diff': 0.2093569328025286, 'theil_ind': 0.17351710705967208, 'TPR': 0.39600665557404324, 'TNR': 0.9674213141910547, 'FPR': 0.03257868580894534, 'FNR': 0.6039933444259568, 'GTPR': 1.0, 'GTNR': 1.0, 'GFPR': 0.0, 'GFNR': 0.0, 'PPV': 0.8013468013468014, 'NPV': 0.8283687943262411, 'FDR': 0.19865319865319866, 'FOR': 0.17163120567375886, 'ACC': 0.8250414593698175, 'MCC': 0.4783892353145847, 'f1_score': 0.5300668151447662, 'fitness': 0.7183339384708987, 'solution': {'corr_type': 'spearman', 'l2': 0.001, 'dropout': 0.136297894220033, 'privileged_demotion': 0.5196378242921339, 'privileged_promotion': 0.07310341801402842, 'protected_demotion': 0.09170496497857067, 'protected_promotion': 0.25069963987464855}, 'corr': [0.08878561034712386, 0.0004271080272228362, 1.0, 0.06549862377763126, 0.04161862285116001, 0.26873187584540986, 0.0007877300035752458, 0.04408684881510212, 0.060248997881708365, 0.08432743080064875, 0.10114890341798197, 0.031584910320330464, 0.0022040238263125, 0.0017075065134908626, 0.00803790170824407, 0.0023760632167443988, 0.011869875565881304, 0.018861314697033026, 0.021411925962376236, 0.01178786981084217, 0.025781028676640377, 0.006364943903368105, 0.0185545685753383, 0.027340467290208403, 0.015438568902299695, 0.00733511519605052, 0.005752258205748117, 0.045609401523734244, 0.06087437381174177, 0.24795938841648302, 0.01839947598068323, 0.44044585558685373, 0.046784012630782204, 0.17025436322424725, 0.10588843788906925, 0.17926594771881163, 0.27638074684925146, 0.011556536621839274, 0.22626282780455154, 0.031142655713223506, 0.10396378473651503, 0.09541888918633287, 0.03665956466321101, 0.16726192329807207, 0.09686250477717578, 0.0319426687798517, 0.06158250905789413, 0.02603674137234539, 0.02653351190557764, 0.1350890718319676, 0.5839018680096824, 0.17101890857190694, 0.05083664132400642, 0.0997255837498176, 0.3320543132867076, 0.31616818175396816, 0.010398513965417447, 0.0074042648527431545, 0.10989335810093077, 0.012235891916561563, 0.10226428315735513, 0.005230069554077198, 0.00027508944698537754, 0.006034653792840116, 0.008591967292247336, 0.003654543412302158, 0.013752628135849751, 0.0012816539446870152, 0.004589591325486973, 0.0027500603786986375, 0.002913003465896708, 0.010252059431871364, 0.009811218479855994, 0.00404991251567519, 0.0012696765975905662, 0.008458070420794453, 0.0010194550072192222, 0.006850027526656581, 0.003953534547690338, 0.02954722823461106, 0.011454678919282828, 0.004247693480882463, 0.0082816218530498, 0.027332298100405106, 0.0007610812045552791, 0.008650835098096483, 0.035281320131907316, 0.007937377399412821, 0.005611020858532697, 0.00828401109934438, 0.010209602818145706, 0.0063471731136994685, 0.012922879127452094, 0.009591312129786117, 0.0008144535417758428, 0.013074492442427728, 0.006003672506812117, 0.006975175128517912, 0.011884361325852036, 0.006361891005434219, 0.003818964484039748, 0.007773739031157203]}, {'overall_acc': 0.42965726920950803, 'bal_acc': 0.43342374035788567, 'avg_odds_diff': 0.5373710545180852, 'disp_imp': 0.1834253426928233, 'stat_par_diff': 0.5974289616189737, 'eq_opp_diff': 0.26059525476623924, 'theil_ind': 0.2066056329195221, 'TPR': 0.44093178036605657, 'TNR': 0.4259157003497147, 'FPR': 0.5740842996502853, 'FNR': 0.5590682196339434, 'GTPR': 1.0, 'GTNR': 1.0, 'GFPR': 0.0, 'GFNR': 0.0, 'PPV': 0.20311701584057232, 'NPV': 0.6965683323299218, 'FDR': 0.7968829841594277, 'FOR': 0.3034316676700783, 'ACC': 0.42965726920950803, 'MCC': -0.11557313101330682, 'f1_score': 0.27811789400034986, 'fitness': -0.10771378530857717, 'solution': {'corr_type': 'spearman', 'l2': 0.0001, 'dropout': 0.017424017499284593, 'privileged_demotion': 0.5615213046324485, 'privileged_promotion': 0.5599767178377917, 'protected_demotion': 0.08702365687434632, 'protected_promotion': 0.5491531079655457}, 'corr': [0.08878561034712386, 0.0004271080272228362, 1.0, 0.06549862377763126, 0.04161862285116001, 0.26873187584540986, 0.0007877300035752458, 0.04408684881510212, 0.060248997881708365, 0.08432743080064875, 0.10114890341798197, 0.031584910320330464, 0.0022040238263125, 0.0017075065134908626, 0.00803790170824407, 0.0023760632167443988, 0.011869875565881304, 0.018861314697033026, 0.021411925962376236, 0.01178786981084217, 0.025781028676640377, 0.006364943903368105, 0.0185545685753383, 0.027340467290208403, 0.015438568902299695, 0.00733511519605052, 0.005752258205748117, 0.045609401523734244, 0.06087437381174177, 0.24795938841648302, 0.01839947598068323, 0.44044585558685373, 0.046784012630782204, 0.17025436322424725, 0.10588843788906925, 0.17926594771881163, 0.27638074684925146, 0.011556536621839274, 0.22626282780455154, 0.031142655713223506, 0.10396378473651503, 0.09541888918633287, 0.03665956466321101, 0.16726192329807207, 0.09686250477717578, 0.0319426687798517, 0.06158250905789413, 0.02603674137234539, 0.02653351190557764, 0.1350890718319676, 0.5839018680096824, 0.17101890857190694, 0.05083664132400642, 0.0997255837498176, 0.3320543132867076, 0.31616818175396816, 0.010398513965417447, 0.0074042648527431545, 0.10989335810093077, 0.012235891916561563, 0.10226428315735513, 0.005230069554077198, 0.00027508944698537754, 0.006034653792840116, 0.008591967292247336, 0.003654543412302158, 0.013752628135849751, 0.0012816539446870152, 0.004589591325486973, 0.0027500603786986375, 0.002913003465896708, 0.010252059431871364, 0.009811218479855994, 0.00404991251567519, 0.0012696765975905662, 0.008458070420794453, 0.0010194550072192222, 0.006850027526656581, 0.003953534547690338, 0.02954722823461106, 0.011454678919282828, 0.004247693480882463, 0.0082816218530498, 0.027332298100405106, 0.0007610812045552791, 0.008650835098096483, 0.035281320131907316, 0.007937377399412821, 0.005611020858532697, 0.00828401109934438, 0.010209602818145706, 0.0063471731136994685, 0.012922879127452094, 0.009591312129786117, 0.0008144535417758428, 0.013074492442427728, 0.006003672506812117, 0.006975175128517912, 0.011884361325852036, 0.006361891005434219, 0.003818964484039748, 0.007773739031157203]}, {'overall_acc': 0.8301547816473189, 'bal_acc': 0.6875278119509389, 'avg_odds_diff': 0.052631469054386586, 'disp_imp': 0.4738816738816739, 'stat_par_diff': 0.07689914632667373, 'eq_opp_diff': 0.08822043731370155, 'theil_ind': 0.1700553880828275, 'TPR': 0.40321686078757624, 'TNR': 0.9718387631143015, 'FPR': 0.02816123688569851, 'FNR': 0.5967831392124238, 'GTPR': 1.0, 'GTNR': 1.0, 'GFPR': 0.0, 'GFNR': 0.0, 'PPV': 0.8261363636363637, 'NPV': 0.8307111390811831, 'FDR': 0.17386363636363636, 'FOR': 0.16928886091881687, 'ACC': 0.8301547816473189, 'MCC': 0.4963409613764714, 'f1_score': 0.5419306746179648, 'fitness': 0.7775233125929324, 'solution': {'corr_type': 'spearman', 'l2': 0.0001, 'dropout': 0.14374073906161017, 'privileged_demotion': 0.5219514229616614, 'privileged_promotion': 0.08495624360744929, 'protected_demotion': 0.30836331520484855, 'protected_promotion': 0.23729497085742962}, 'corr': [0.08878561034712386, 0.0004271080272228362, 1.0, 0.06549862377763126, 0.04161862285116001, 0.26873187584540986, 0.0007877300035752458, 0.04408684881510212, 0.060248997881708365, 0.08432743080064875, 0.10114890341798197, 0.031584910320330464, 0.0022040238263125, 0.0017075065134908626, 0.00803790170824407, 0.0023760632167443988, 0.011869875565881304, 0.018861314697033026, 0.021411925962376236, 0.01178786981084217, 0.025781028676640377, 0.006364943903368105, 0.0185545685753383, 0.027340467290208403, 0.015438568902299695, 0.00733511519605052, 0.005752258205748117, 0.045609401523734244, 0.06087437381174177, 0.24795938841648302, 0.01839947598068323, 0.44044585558685373, 0.046784012630782204, 0.17025436322424725, 0.10588843788906925, 0.17926594771881163, 0.27638074684925146, 0.011556536621839274, 0.22626282780455154, 0.031142655713223506, 0.10396378473651503, 0.09541888918633287, 0.03665956466321101, 0.16726192329807207, 0.09686250477717578, 0.0319426687798517, 0.06158250905789413, 0.02603674137234539, 0.02653351190557764, 0.1350890718319676, 0.5839018680096824, 0.17101890857190694, 0.05083664132400642, 0.0997255837498176, 0.3320543132867076, 0.31616818175396816, 0.010398513965417447, 0.0074042648527431545, 0.10989335810093077, 0.012235891916561563, 0.10226428315735513, 0.005230069554077198, 0.00027508944698537754, 0.006034653792840116, 0.008591967292247336, 0.003654543412302158, 0.013752628135849751, 0.0012816539446870152, 0.004589591325486973, 0.0027500603786986375, 0.002913003465896708, 0.010252059431871364, 0.009811218479855994, 0.00404991251567519, 0.0012696765975905662, 0.008458070420794453, 0.0010194550072192222, 0.006850027526656581, 0.003953534547690338, 0.02954722823461106, 0.011454678919282828, 0.004247693480882463, 0.0082816218530498, 0.027332298100405106, 0.0007610812045552791, 0.008650835098096483, 0.035281320131907316, 0.007937377399412821, 0.005611020858532697, 0.00828401109934438, 0.010209602818145706, 0.0063471731136994685, 0.012922879127452094, 0.009591312129786117, 0.0008144535417758428, 0.013074492442427728, 0.006003672506812117, 0.006975175128517912, 0.011884361325852036, 0.006361891005434219, 0.003818964484039748, 0.007773739031157203]}, {'overall_acc': 0.8226920950801547, 'bal_acc': 0.6644002127872651, 'avg_odds_diff': 0.04221088863136828, 'disp_imp': 0.30369506654336376, 'stat_par_diff': 0.09131404527263237, 'eq_opp_diff': 0.06472432832536457, 'theil_ind': 0.1836941509946486, 'TPR': 0.3488630061009429, 'TNR': 0.9799374194735874, 'FPR': 0.020062580526412663, 'FNR': 0.6511369938990571, 'GTPR': 1.0, 'GTNR': 1.0, 'GFPR': 0.0, 'GFNR': 0.0, 'PPV': 0.8523035230352304, 'NPV': 0.8193290243151738, 'FDR': 0.14769647696476965, 'FOR': 0.1806709756848261, 'ACC': 0.8226920950801547, 'MCC': 0.469928789710227, 'f1_score': 0.49508067689885876, 'fitness': 0.7804812064487865, 'solution': {'corr_type': 'spearman', 'l2': 0.0001, 'dropout': 0.13878498735798822, 'privileged_demotion': 0.5367655695789585, 'privileged_promotion': 0.08269795882086325, 'protected_demotion': 0.32086590480472876, 'protected_promotion': 0.0006337626098306248}, 'corr': [0.08878561034712386, 0.0004271080272228362, 1.0, 0.06549862377763126, 0.04161862285116001, 0.26873187584540986, 0.0007877300035752458, 0.04408684881510212, 0.060248997881708365, 0.08432743080064875, 0.10114890341798197, 0.031584910320330464, 0.0022040238263125, 0.0017075065134908626, 0.00803790170824407, 0.0023760632167443988, 0.011869875565881304, 0.018861314697033026, 0.021411925962376236, 0.01178786981084217, 0.025781028676640377, 0.006364943903368105, 0.0185545685753383, 0.027340467290208403, 0.015438568902299695, 0.00733511519605052, 0.005752258205748117, 0.045609401523734244, 0.06087437381174177, 0.24795938841648302, 0.01839947598068323, 0.44044585558685373, 0.046784012630782204, 0.17025436322424725, 0.10588843788906925, 0.17926594771881163, 0.27638074684925146, 0.011556536621839274, 0.22626282780455154, 0.031142655713223506, 0.10396378473651503, 0.09541888918633287, 0.03665956466321101, 0.16726192329807207, 0.09686250477717578, 0.0319426687798517, 0.06158250905789413, 0.02603674137234539, 0.02653351190557764, 0.1350890718319676, 0.5839018680096824, 0.17101890857190694, 0.05083664132400642, 0.0997255837498176, 0.3320543132867076, 0.31616818175396816, 0.010398513965417447, 0.0074042648527431545, 0.10989335810093077, 0.012235891916561563, 0.10226428315735513, 0.005230069554077198, 0.00027508944698537754, 0.006034653792840116, 0.008591967292247336, 0.003654543412302158, 0.013752628135849751, 0.0012816539446870152, 0.004589591325486973, 0.0027500603786986375, 0.002913003465896708, 0.010252059431871364, 0.009811218479855994, 0.00404991251567519, 0.0012696765975905662, 0.008458070420794453, 0.0010194550072192222, 0.006850027526656581, 0.003953534547690338, 0.02954722823461106, 0.011454678919282828, 0.004247693480882463, 0.0082816218530498, 0.027332298100405106, 0.0007610812045552791, 0.008650835098096483, 0.035281320131907316, 0.007937377399412821, 0.005611020858532697, 0.00828401109934438, 0.010209602818145706, 0.0063471731136994685, 0.012922879127452094, 0.009591312129786117, 0.0008144535417758428, 0.013074492442427728, 0.006003672506812117, 0.006975175128517912, 0.011884361325852036, 0.006361891005434219, 0.003818964484039748, 0.007773739031157203]}, {'overall_acc': 0.4197070204532891, 'bal_acc': 0.3823290711566372, 'avg_odds_diff': 0.6156166617508292, 'disp_imp': 0.0006084072845841747, 'stat_par_diff': 0.7110977532414804, 'eq_opp_diff': 0.3594559585492228, 'theil_ind': 0.24629722532539747, 'TPR': 0.30782029950083195, 'TNR': 0.4568378428124425, 'FPR': 0.5431621571875576, 'FNR': 0.6921797004991681, 'GTPR': 1.0, 'GTNR': 1.0, 'GFPR': 0.0, 'GFNR': 0.0, 'PPV': 0.1583000570450656, 'NPV': 0.6654155495978552, 'FDR': 0.8416999429549344, 'FOR': 0.3345844504021448, 'ACC': 0.4197070204532891, 'MCC': -0.20368381529673016, 'f1_score': 0.20907892258429084, 'fitness': -0.19590964129754007, 'solution': {'corr_type': 'spearman', 'l2': 0.0001, 'dropout': 0.13830273168656743, 'privileged_demotion': 0.5812486511170911, 'privileged_promotion': 0.5844352749752639, 'protected_demotion': 0.47047003538915677, 'protected_promotion': 0.2474303566351436}, 'corr': [0.08878561034712386, 0.0004271080272228362, 1.0, 0.06549862377763126, 0.04161862285116001, 0.26873187584540986, 0.0007877300035752458, 0.04408684881510212, 0.060248997881708365, 0.08432743080064875, 0.10114890341798197, 0.031584910320330464, 0.0022040238263125, 0.0017075065134908626, 0.00803790170824407, 0.0023760632167443988, 0.011869875565881304, 0.018861314697033026, 0.021411925962376236, 0.01178786981084217, 0.025781028676640377, 0.006364943903368105, 0.0185545685753383, 0.027340467290208403, 0.015438568902299695, 0.00733511519605052, 0.005752258205748117, 0.045609401523734244, 0.06087437381174177, 0.24795938841648302, 0.01839947598068323, 0.44044585558685373, 0.046784012630782204, 0.17025436322424725, 0.10588843788906925, 0.17926594771881163, 0.27638074684925146, 0.011556536621839274, 0.22626282780455154, 0.031142655713223506, 0.10396378473651503, 0.09541888918633287, 0.03665956466321101, 0.16726192329807207, 0.09686250477717578, 0.0319426687798517, 0.06158250905789413, 0.02603674137234539, 0.02653351190557764, 0.1350890718319676, 0.5839018680096824, 0.17101890857190694, 0.05083664132400642, 0.0997255837498176, 0.3320543132867076, 0.31616818175396816, 0.010398513965417447, 0.0074042648527431545, 0.10989335810093077, 0.012235891916561563, 0.10226428315735513, 0.005230069554077198, 0.00027508944698537754, 0.006034653792840116, 0.008591967292247336, 0.003654543412302158, 0.013752628135849751, 0.0012816539446870152, 0.004589591325486973, 0.0027500603786986375, 0.002913003465896708, 0.010252059431871364, 0.009811218479855994, 0.00404991251567519, 0.0012696765975905662, 0.008458070420794453, 0.0010194550072192222, 0.006850027526656581, 0.003953534547690338, 0.02954722823461106, 0.011454678919282828, 0.004247693480882463, 0.0082816218530498, 0.027332298100405106, 0.0007610812045552791, 0.008650835098096483, 0.035281320131907316, 0.007937377399412821, 0.005611020858532697, 0.00828401109934438, 0.010209602818145706, 0.0063471731136994685, 0.012922879127452094, 0.009591312129786117, 0.0008144535417758428, 0.013074492442427728, 0.006003672506812117, 0.006975175128517912, 0.011884361325852036, 0.006361891005434219, 0.003818964484039748, 0.007773739031157203]}, {'overall_acc': 0.8351299060254284, 'bal_acc': 0.708998867768395, 'avg_odds_diff': 0.037512735993718106, 'disp_imp': 0.41084236864053375, 'stat_par_diff': 0.1042926217104049, 'eq_opp_diff': 0.04278362374217298, 'theil_ind': 0.15747450632913448, 'TPR': 0.45757071547420963, 'TNR': 0.9604270200625805, 'FPR': 0.03957297993741948, 'FNR': 0.5424292845257903, 'GTPR': 1.0, 'GTNR': 1.0, 'GFPR': 0.0, 'GFNR': 0.0, 'PPV': 0.7932692307692307, 'NPV': 0.842156229825694, 'FDR': 0.20673076923076922, 'FOR': 0.157843770174306, 'ACC': 0.8351299060254284, 'MCC': 0.5153701617586145, 'f1_score': 0.5803728455856489, 'fitness': 0.7976171700317103, 'solution': {'corr_type': 'spearman', 'l2': 0.001, 'dropout': 0.19884841627295288, 'privileged_demotion': 0.6084950421058142, 'privileged_promotion': 0.26081525218013624, 'protected_demotion': 0.4570362313125896, 'protected_promotion': 0.35434755638574356}, 'corr': [0.08878561034712386, 0.0004271080272228362, 1.0, 0.06549862377763126, 0.04161862285116001, 0.26873187584540986, 0.0007877300035752458, 0.04408684881510212, 0.060248997881708365, 0.08432743080064875, 0.10114890341798197, 0.031584910320330464, 0.0022040238263125, 0.0017075065134908626, 0.00803790170824407, 0.0023760632167443988, 0.011869875565881304, 0.018861314697033026, 0.021411925962376236, 0.01178786981084217, 0.025781028676640377, 0.006364943903368105, 0.0185545685753383, 0.027340467290208403, 0.015438568902299695, 0.00733511519605052, 0.005752258205748117, 0.045609401523734244, 0.06087437381174177, 0.24795938841648302, 0.01839947598068323, 0.44044585558685373, 0.046784012630782204, 0.17025436322424725, 0.10588843788906925, 0.17926594771881163, 0.27638074684925146, 0.011556536621839274, 0.22626282780455154, 0.031142655713223506, 0.10396378473651503, 0.09541888918633287, 0.03665956466321101, 0.16726192329807207, 0.09686250477717578, 0.0319426687798517, 0.06158250905789413, 0.02603674137234539, 0.02653351190557764, 0.1350890718319676, 0.5839018680096824, 0.17101890857190694, 0.05083664132400642, 0.0997255837498176, 0.3320543132867076, 0.31616818175396816, 0.010398513965417447, 0.0074042648527431545, 0.10989335810093077, 0.012235891916561563, 0.10226428315735513, 0.005230069554077198, 0.00027508944698537754, 0.006034653792840116, 0.008591967292247336, 0.003654543412302158, 0.013752628135849751, 0.0012816539446870152, 0.004589591325486973, 0.0027500603786986375, 0.002913003465896708, 0.010252059431871364, 0.009811218479855994, 0.00404991251567519, 0.0012696765975905662, 0.008458070420794453, 0.0010194550072192222, 0.006850027526656581, 0.003953534547690338, 0.02954722823461106, 0.011454678919282828, 0.004247693480882463, 0.0082816218530498, 0.027332298100405106, 0.0007610812045552791, 0.008650835098096483, 0.035281320131907316, 0.007937377399412821, 0.005611020858532697, 0.00828401109934438, 0.010209602818145706, 0.0063471731136994685, 0.012922879127452094, 0.009591312129786117, 0.0008144535417758428, 0.013074492442427728, 0.006003672506812117, 0.006975175128517912, 0.011884361325852036, 0.006361891005434219, 0.003818964484039748, 0.007773739031157203]}, {'overall_acc': 0.8325041459369817, 'bal_acc': 0.6929833184951886, 'avg_odds_diff': 0.040929597772867705, 'disp_imp': 0.4135524106500359, 'stat_par_diff': 0.09024102166611303, 'eq_opp_diff': 0.05658471202512655, 'theil_ind': 0.16684551053945754, 'TPR': 0.41486411536328344, 'TNR': 0.9711025216270937, 'FPR': 0.028897478372906314, 'FNR': 0.5851358846367166, 'GTPR': 1.0, 'GTNR': 1.0, 'GFPR': 0.0, 'GFNR': 0.0, 'PPV': 0.8265193370165745, 'NPV': 0.8333596588216712, 'FDR': 0.1734806629834254, 'FOR': 0.16664034117832885, 'ACC': 0.8325041459369817, 'MCC': 0.5046694728674153, 'f1_score': 0.552437223042836, 'fitness': 0.791574548164114, 'solution': {'corr_type': 'spearman', 'l2': 0.0001, 'dropout': 0.14513618262899672, 'privileged_demotion': 0.4634964855902771, 'privileged_promotion': 0.06311994606034607, 'protected_demotion': 0.35253686045750826, 'protected_promotion': 0.07131210080050522}, 'corr': [0.08878561034712386, 0.0004271080272228362, 1.0, 0.06549862377763126, 0.04161862285116001, 0.26873187584540986, 0.0007877300035752458, 0.04408684881510212, 0.060248997881708365, 0.08432743080064875, 0.10114890341798197, 0.031584910320330464, 0.0022040238263125, 0.0017075065134908626, 0.00803790170824407, 0.0023760632167443988, 0.011869875565881304, 0.018861314697033026, 0.021411925962376236, 0.01178786981084217, 0.025781028676640377, 0.006364943903368105, 0.0185545685753383, 0.027340467290208403, 0.015438568902299695, 0.00733511519605052, 0.005752258205748117, 0.045609401523734244, 0.06087437381174177, 0.24795938841648302, 0.01839947598068323, 0.44044585558685373, 0.046784012630782204, 0.17025436322424725, 0.10588843788906925, 0.17926594771881163, 0.27638074684925146, 0.011556536621839274, 0.22626282780455154, 0.031142655713223506, 0.10396378473651503, 0.09541888918633287, 0.03665956466321101, 0.16726192329807207, 0.09686250477717578, 0.0319426687798517, 0.06158250905789413, 0.02603674137234539, 0.02653351190557764, 0.1350890718319676, 0.5839018680096824, 0.17101890857190694, 0.05083664132400642, 0.0997255837498176, 0.3320543132867076, 0.31616818175396816, 0.010398513965417447, 0.0074042648527431545, 0.10989335810093077, 0.012235891916561563, 0.10226428315735513, 0.005230069554077198, 0.00027508944698537754, 0.006034653792840116, 0.008591967292247336, 0.003654543412302158, 0.013752628135849751, 0.0012816539446870152, 0.004589591325486973, 0.0027500603786986375, 0.002913003465896708, 0.010252059431871364, 0.009811218479855994, 0.00404991251567519, 0.0012696765975905662, 0.008458070420794453, 0.0010194550072192222, 0.006850027526656581, 0.003953534547690338, 0.02954722823461106, 0.011454678919282828, 0.004247693480882463, 0.0082816218530498, 0.027332298100405106, 0.0007610812045552791, 0.008650835098096483, 0.035281320131907316, 0.007937377399412821, 0.005611020858532697, 0.00828401109934438, 0.010209602818145706, 0.0063471731136994685, 0.012922879127452094, 0.009591312129786117, 0.0008144535417758428, 0.013074492442427728, 0.006003672506812117, 0.006975175128517912, 0.011884361325852036, 0.006361891005434219, 0.003818964484039748, 0.007773739031157203]}, {'overall_acc': 0.8301547816473189, 'bal_acc': 0.6982743651065636, 'avg_odds_diff': 0.04654094066138452, 'disp_imp': 0.4172775603747993, 'stat_par_diff': 0.09853994969707515, 'eq_opp_diff': 0.05967301498389582, 'theil_ind': 0.16374779074436493, 'TPR': 0.4353854686633389, 'TNR': 0.9611632615497884, 'FPR': 0.03883673845021167, 'FNR': 0.5646145313366612, 'GTPR': 1.0, 'GTNR': 1.0, 'GFPR': 0.0, 'GFNR': 0.0, 'PPV': 0.7881526104417671, 'NPV': 0.8368589743589744, 'FDR': 0.21184738955823293, 'FOR': 0.16314102564102564, 'ACC': 0.8301547816473189, 'MCC': 0.49784289722886305, 'f1_score': 0.5609146123615577, 'fitness': 0.7836138409859345, 'solution': {'corr_type': 'spearman', 'l2': 0.001, 'dropout': 0.17990136349360408, 'privileged_demotion': 0.60233053896254, 'privileged_promotion': 0.2512524887017683, 'protected_demotion': 0.4870968778079043, 'protected_promotion': 0.346652389563941}, 'corr': [0.08878561034712386, 0.0004271080272228362, 1.0, 0.06549862377763126, 0.04161862285116001, 0.26873187584540986, 0.0007877300035752458, 0.04408684881510212, 0.060248997881708365, 0.08432743080064875, 0.10114890341798197, 0.031584910320330464, 0.0022040238263125, 0.0017075065134908626, 0.00803790170824407, 0.0023760632167443988, 0.011869875565881304, 0.018861314697033026, 0.021411925962376236, 0.01178786981084217, 0.025781028676640377, 0.006364943903368105, 0.0185545685753383, 0.027340467290208403, 0.015438568902299695, 0.00733511519605052, 0.005752258205748117, 0.045609401523734244, 0.06087437381174177, 0.24795938841648302, 0.01839947598068323, 0.44044585558685373, 0.046784012630782204, 0.17025436322424725, 0.10588843788906925, 0.17926594771881163, 0.27638074684925146, 0.011556536621839274, 0.22626282780455154, 0.031142655713223506, 0.10396378473651503, 0.09541888918633287, 0.03665956466321101, 0.16726192329807207, 0.09686250477717578, 0.0319426687798517, 0.06158250905789413, 0.02603674137234539, 0.02653351190557764, 0.1350890718319676, 0.5839018680096824, 0.17101890857190694, 0.05083664132400642, 0.0997255837498176, 0.3320543132867076, 0.31616818175396816, 0.010398513965417447, 0.0074042648527431545, 0.10989335810093077, 0.012235891916561563, 0.10226428315735513, 0.005230069554077198, 0.00027508944698537754, 0.006034653792840116, 0.008591967292247336, 0.003654543412302158, 0.013752628135849751, 0.0012816539446870152, 0.004589591325486973, 0.0027500603786986375, 0.002913003465896708, 0.010252059431871364, 0.009811218479855994, 0.00404991251567519, 0.0012696765975905662, 0.008458070420794453, 0.0010194550072192222, 0.006850027526656581, 0.003953534547690338, 0.02954722823461106, 0.011454678919282828, 0.004247693480882463, 0.0082816218530498, 0.027332298100405106, 0.0007610812045552791, 0.008650835098096483, 0.035281320131907316, 0.007937377399412821, 0.005611020858532697, 0.00828401109934438, 0.010209602818145706, 0.0063471731136994685, 0.012922879127452094, 0.009591312129786117, 0.0008144535417758428, 0.013074492442427728, 0.006003672506812117, 0.006975175128517912, 0.011884361325852036, 0.006361891005434219, 0.003818964484039748, 0.007773739031157203]}, {'overall_acc': 0.8279436152570481, 'bal_acc': 0.6771616298132477, 'avg_odds_diff': 0.04844747923696692, 'disp_imp': 0.4961519220379005, 'stat_par_diff': 0.06638193312980158, 'eq_opp_diff': 0.08774781443175222, 'theil_ind': 0.17612266879433558, 'TPR': 0.37659456461453134, 'TNR': 0.9777286950119639, 'FPR': 0.022271304988036075, 'FNR': 0.6234054353854687, 'GTPR': 1.0, 'GTNR': 1.0, 'GFPR': 0.0, 'GFNR': 0.0, 'PPV': 0.84875, 'NPV': 0.8253573648228714, 'FDR': 0.15125, 'FOR': 0.17464263517712866, 'ACC': 0.8279436152570481, 'MCC': 0.4887247884466951, 'f1_score': 0.5217057241644257, 'fitness': 0.7794961360200812, 'solution': {'corr_type': 'spearman', 'l2': 0.0001, 'dropout': 0.14462848118830737, 'privileged_demotion': 0.5968403129003735, 'privileged_promotion': 0.08521056872341047, 'protected_demotion': 0.3056180460448622, 'protected_promotion': 0.06448852237633537}, 'corr': [0.08878561034712386, 0.0004271080272228362, 1.0, 0.06549862377763126, 0.04161862285116001, 0.26873187584540986, 0.0007877300035752458, 0.04408684881510212, 0.060248997881708365, 0.08432743080064875, 0.10114890341798197, 0.031584910320330464, 0.0022040238263125, 0.0017075065134908626, 0.00803790170824407, 0.0023760632167443988, 0.011869875565881304, 0.018861314697033026, 0.021411925962376236, 0.01178786981084217, 0.025781028676640377, 0.006364943903368105, 0.0185545685753383, 0.027340467290208403, 0.015438568902299695, 0.00733511519605052, 0.005752258205748117, 0.045609401523734244, 0.06087437381174177, 0.24795938841648302, 0.01839947598068323, 0.44044585558685373, 0.046784012630782204, 0.17025436322424725, 0.10588843788906925, 0.17926594771881163, 0.27638074684925146, 0.011556536621839274, 0.22626282780455154, 0.031142655713223506, 0.10396378473651503, 0.09541888918633287, 0.03665956466321101, 0.16726192329807207, 0.09686250477717578, 0.0319426687798517, 0.06158250905789413, 0.02603674137234539, 0.02653351190557764, 0.1350890718319676, 0.5839018680096824, 0.17101890857190694, 0.05083664132400642, 0.0997255837498176, 0.3320543132867076, 0.31616818175396816, 0.010398513965417447, 0.0074042648527431545, 0.10989335810093077, 0.012235891916561563, 0.10226428315735513, 0.005230069554077198, 0.00027508944698537754, 0.006034653792840116, 0.008591967292247336, 0.003654543412302158, 0.013752628135849751, 0.0012816539446870152, 0.004589591325486973, 0.0027500603786986375, 0.002913003465896708, 0.010252059431871364, 0.009811218479855994, 0.00404991251567519, 0.0012696765975905662, 0.008458070420794453, 0.0010194550072192222, 0.006850027526656581, 0.003953534547690338, 0.02954722823461106, 0.011454678919282828, 0.004247693480882463, 0.0082816218530498, 0.027332298100405106, 0.0007610812045552791, 0.008650835098096483, 0.035281320131907316, 0.007937377399412821, 0.005611020858532697, 0.00828401109934438, 0.010209602818145706, 0.0063471731136994685, 0.012922879127452094, 0.009591312129786117, 0.0008144535417758428, 0.013074492442427728, 0.006003672506812117, 0.006975175128517912, 0.011884361325852036, 0.006361891005434219, 0.003818964484039748, 0.007773739031157203]}, {'overall_acc': 0.8323659480375898, 'bal_acc': 0.6938177153054621, 'avg_odds_diff': 0.041442211984539505, 'disp_imp': 0.31226370625619687, 'stat_par_diff': 0.11155121776315442, 'eq_opp_diff': 0.05035309180386904, 'theil_ind': 0.16636204603154345, 'TPR': 0.4176372712146423, 'TNR': 0.969998159396282, 'FPR': 0.03000184060371802, 'FNR': 0.5823627287853578, 'GTPR': 1.0, 'GTNR': 1.0, 'GFPR': 0.0, 'GFNR': 0.0, 'PPV': 0.8220524017467249, 'NPV': 0.8338607594936709, 'FDR': 0.1779475982532751, 'FOR': 0.1661392405063291, 'ACC': 0.8323659480375898, 'MCC': 0.5042372266114368, 'f1_score': 0.5538801029790364, 'fitness': 0.7909237360530503, 'solution': {'corr_type': 'spearman', 'l2': 0.0001, 'dropout': 0.18017741444570123, 'privileged_demotion': 0.6181930269994517, 'privileged_promotion': 0.2588934431367845, 'protected_demotion': 0.3493409362639145, 'protected_promotion': 0.06245908893872684}, 'corr': [0.08878561034712386, 0.0004271080272228362, 1.0, 0.06549862377763126, 0.04161862285116001, 0.26873187584540986, 0.0007877300035752458, 0.04408684881510212, 0.060248997881708365, 0.08432743080064875, 0.10114890341798197, 0.031584910320330464, 0.0022040238263125, 0.0017075065134908626, 0.00803790170824407, 0.0023760632167443988, 0.011869875565881304, 0.018861314697033026, 0.021411925962376236, 0.01178786981084217, 0.025781028676640377, 0.006364943903368105, 0.0185545685753383, 0.027340467290208403, 0.015438568902299695, 0.00733511519605052, 0.005752258205748117, 0.045609401523734244, 0.06087437381174177, 0.24795938841648302, 0.01839947598068323, 0.44044585558685373, 0.046784012630782204, 0.17025436322424725, 0.10588843788906925, 0.17926594771881163, 0.27638074684925146, 0.011556536621839274, 0.22626282780455154, 0.031142655713223506, 0.10396378473651503, 0.09541888918633287, 0.03665956466321101, 0.16726192329807207, 0.09686250477717578, 0.0319426687798517, 0.06158250905789413, 0.02603674137234539, 0.02653351190557764, 0.1350890718319676, 0.5839018680096824, 0.17101890857190694, 0.05083664132400642, 0.0997255837498176, 0.3320543132867076, 0.31616818175396816, 0.010398513965417447, 0.0074042648527431545, 0.10989335810093077, 0.012235891916561563, 0.10226428315735513, 0.005230069554077198, 0.00027508944698537754, 0.006034653792840116, 0.008591967292247336, 0.003654543412302158, 0.013752628135849751, 0.0012816539446870152, 0.004589591325486973, 0.0027500603786986375, 0.002913003465896708, 0.010252059431871364, 0.009811218479855994, 0.00404991251567519, 0.0012696765975905662, 0.008458070420794453, 0.0010194550072192222, 0.006850027526656581, 0.003953534547690338, 0.02954722823461106, 0.011454678919282828, 0.004247693480882463, 0.0082816218530498, 0.027332298100405106, 0.0007610812045552791, 0.008650835098096483, 0.035281320131907316, 0.007937377399412821, 0.005611020858532697, 0.00828401109934438, 0.010209602818145706, 0.0063471731136994685, 0.012922879127452094, 0.009591312129786117, 0.0008144535417758428, 0.013074492442427728, 0.006003672506812117, 0.006975175128517912, 0.011884361325852036, 0.006361891005434219, 0.003818964484039748, 0.007773739031157203]}, {'overall_acc': 0.43214483139856275, 'bal_acc': 0.35133128324992424, 'avg_odds_diff': 0.5011407997105782, 'disp_imp': 0.0028547088788052643, 'stat_par_diff': 0.6048457429699817, 'eq_opp_diff': 0.22215025906735753, 'theil_ind': 0.283745656589174, 'TPR': 0.19023849140321686, 'TNR': 0.5124240750966317, 'FPR': 0.4875759249033683, 'FNR': 0.8097615085967831, 'GTPR': 1.0, 'GTNR': 1.0, 'GFPR': 0.0, 'GFNR': 0.0, 'PPV': 0.11463903743315508, 'NPV': 0.6559849198868991, 'FDR': 0.8853609625668449, 'FOR': 0.34401508011310084, 'ACC': 0.43214483139856275, 'MCC': -0.26115528682543704, 'f1_score': 0.14306569343065692, 'fitness': -0.06899596831201549, 'solution': {'corr_type': 'spearman', 'l2': 0.001, 'dropout': 0.19810770556714716, 'privileged_demotion': 0.4651916522715778, 'privileged_promotion': 0.7450027714004968, 'protected_demotion': 0.3603780498169256, 'protected_promotion': 0.06745485716778352}, 'corr': [0.08878561034712386, 0.0004271080272228362, 1.0, 0.06549862377763126, 0.04161862285116001, 0.26873187584540986, 0.0007877300035752458, 0.04408684881510212, 0.060248997881708365, 0.08432743080064875, 0.10114890341798197, 0.031584910320330464, 0.0022040238263125, 0.0017075065134908626, 0.00803790170824407, 0.0023760632167443988, 0.011869875565881304, 0.018861314697033026, 0.021411925962376236, 0.01178786981084217, 0.025781028676640377, 0.006364943903368105, 0.0185545685753383, 0.027340467290208403, 0.015438568902299695, 0.00733511519605052, 0.005752258205748117, 0.045609401523734244, 0.06087437381174177, 0.24795938841648302, 0.01839947598068323, 0.44044585558685373, 0.046784012630782204, 0.17025436322424725, 0.10588843788906925, 0.17926594771881163, 0.27638074684925146, 0.011556536621839274, 0.22626282780455154, 0.031142655713223506, 0.10396378473651503, 0.09541888918633287, 0.03665956466321101, 0.16726192329807207, 0.09686250477717578, 0.0319426687798517, 0.06158250905789413, 0.02603674137234539, 0.02653351190557764, 0.1350890718319676, 0.5839018680096824, 0.17101890857190694, 0.05083664132400642, 0.0997255837498176, 0.3320543132867076, 0.31616818175396816, 0.010398513965417447, 0.0074042648527431545, 0.10989335810093077, 0.012235891916561563, 0.10226428315735513, 0.005230069554077198, 0.00027508944698537754, 0.006034653792840116, 0.008591967292247336, 0.003654543412302158, 0.013752628135849751, 0.0012816539446870152, 0.004589591325486973, 0.0027500603786986375, 0.002913003465896708, 0.010252059431871364, 0.009811218479855994, 0.00404991251567519, 0.0012696765975905662, 0.008458070420794453, 0.0010194550072192222, 0.006850027526656581, 0.003953534547690338, 0.02954722823461106, 0.011454678919282828, 0.004247693480882463, 0.0082816218530498, 0.027332298100405106, 0.0007610812045552791, 0.008650835098096483, 0.035281320131907316, 0.007937377399412821, 0.005611020858532697, 0.00828401109934438, 0.010209602818145706, 0.0063471731136994685, 0.012922879127452094, 0.009591312129786117, 0.0008144535417758428, 0.013074492442427728, 0.006003672506812117, 0.006975175128517912, 0.011884361325852036, 0.006361891005434219, 0.003818964484039748, 0.007773739031157203]}, {'overall_acc': 0.8179933665008292, 'bal_acc': 0.6516363457064167, 'avg_odds_diff': 0.14194161950965672, 'disp_imp': 0.8414120326437654, 'stat_par_diff': 0.015420957442881925, 'eq_opp_diff': 0.27554414147678397, 'theil_ind': 0.19129327035790974, 'TPR': 0.32002218524681086, 'TNR': 0.9832505061660225, 'FPR': 0.016749493833977544, 'FNR': 0.6799778147531891, 'GTPR': 1.0, 'GTNR': 1.0, 'GFPR': 0.0, 'GFNR': 0.0, 'PPV': 0.8637724550898204, 'NPV': 0.8133373934226553, 'FDR': 0.13622754491017963, 'FOR': 0.1866626065773447, 'ACC': 0.8179933665008292, 'MCC': 0.45315441754496266, 'f1_score': 0.4670174018615945, 'fitness': 0.6760517469911724, 'solution': {'corr_type': 'spearman', 'l2': 0.0001, 'dropout': 0.19695051644901465, 'privileged_demotion': 0.6450663282253086, 'privileged_promotion': 0.04141688349516476, 'protected_demotion': 0.3547581587769567, 'protected_promotion': 0.43448925841946895}, 'corr': [0.08878561034712386, 0.0004271080272228362, 1.0, 0.06549862377763126, 0.04161862285116001, 0.26873187584540986, 0.0007877300035752458, 0.04408684881510212, 0.060248997881708365, 0.08432743080064875, 0.10114890341798197, 0.031584910320330464, 0.0022040238263125, 0.0017075065134908626, 0.00803790170824407, 0.0023760632167443988, 0.011869875565881304, 0.018861314697033026, 0.021411925962376236, 0.01178786981084217, 0.025781028676640377, 0.006364943903368105, 0.0185545685753383, 0.027340467290208403, 0.015438568902299695, 0.00733511519605052, 0.005752258205748117, 0.045609401523734244, 0.06087437381174177, 0.24795938841648302, 0.01839947598068323, 0.44044585558685373, 0.046784012630782204, 0.17025436322424725, 0.10588843788906925, 0.17926594771881163, 0.27638074684925146, 0.011556536621839274, 0.22626282780455154, 0.031142655713223506, 0.10396378473651503, 0.09541888918633287, 0.03665956466321101, 0.16726192329807207, 0.09686250477717578, 0.0319426687798517, 0.06158250905789413, 0.02603674137234539, 0.02653351190557764, 0.1350890718319676, 0.5839018680096824, 0.17101890857190694, 0.05083664132400642, 0.0997255837498176, 0.3320543132867076, 0.31616818175396816, 0.010398513965417447, 0.0074042648527431545, 0.10989335810093077, 0.012235891916561563, 0.10226428315735513, 0.005230069554077198, 0.00027508944698537754, 0.006034653792840116, 0.008591967292247336, 0.003654543412302158, 0.013752628135849751, 0.0012816539446870152, 0.004589591325486973, 0.0027500603786986375, 0.002913003465896708, 0.010252059431871364, 0.009811218479855994, 0.00404991251567519, 0.0012696765975905662, 0.008458070420794453, 0.0010194550072192222, 0.006850027526656581, 0.003953534547690338, 0.02954722823461106, 0.011454678919282828, 0.004247693480882463, 0.0082816218530498, 0.027332298100405106, 0.0007610812045552791, 0.008650835098096483, 0.035281320131907316, 0.007937377399412821, 0.005611020858532697, 0.00828401109934438, 0.010209602818145706, 0.0063471731136994685, 0.012922879127452094, 0.009591312129786117, 0.0008144535417758428, 0.013074492442427728, 0.006003672506812117, 0.006975175128517912, 0.011884361325852036, 0.006361891005434219, 0.003818964484039748, 0.007773739031157203]}, {'overall_acc': 0.8312603648424544, 'bal_acc': 0.7043838831715837, 'avg_odds_diff': 0.02859111507228237, 'disp_imp': 0.38225742690229725, 'stat_par_diff': 0.1112337925979826, 'eq_opp_diff': 0.018347270290275497, 'theil_ind': 0.1601428117012549, 'TPR': 0.4514697726012202, 'TNR': 0.9572979937419474, 'FPR': 0.04270200625805264, 'FNR': 0.5485302273987798, 'GTPR': 1.0, 'GTNR': 1.0, 'GFPR': 0.0, 'GFNR': 0.0, 'PPV': 0.7782026768642447, 'NPV': 0.8402261712439418, 'FDR': 0.22179732313575526, 'FOR': 0.15977382875605817, 'ACC': 0.8312603648424544, 'MCC': 0.5027860169926779, 'f1_score': 0.5714285714285714, 'fitness': 0.802669249770172, 'solution': {'corr_type': 'spearman', 'l2': 0.01, 'dropout': 0.19747528388284782, 'privileged_demotion': 0.6344221184077465, 'privileged_promotion': 0.26434444990163497, 'protected_demotion': 0.5608381680592944, 'protected_promotion': 0.36100130460135177}, 'corr': [0.08878561034712386, 0.0004271080272228362, 1.0, 0.06549862377763126, 0.04161862285116001, 0.26873187584540986, 0.0007877300035752458, 0.04408684881510212, 0.060248997881708365, 0.08432743080064875, 0.10114890341798197, 0.031584910320330464, 0.0022040238263125, 0.0017075065134908626, 0.00803790170824407, 0.0023760632167443988, 0.011869875565881304, 0.018861314697033026, 0.021411925962376236, 0.01178786981084217, 0.025781028676640377, 0.006364943903368105, 0.0185545685753383, 0.027340467290208403, 0.015438568902299695, 0.00733511519605052, 0.005752258205748117, 0.045609401523734244, 0.06087437381174177, 0.24795938841648302, 0.01839947598068323, 0.44044585558685373, 0.046784012630782204, 0.17025436322424725, 0.10588843788906925, 0.17926594771881163, 0.27638074684925146, 0.011556536621839274, 0.22626282780455154, 0.031142655713223506, 0.10396378473651503, 0.09541888918633287, 0.03665956466321101, 0.16726192329807207, 0.09686250477717578, 0.0319426687798517, 0.06158250905789413, 0.02603674137234539, 0.02653351190557764, 0.1350890718319676, 0.5839018680096824, 0.17101890857190694, 0.05083664132400642, 0.0997255837498176, 0.3320543132867076, 0.31616818175396816, 0.010398513965417447, 0.0074042648527431545, 0.10989335810093077, 0.012235891916561563, 0.10226428315735513, 0.005230069554077198, 0.00027508944698537754, 0.006034653792840116, 0.008591967292247336, 0.003654543412302158, 0.013752628135849751, 0.0012816539446870152, 0.004589591325486973, 0.0027500603786986375, 0.002913003465896708, 0.010252059431871364, 0.009811218479855994, 0.00404991251567519, 0.0012696765975905662, 0.008458070420794453, 0.0010194550072192222, 0.006850027526656581, 0.003953534547690338, 0.02954722823461106, 0.011454678919282828, 0.004247693480882463, 0.0082816218530498, 0.027332298100405106, 0.0007610812045552791, 0.008650835098096483, 0.035281320131907316, 0.007937377399412821, 0.005611020858532697, 0.00828401109934438, 0.010209602818145706, 0.0063471731136994685, 0.012922879127452094, 0.009591312129786117, 0.0008144535417758428, 0.013074492442427728, 0.006003672506812117, 0.006975175128517912, 0.011884361325852036, 0.006361891005434219, 0.003818964484039748, 0.007773739031157203]}, {'overall_acc': 0.5521006080707573, 'bal_acc': 0.4554858719117441, 'avg_odds_diff': 0.4652436394820212, 'disp_imp': 9.405100568365873, 'stat_par_diff': 0.7524663724420119, 'eq_opp_diff': 0.031155600456118593, 'theil_ind': 0.2615059920677699, 'TPR': 0.2628951747088186, 'TNR': 0.6480765691146696, 'FPR': 0.3519234308853304, 'FNR': 0.7371048252911814, 'GTPR': 1.0, 'GTNR': 1.0, 'GFPR': 0.0, 'GFNR': 0.0, 'PPV': 0.19865884325230512, 'NPV': 0.725979381443299, 'FDR': 0.8013411567476949, 'FOR': 0.274020618556701, 'ACC': 0.5521006080707573, 'MCC': -0.08191048429667885, 'f1_score': 0.22630699450942948, 'fitness': 0.08685696858873615, 'solution': {'corr_type': 'spearman', 'l2': 0.0001, 'dropout': 0.18917180972647346, 'privileged_demotion': 0.6535986672678791, 'privileged_promotion': 0.04594803921938509, 'protected_demotion': 0.36761570353851813, 'protected_promotion': 0.8968251894399408}, 'corr': [0.08878561034712386, 0.0004271080272228362, 1.0, 0.06549862377763126, 0.04161862285116001, 0.26873187584540986, 0.0007877300035752458, 0.04408684881510212, 0.060248997881708365, 0.08432743080064875, 0.10114890341798197, 0.031584910320330464, 0.0022040238263125, 0.0017075065134908626, 0.00803790170824407, 0.0023760632167443988, 0.011869875565881304, 0.018861314697033026, 0.021411925962376236, 0.01178786981084217, 0.025781028676640377, 0.006364943903368105, 0.0185545685753383, 0.027340467290208403, 0.015438568902299695, 0.00733511519605052, 0.005752258205748117, 0.045609401523734244, 0.06087437381174177, 0.24795938841648302, 0.01839947598068323, 0.44044585558685373, 0.046784012630782204, 0.17025436322424725, 0.10588843788906925, 0.17926594771881163, 0.27638074684925146, 0.011556536621839274, 0.22626282780455154, 0.031142655713223506, 0.10396378473651503, 0.09541888918633287, 0.03665956466321101, 0.16726192329807207, 0.09686250477717578, 0.0319426687798517, 0.06158250905789413, 0.02603674137234539, 0.02653351190557764, 0.1350890718319676, 0.5839018680096824, 0.17101890857190694, 0.05083664132400642, 0.0997255837498176, 0.3320543132867076, 0.31616818175396816, 0.010398513965417447, 0.0074042648527431545, 0.10989335810093077, 0.012235891916561563, 0.10226428315735513, 0.005230069554077198, 0.00027508944698537754, 0.006034653792840116, 0.008591967292247336, 0.003654543412302158, 0.013752628135849751, 0.0012816539446870152, 0.004589591325486973, 0.0027500603786986375, 0.002913003465896708, 0.010252059431871364, 0.009811218479855994, 0.00404991251567519, 0.0012696765975905662, 0.008458070420794453, 0.0010194550072192222, 0.006850027526656581, 0.003953534547690338, 0.02954722823461106, 0.011454678919282828, 0.004247693480882463, 0.0082816218530498, 0.027332298100405106, 0.0007610812045552791, 0.008650835098096483, 0.035281320131907316, 0.007937377399412821, 0.005611020858532697, 0.00828401109934438, 0.010209602818145706, 0.0063471731136994685, 0.012922879127452094, 0.009591312129786117, 0.0008144535417758428, 0.013074492442427728, 0.006003672506812117, 0.006975175128517912, 0.011884361325852036, 0.006361891005434219, 0.003818964484039748, 0.007773739031157203]}, {'overall_acc': 0.49502487562189057, 'bal_acc': 0.34781009502231536, 'avg_odds_diff': 0.6635400200570556, 'disp_imp': 2180.448051948052, 'stat_par_diff': 0.8848753763491888, 'eq_opp_diff': 0.3783783783783784, 'theil_ind': 0.32805071001493386, 'TPR': 0.05435385468663339, 'TNR': 0.6412663353579974, 'FPR': 0.35873366464200257, 'FNR': 0.9456461453133667, 'GTPR': 1.0, 'GTNR': 1.0, 'GFPR': 0.0, 'GFNR': 0.0, 'PPV': 0.04787493893502687, 'NPV': 0.6714203121988822, 'FDR': 0.9521250610649731, 'FOR': 0.32857968780111774, 'ACC': 0.49502487562189057, 'MCC': -0.29230268235756984, 'f1_score': 0.050909090909090904, 'fitness': -0.16851514443516502, 'solution': {'corr_type': 'spearman', 'l2': 0.0001, 'dropout': 0.1829053959363023, 'privileged_demotion': 0.7017875738438044, 'privileged_promotion': 0.24361657878535198, 'protected_demotion': 0.5924405677165081, 'protected_promotion': 0.8352183399467944}, 'corr': [0.08878561034712386, 0.0004271080272228362, 1.0, 0.06549862377763126, 0.04161862285116001, 0.26873187584540986, 0.0007877300035752458, 0.04408684881510212, 0.060248997881708365, 0.08432743080064875, 0.10114890341798197, 0.031584910320330464, 0.0022040238263125, 0.0017075065134908626, 0.00803790170824407, 0.0023760632167443988, 0.011869875565881304, 0.018861314697033026, 0.021411925962376236, 0.01178786981084217, 0.025781028676640377, 0.006364943903368105, 0.0185545685753383, 0.027340467290208403, 0.015438568902299695, 0.00733511519605052, 0.005752258205748117, 0.045609401523734244, 0.06087437381174177, 0.24795938841648302, 0.01839947598068323, 0.44044585558685373, 0.046784012630782204, 0.17025436322424725, 0.10588843788906925, 0.17926594771881163, 0.27638074684925146, 0.011556536621839274, 0.22626282780455154, 0.031142655713223506, 0.10396378473651503, 0.09541888918633287, 0.03665956466321101, 0.16726192329807207, 0.09686250477717578, 0.0319426687798517, 0.06158250905789413, 0.02603674137234539, 0.02653351190557764, 0.1350890718319676, 0.5839018680096824, 0.17101890857190694, 0.05083664132400642, 0.0997255837498176, 0.3320543132867076, 0.31616818175396816, 0.010398513965417447, 0.0074042648527431545, 0.10989335810093077, 0.012235891916561563, 0.10226428315735513, 0.005230069554077198, 0.00027508944698537754, 0.006034653792840116, 0.008591967292247336, 0.003654543412302158, 0.013752628135849751, 0.0012816539446870152, 0.004589591325486973, 0.0027500603786986375, 0.002913003465896708, 0.010252059431871364, 0.009811218479855994, 0.00404991251567519, 0.0012696765975905662, 0.008458070420794453, 0.0010194550072192222, 0.006850027526656581, 0.003953534547690338, 0.02954722823461106, 0.011454678919282828, 0.004247693480882463, 0.0082816218530498, 0.027332298100405106, 0.0007610812045552791, 0.008650835098096483, 0.035281320131907316, 0.007937377399412821, 0.005611020858532697, 0.00828401109934438, 0.010209602818145706, 0.0063471731136994685, 0.012922879127452094, 0.009591312129786117, 0.0008144535417758428, 0.013074492442427728, 0.006003672506812117, 0.006975175128517912, 0.011884361325852036, 0.006361891005434219, 0.003818964484039748, 0.007773739031157203]}, {'overall_acc': 0.5708955223880597, 'bal_acc': 0.5378545727058375, 'avg_odds_diff': 0.787335945510943, 'disp_imp': 6.9026981481142275, 'stat_par_diff': 0.8495763270428314, 'eq_opp_diff': 0.616580310880829, 'theil_ind': 0.20020398160535194, 'TPR': 0.4719911259012757, 'TNR': 0.6037180195103994, 'FPR': 0.3962819804896006, 'FNR': 0.5280088740987243, 'GTPR': 1.0, 'GTNR': 1.0, 'GFPR': 0.0, 'GFNR': 0.0, 'PPV': 0.283288948069241, 'NPV': 0.775047258979206, 'FDR': 0.716711051930759, 'FOR': 0.22495274102079396, 'ACC': 0.5708955223880597, 'MCC': 0.06645738771721665, 'f1_score': 0.35406698564593303, 'fitness': -0.21644042312288325, 'solution': {'corr_type': 'spearman', 'l2': 0.0001, 'dropout': 0.19697883452243634, 'privileged_demotion': 0.6351323266030646, 'privileged_promotion': 0.26073995878305095, 'protected_demotion': 0.5844957589516253, 'protected_promotion': 0.4769080658820095}, 'corr': [0.08878561034712386, 0.0004271080272228362, 1.0, 0.06549862377763126, 0.04161862285116001, 0.26873187584540986, 0.0007877300035752458, 0.04408684881510212, 0.060248997881708365, 0.08432743080064875, 0.10114890341798197, 0.031584910320330464, 0.0022040238263125, 0.0017075065134908626, 0.00803790170824407, 0.0023760632167443988, 0.011869875565881304, 0.018861314697033026, 0.021411925962376236, 0.01178786981084217, 0.025781028676640377, 0.006364943903368105, 0.0185545685753383, 0.027340467290208403, 0.015438568902299695, 0.00733511519605052, 0.005752258205748117, 0.045609401523734244, 0.06087437381174177, 0.24795938841648302, 0.01839947598068323, 0.44044585558685373, 0.046784012630782204, 0.17025436322424725, 0.10588843788906925, 0.17926594771881163, 0.27638074684925146, 0.011556536621839274, 0.22626282780455154, 0.031142655713223506, 0.10396378473651503, 0.09541888918633287, 0.03665956466321101, 0.16726192329807207, 0.09686250477717578, 0.0319426687798517, 0.06158250905789413, 0.02603674137234539, 0.02653351190557764, 0.1350890718319676, 0.5839018680096824, 0.17101890857190694, 0.05083664132400642, 0.0997255837498176, 0.3320543132867076, 0.31616818175396816, 0.010398513965417447, 0.0074042648527431545, 0.10989335810093077, 0.012235891916561563, 0.10226428315735513, 0.005230069554077198, 0.00027508944698537754, 0.006034653792840116, 0.008591967292247336, 0.003654543412302158, 0.013752628135849751, 0.0012816539446870152, 0.004589591325486973, 0.0027500603786986375, 0.002913003465896708, 0.010252059431871364, 0.009811218479855994, 0.00404991251567519, 0.0012696765975905662, 0.008458070420794453, 0.0010194550072192222, 0.006850027526656581, 0.003953534547690338, 0.02954722823461106, 0.011454678919282828, 0.004247693480882463, 0.0082816218530498, 0.027332298100405106, 0.0007610812045552791, 0.008650835098096483, 0.035281320131907316, 0.007937377399412821, 0.005611020858532697, 0.00828401109934438, 0.010209602818145706, 0.0063471731136994685, 0.012922879127452094, 0.009591312129786117, 0.0008144535417758428, 0.013074492442427728, 0.006003672506812117, 0.006975175128517912, 0.011884361325852036, 0.006361891005434219, 0.003818964484039748, 0.007773739031157203]}, {'overall_acc': 0.5772526257600884, 'bal_acc': 0.5231888505353217, 'avg_odds_diff': 0.430080027090863, 'disp_imp': 5.226950493115906, 'stat_par_diff': 0.6847556828068398, 'eq_opp_diff': 0.006341648828695479, 'theil_ind': 0.21602515269332181, 'TPR': 0.4154187465335552, 'TNR': 0.6309589545370882, 'FPR': 0.36904104546291183, 'FNR': 0.5845812534664449, 'GTPR': 1.0, 'GTNR': 1.0, 'GFPR': 0.0, 'GFNR': 0.0, 'PPV': 0.2719680464778504, 'NPV': 0.7648371262829095, 'FDR': 0.7280319535221496, 'FOR': 0.23516287371709058, 'ACC': 0.5772526257600884, 'MCC': 0.041315121930739884, 'f1_score': 0.32872503840245776, 'fitness': 0.14717259866922539, 'solution': {'corr_type': 'spearman', 'l2': 0.0001, 'dropout': 0.19401460079353916, 'privileged_demotion': 0.660520794233161, 'privileged_promotion': 0.25942453314865443, 'protected_demotion': 0.5891529685373246, 'protected_promotion': 0.42949541887130815}, 'corr': [0.08878561034712386, 0.0004271080272228362, 1.0, 0.06549862377763126, 0.04161862285116001, 0.26873187584540986, 0.0007877300035752458, 0.04408684881510212, 0.060248997881708365, 0.08432743080064875, 0.10114890341798197, 0.031584910320330464, 0.0022040238263125, 0.0017075065134908626, 0.00803790170824407, 0.0023760632167443988, 0.011869875565881304, 0.018861314697033026, 0.021411925962376236, 0.01178786981084217, 0.025781028676640377, 0.006364943903368105, 0.0185545685753383, 0.027340467290208403, 0.015438568902299695, 0.00733511519605052, 0.005752258205748117, 0.045609401523734244, 0.06087437381174177, 0.24795938841648302, 0.01839947598068323, 0.44044585558685373, 0.046784012630782204, 0.17025436322424725, 0.10588843788906925, 0.17926594771881163, 0.27638074684925146, 0.011556536621839274, 0.22626282780455154, 0.031142655713223506, 0.10396378473651503, 0.09541888918633287, 0.03665956466321101, 0.16726192329807207, 0.09686250477717578, 0.0319426687798517, 0.06158250905789413, 0.02603674137234539, 0.02653351190557764, 0.1350890718319676, 0.5839018680096824, 0.17101890857190694, 0.05083664132400642, 0.0997255837498176, 0.3320543132867076, 0.31616818175396816, 0.010398513965417447, 0.0074042648527431545, 0.10989335810093077, 0.012235891916561563, 0.10226428315735513, 0.005230069554077198, 0.00027508944698537754, 0.006034653792840116, 0.008591967292247336, 0.003654543412302158, 0.013752628135849751, 0.0012816539446870152, 0.004589591325486973, 0.0027500603786986375, 0.002913003465896708, 0.010252059431871364, 0.009811218479855994, 0.00404991251567519, 0.0012696765975905662, 0.008458070420794453, 0.0010194550072192222, 0.006850027526656581, 0.003953534547690338, 0.02954722823461106, 0.011454678919282828, 0.004247693480882463, 0.0082816218530498, 0.027332298100405106, 0.0007610812045552791, 0.008650835098096483, 0.035281320131907316, 0.007937377399412821, 0.005611020858532697, 0.00828401109934438, 0.010209602818145706, 0.0063471731136994685, 0.012922879127452094, 0.009591312129786117, 0.0008144535417758428, 0.013074492442427728, 0.006003672506812117, 0.006975175128517912, 0.011884361325852036, 0.006361891005434219, 0.003818964484039748, 0.007773739031157203]}, {'overall_acc': 0.2023217247097844, 'bal_acc': 0.39505817808407545, 'avg_odds_diff': 0.14710559091066583, 'disp_imp': 0.9897781268407618, 'stat_par_diff': 0.009607647731886493, 'eq_opp_diff': 0.2787599775941745, 'theil_ind': 0.08670074525280937, 'TPR': 0.7792567942318358, 'TNR': 0.01085956193631511, 'FPR': 0.9891404380636849, 'FNR': 0.22074320576816417, 'GTPR': 1.0, 'GTNR': 1.0, 'GFPR': 0.0, 'GFNR': 0.0, 'PPV': 0.2072577076264936, 'NPV': 0.12910284463894967, 'FDR': 0.7927422923735065, 'FOR': 0.8708971553610503, 'ACC': 0.2023217247097844, 'MCC': -0.37321182387631385, 'f1_score': 0.3274295036122116, 'fitness': 0.05521613379911858, 'solution': {'corr_type': 'spearman', 'l2': 0.01, 'dropout': 0.1862767929070256, 'privileged_demotion': 0.8199868869467197, 'privileged_promotion': 0.1901898215539858, 'protected_demotion': 0.5919022019997295, 'protected_promotion': 0.5223648080933725}, 'corr': [0.08878561034712386, 0.0004271080272228362, 1.0, 0.06549862377763126, 0.04161862285116001, 0.26873187584540986, 0.0007877300035752458, 0.04408684881510212, 0.060248997881708365, 0.08432743080064875, 0.10114890341798197, 0.031584910320330464, 0.0022040238263125, 0.0017075065134908626, 0.00803790170824407, 0.0023760632167443988, 0.011869875565881304, 0.018861314697033026, 0.021411925962376236, 0.01178786981084217, 0.025781028676640377, 0.006364943903368105, 0.0185545685753383, 0.027340467290208403, 0.015438568902299695, 0.00733511519605052, 0.005752258205748117, 0.045609401523734244, 0.06087437381174177, 0.24795938841648302, 0.01839947598068323, 0.44044585558685373, 0.046784012630782204, 0.17025436322424725, 0.10588843788906925, 0.17926594771881163, 0.27638074684925146, 0.011556536621839274, 0.22626282780455154, 0.031142655713223506, 0.10396378473651503, 0.09541888918633287, 0.03665956466321101, 0.16726192329807207, 0.09686250477717578, 0.0319426687798517, 0.06158250905789413, 0.02603674137234539, 0.02653351190557764, 0.1350890718319676, 0.5839018680096824, 0.17101890857190694, 0.05083664132400642, 0.0997255837498176, 0.3320543132867076, 0.31616818175396816, 0.010398513965417447, 0.0074042648527431545, 0.10989335810093077, 0.012235891916561563, 0.10226428315735513, 0.005230069554077198, 0.00027508944698537754, 0.006034653792840116, 0.008591967292247336, 0.003654543412302158, 0.013752628135849751, 0.0012816539446870152, 0.004589591325486973, 0.0027500603786986375, 0.002913003465896708, 0.010252059431871364, 0.009811218479855994, 0.00404991251567519, 0.0012696765975905662, 0.008458070420794453, 0.0010194550072192222, 0.006850027526656581, 0.003953534547690338, 0.02954722823461106, 0.011454678919282828, 0.004247693480882463, 0.0082816218530498, 0.027332298100405106, 0.0007610812045552791, 0.008650835098096483, 0.035281320131907316, 0.007937377399412821, 0.005611020858532697, 0.00828401109934438, 0.010209602818145706, 0.0063471731136994685, 0.012922879127452094, 0.009591312129786117, 0.0008144535417758428, 0.013074492442427728, 0.006003672506812117, 0.006975175128517912, 0.011884361325852036, 0.006361891005434219, 0.003818964484039748, 0.007773739031157203]}, {'overall_acc': 0.48369264787175237, 'bal_acc': 0.35249245612793945, 'avg_odds_diff': 0.7400325385403695, 'disp_imp': 41.69943329397875, 'stat_par_diff': 0.9088383398980232, 'eq_opp_diff': 0.5249964990897633, 'theil_ind': 0.3164623453797597, 'TPR': 0.09095951192457016, 'TNR': 0.6140254003313087, 'FPR': 0.38597459966869135, 'FNR': 0.9090404880754298, 'GTPR': 1.0, 'GTNR': 1.0, 'GFPR': 0.0, 'GFNR': 0.0, 'PPV': 0.0725342768686422, 'NPV': 0.6705527638190955, 'FDR': 0.9274657231313578, 'FOR': 0.32944723618090455, 'ACC': 0.48369264787175237, 'MCC': -0.275305646934655, 'f1_score': 0.08070866141732284, 'fitness': -0.2563398906686172, 'solution': {'corr_type': 'spearman', 'l2': 0.01, 'dropout': 0.17122666244836293, 'privileged_demotion': 0.7955757024461649, 'privileged_promotion': 0.18269092669614576, 'protected_demotion': 0.7074471643697274, 'protected_promotion': 0.5507942821104291}, 'corr': [0.08878561034712386, 0.0004271080272228362, 1.0, 0.06549862377763126, 0.04161862285116001, 0.26873187584540986, 0.0007877300035752458, 0.04408684881510212, 0.060248997881708365, 0.08432743080064875, 0.10114890341798197, 0.031584910320330464, 0.0022040238263125, 0.0017075065134908626, 0.00803790170824407, 0.0023760632167443988, 0.011869875565881304, 0.018861314697033026, 0.021411925962376236, 0.01178786981084217, 0.025781028676640377, 0.006364943903368105, 0.0185545685753383, 0.027340467290208403, 0.015438568902299695, 0.00733511519605052, 0.005752258205748117, 0.045609401523734244, 0.06087437381174177, 0.24795938841648302, 0.01839947598068323, 0.44044585558685373, 0.046784012630782204, 0.17025436322424725, 0.10588843788906925, 0.17926594771881163, 0.27638074684925146, 0.011556536621839274, 0.22626282780455154, 0.031142655713223506, 0.10396378473651503, 0.09541888918633287, 0.03665956466321101, 0.16726192329807207, 0.09686250477717578, 0.0319426687798517, 0.06158250905789413, 0.02603674137234539, 0.02653351190557764, 0.1350890718319676, 0.5839018680096824, 0.17101890857190694, 0.05083664132400642, 0.0997255837498176, 0.3320543132867076, 0.31616818175396816, 0.010398513965417447, 0.0074042648527431545, 0.10989335810093077, 0.012235891916561563, 0.10226428315735513, 0.005230069554077198, 0.00027508944698537754, 0.006034653792840116, 0.008591967292247336, 0.003654543412302158, 0.013752628135849751, 0.0012816539446870152, 0.004589591325486973, 0.0027500603786986375, 0.002913003465896708, 0.010252059431871364, 0.009811218479855994, 0.00404991251567519, 0.0012696765975905662, 0.008458070420794453, 0.0010194550072192222, 0.006850027526656581, 0.003953534547690338, 0.02954722823461106, 0.011454678919282828, 0.004247693480882463, 0.0082816218530498, 0.027332298100405106, 0.0007610812045552791, 0.008650835098096483, 0.035281320131907316, 0.007937377399412821, 0.005611020858532697, 0.00828401109934438, 0.010209602818145706, 0.0063471731136994685, 0.012922879127452094, 0.009591312129786117, 0.0008144535417758428, 0.013074492442427728, 0.006003672506812117, 0.006975175128517912, 0.011884361325852036, 0.006361891005434219, 0.003818964484039748, 0.007773739031157203]}, {'overall_acc': 0.8173023770038695, 'bal_acc': 0.6495086261837976, 'avg_odds_diff': 0.0730904943487332, 'disp_imp': 0.5796999117387467, 'stat_par_diff': 0.043941239434540286, 'eq_opp_diff': 0.14160431712245186, 'theil_ind': 0.1925596581131895, 'TPR': 0.31503050471436495, 'TNR': 0.9839867476532302, 'FPR': 0.01601325234676974, 'FNR': 0.684969495285635, 'GTPR': 1.0, 'GTNR': 1.0, 'GFPR': 0.0, 'GFNR': 0.0, 'PPV': 0.867175572519084, 'NPV': 0.8123385503722839, 'FDR': 0.13282442748091602, 'FOR': 0.18766144962771616, 'ACC': 0.8173023770038695, 'MCC': 0.4507620724639033, 'f1_score': 0.4621643612693247, 'fitness': 0.7442118826551364, 'solution': {'corr_type': 'spearman', 'l2': 0.01, 'dropout': 0.17252492755773421, 'privileged_demotion': 0.7130788100272163, 'privileged_promotion': 0.15762916375240318, 'protected_demotion': 0.44516590992604993, 'protected_promotion': 0.1548733492948684}, 'corr': [0.08878561034712386, 0.0004271080272228362, 1.0, 0.06549862377763126, 0.04161862285116001, 0.26873187584540986, 0.0007877300035752458, 0.04408684881510212, 0.060248997881708365, 0.08432743080064875, 0.10114890341798197, 0.031584910320330464, 0.0022040238263125, 0.0017075065134908626, 0.00803790170824407, 0.0023760632167443988, 0.011869875565881304, 0.018861314697033026, 0.021411925962376236, 0.01178786981084217, 0.025781028676640377, 0.006364943903368105, 0.0185545685753383, 0.027340467290208403, 0.015438568902299695, 0.00733511519605052, 0.005752258205748117, 0.045609401523734244, 0.06087437381174177, 0.24795938841648302, 0.01839947598068323, 0.44044585558685373, 0.046784012630782204, 0.17025436322424725, 0.10588843788906925, 0.17926594771881163, 0.27638074684925146, 0.011556536621839274, 0.22626282780455154, 0.031142655713223506, 0.10396378473651503, 0.09541888918633287, 0.03665956466321101, 0.16726192329807207, 0.09686250477717578, 0.0319426687798517, 0.06158250905789413, 0.02603674137234539, 0.02653351190557764, 0.1350890718319676, 0.5839018680096824, 0.17101890857190694, 0.05083664132400642, 0.0997255837498176, 0.3320543132867076, 0.31616818175396816, 0.010398513965417447, 0.0074042648527431545, 0.10989335810093077, 0.012235891916561563, 0.10226428315735513, 0.005230069554077198, 0.00027508944698537754, 0.006034653792840116, 0.008591967292247336, 0.003654543412302158, 0.013752628135849751, 0.0012816539446870152, 0.004589591325486973, 0.0027500603786986375, 0.002913003465896708, 0.010252059431871364, 0.009811218479855994, 0.00404991251567519, 0.0012696765975905662, 0.008458070420794453, 0.0010194550072192222, 0.006850027526656581, 0.003953534547690338, 0.02954722823461106, 0.011454678919282828, 0.004247693480882463, 0.0082816218530498, 0.027332298100405106, 0.0007610812045552791, 0.008650835098096483, 0.035281320131907316, 0.007937377399412821, 0.005611020858532697, 0.00828401109934438, 0.010209602818145706, 0.0063471731136994685, 0.012922879127452094, 0.009591312129786117, 0.0008144535417758428, 0.013074492442427728, 0.006003672506812117, 0.006975175128517912, 0.011884361325852036, 0.006361891005434219, 0.003818964484039748, 0.007773739031157203]}, {'overall_acc': 0.4621337755666114, 'bal_acc': 0.5452848234720157, 'avg_odds_diff': 0.9023628859266241, 'disp_imp': 0.008743392990263945, 'stat_par_diff': 0.9324975876742015, 'eq_opp_diff': 0.821293536319443, 'theil_ind': 0.13125539074894454, 'TPR': 0.7110371602884082, 'TNR': 0.37953248665562306, 'FPR': 0.620467513344377, 'FNR': 0.2889628397115918, 'GTPR': 1.0, 'GTNR': 1.0, 'GFPR': 0.0, 'GFNR': 0.0, 'PPV': 0.2755211691381904, 'NPV': 0.7982965543941154, 'FDR': 0.7244788308618095, 'FOR': 0.20170344560588463, 'ACC': 0.4621337755666114, 'MCC': 0.08176579455085753, 'f1_score': 0.39714993804213133, 'fitness': -0.44022911036001267, 'solution': {'corr_type': 'spearman', 'l2': 0.01, 'dropout': 0.17342375004432406, 'privileged_demotion': 0.8862814461674591, 'privileged_promotion': 0.189144688846859, 'protected_demotion': 0.6914372463210772, 'protected_promotion': 0.16025977239492595}, 'corr': [0.08878561034712386, 0.0004271080272228362, 1.0, 0.06549862377763126, 0.04161862285116001, 0.26873187584540986, 0.0007877300035752458, 0.04408684881510212, 0.060248997881708365, 0.08432743080064875, 0.10114890341798197, 0.031584910320330464, 0.0022040238263125, 0.0017075065134908626, 0.00803790170824407, 0.0023760632167443988, 0.011869875565881304, 0.018861314697033026, 0.021411925962376236, 0.01178786981084217, 0.025781028676640377, 0.006364943903368105, 0.0185545685753383, 0.027340467290208403, 0.015438568902299695, 0.00733511519605052, 0.005752258205748117, 0.045609401523734244, 0.06087437381174177, 0.24795938841648302, 0.01839947598068323, 0.44044585558685373, 0.046784012630782204, 0.17025436322424725, 0.10588843788906925, 0.17926594771881163, 0.27638074684925146, 0.011556536621839274, 0.22626282780455154, 0.031142655713223506, 0.10396378473651503, 0.09541888918633287, 0.03665956466321101, 0.16726192329807207, 0.09686250477717578, 0.0319426687798517, 0.06158250905789413, 0.02603674137234539, 0.02653351190557764, 0.1350890718319676, 0.5839018680096824, 0.17101890857190694, 0.05083664132400642, 0.0997255837498176, 0.3320543132867076, 0.31616818175396816, 0.010398513965417447, 0.0074042648527431545, 0.10989335810093077, 0.012235891916561563, 0.10226428315735513, 0.005230069554077198, 0.00027508944698537754, 0.006034653792840116, 0.008591967292247336, 0.003654543412302158, 0.013752628135849751, 0.0012816539446870152, 0.004589591325486973, 0.0027500603786986375, 0.002913003465896708, 0.010252059431871364, 0.009811218479855994, 0.00404991251567519, 0.0012696765975905662, 0.008458070420794453, 0.0010194550072192222, 0.006850027526656581, 0.003953534547690338, 0.02954722823461106, 0.011454678919282828, 0.004247693480882463, 0.0082816218530498, 0.027332298100405106, 0.0007610812045552791, 0.008650835098096483, 0.035281320131907316, 0.007937377399412821, 0.005611020858532697, 0.00828401109934438, 0.010209602818145706, 0.0063471731136994685, 0.012922879127452094, 0.009591312129786117, 0.0008144535417758428, 0.013074492442427728, 0.006003672506812117, 0.006975175128517912, 0.011884361325852036, 0.006361891005434219, 0.003818964484039748, 0.007773739031157203]}, {'overall_acc': 0.49654505251520176, 'bal_acc': 0.35697498463356214, 'avg_odds_diff': 0.7215470128781298, 'disp_imp': 114.00499500499502, 'stat_par_diff': 0.8946802284195707, 'eq_opp_diff': 0.49866715345989954, 'theil_ind': 0.32018240161351086, 'TPR': 0.07875762617859124, 'TNR': 0.635192343088533, 'FPR': 0.36480765691146694, 'FNR': 0.9212423738214087, 'GTPR': 1.0, 'GTNR': 1.0, 'GFPR': 0.0, 'GFNR': 0.0, 'PPV': 0.06685499058380415, 'NPV': 0.6750782472613458, 'FDR': 0.9331450094161958, 'FOR': 0.32492175273865415, 'ACC': 0.49654505251520176, 'MCC': -0.2716983718124357, 'f1_score': 0.07231983702571938, 'fitness': -0.22500196036292808, 'solution': {'corr_type': 'spearman', 'l2': 0.01, 'dropout': 0.18782102597837563, 'privileged_demotion': 0.7095130292204628, 'privileged_promotion': 0.18718321710211805, 'protected_demotion': 0.5873317572053864, 'protected_promotion': 0.5404473369030431}, 'corr': [0.08878561034712386, 0.0004271080272228362, 1.0, 0.06549862377763126, 0.04161862285116001, 0.26873187584540986, 0.0007877300035752458, 0.04408684881510212, 0.060248997881708365, 0.08432743080064875, 0.10114890341798197, 0.031584910320330464, 0.0022040238263125, 0.0017075065134908626, 0.00803790170824407, 0.0023760632167443988, 0.011869875565881304, 0.018861314697033026, 0.021411925962376236, 0.01178786981084217, 0.025781028676640377, 0.006364943903368105, 0.0185545685753383, 0.027340467290208403, 0.015438568902299695, 0.00733511519605052, 0.005752258205748117, 0.045609401523734244, 0.06087437381174177, 0.24795938841648302, 0.01839947598068323, 0.44044585558685373, 0.046784012630782204, 0.17025436322424725, 0.10588843788906925, 0.17926594771881163, 0.27638074684925146, 0.011556536621839274, 0.22626282780455154, 0.031142655713223506, 0.10396378473651503, 0.09541888918633287, 0.03665956466321101, 0.16726192329807207, 0.09686250477717578, 0.0319426687798517, 0.06158250905789413, 0.02603674137234539, 0.02653351190557764, 0.1350890718319676, 0.5839018680096824, 0.17101890857190694, 0.05083664132400642, 0.0997255837498176, 0.3320543132867076, 0.31616818175396816, 0.010398513965417447, 0.0074042648527431545, 0.10989335810093077, 0.012235891916561563, 0.10226428315735513, 0.005230069554077198, 0.00027508944698537754, 0.006034653792840116, 0.008591967292247336, 0.003654543412302158, 0.013752628135849751, 0.0012816539446870152, 0.004589591325486973, 0.0027500603786986375, 0.002913003465896708, 0.010252059431871364, 0.009811218479855994, 0.00404991251567519, 0.0012696765975905662, 0.008458070420794453, 0.0010194550072192222, 0.006850027526656581, 0.003953534547690338, 0.02954722823461106, 0.011454678919282828, 0.004247693480882463, 0.0082816218530498, 0.027332298100405106, 0.0007610812045552791, 0.008650835098096483, 0.035281320131907316, 0.007937377399412821, 0.005611020858532697, 0.00828401109934438, 0.010209602818145706, 0.0063471731136994685, 0.012922879127452094, 0.009591312129786117, 0.0008144535417758428, 0.013074492442427728, 0.006003672506812117, 0.006975175128517912, 0.011884361325852036, 0.006361891005434219, 0.003818964484039748, 0.007773739031157203]}, {'overall_acc': 0.48521282476506356, 'bal_acc': 0.3586927793514276, 'avg_odds_diff': 0.7702048006866351, 'disp_imp': 34.56507075014538, 'stat_par_diff': 0.9130571418025741, 'eq_opp_diff': 0.588017884650009, 'theil_ind': 0.31147889890094155, 'TPR': 0.1064891846921797, 'TNR': 0.6108963740106755, 'FPR': 0.3891036259893245, 'FNR': 0.8935108153078203, 'GTPR': 1.0, 'GTNR': 1.0, 'GFPR': 0.0, 'GFNR': 0.0, 'PPV': 0.08326105810928014, 'NPV': 0.6732251521298175, 'FDR': 0.9167389418907199, 'FOR': 0.32677484787018257, 'ACC': 0.48521282476506356, 'MCC': -0.2623366418200626, 'f1_score': 0.09345339498661474, 'fitness': -0.28499197592157155, 'solution': {'corr_type': 'spearman', 'l2': 0.01, 'dropout': 0.09412908367835143, 'privileged_demotion': 0.7999979293083069, 'privileged_promotion': 0.17472276682345894, 'protected_demotion': 0.7584823045484987, 'protected_promotion': 0.3897495206807031}, 'corr': [0.08878561034712386, 0.0004271080272228362, 1.0, 0.06549862377763126, 0.04161862285116001, 0.26873187584540986, 0.0007877300035752458, 0.04408684881510212, 0.060248997881708365, 0.08432743080064875, 0.10114890341798197, 0.031584910320330464, 0.0022040238263125, 0.0017075065134908626, 0.00803790170824407, 0.0023760632167443988, 0.011869875565881304, 0.018861314697033026, 0.021411925962376236, 0.01178786981084217, 0.025781028676640377, 0.006364943903368105, 0.0185545685753383, 0.027340467290208403, 0.015438568902299695, 0.00733511519605052, 0.005752258205748117, 0.045609401523734244, 0.06087437381174177, 0.24795938841648302, 0.01839947598068323, 0.44044585558685373, 0.046784012630782204, 0.17025436322424725, 0.10588843788906925, 0.17926594771881163, 0.27638074684925146, 0.011556536621839274, 0.22626282780455154, 0.031142655713223506, 0.10396378473651503, 0.09541888918633287, 0.03665956466321101, 0.16726192329807207, 0.09686250477717578, 0.0319426687798517, 0.06158250905789413, 0.02603674137234539, 0.02653351190557764, 0.1350890718319676, 0.5839018680096824, 0.17101890857190694, 0.05083664132400642, 0.0997255837498176, 0.3320543132867076, 0.31616818175396816, 0.010398513965417447, 0.0074042648527431545, 0.10989335810093077, 0.012235891916561563, 0.10226428315735513, 0.005230069554077198, 0.00027508944698537754, 0.006034653792840116, 0.008591967292247336, 0.003654543412302158, 0.013752628135849751, 0.0012816539446870152, 0.004589591325486973, 0.0027500603786986375, 0.002913003465896708, 0.010252059431871364, 0.009811218479855994, 0.00404991251567519, 0.0012696765975905662, 0.008458070420794453, 0.0010194550072192222, 0.006850027526656581, 0.003953534547690338, 0.02954722823461106, 0.011454678919282828, 0.004247693480882463, 0.0082816218530498, 0.027332298100405106, 0.0007610812045552791, 0.008650835098096483, 0.035281320131907316, 0.007937377399412821, 0.005611020858532697, 0.00828401109934438, 0.010209602818145706, 0.0063471731136994685, 0.012922879127452094, 0.009591312129786117, 0.0008144535417758428, 0.013074492442427728, 0.006003672506812117, 0.006975175128517912, 0.011884361325852036, 0.006361891005434219, 0.003818964484039748, 0.007773739031157203]}, {'overall_acc': 0.43173023770038693, 'bal_acc': 0.44870059808901847, 'avg_odds_diff': 0.7462411734963892, 'disp_imp': 0.007398896023431339, 'stat_par_diff': 0.8130624146458495, 'eq_opp_diff': 0.5634715025906736, 'theil_ind': 0.19445180695526634, 'TPR': 0.4825291181364393, 'TNR': 0.41487207804159765, 'FPR': 0.5851279219584024, 'FNR': 0.5174708818635607, 'GTPR': 1.0, 'GTNR': 1.0, 'GFPR': 0.0, 'GFNR': 0.0, 'PPV': 0.21486786860953322, 'NPV': 0.7072481957954189, 'FDR': 0.7851321313904668, 'FOR': 0.29275180420458113, 'ACC': 0.43173023770038693, 'MCC': -0.08939126707346043, 'f1_score': 0.2973342447026658, 'fitness': -0.31451093579600226, 'solution': {'corr_type': 'spearman', 'l2': 0.01, 'dropout': 0.0901506763670316, 'privileged_demotion': 0.7243049432955757, 'privileged_promotion': 0.4210681508369706, 'protected_demotion': 0.4503126410888113, 'protected_promotion': 0.14265298325890047}, 'corr': [0.08878561034712386, 0.0004271080272228362, 1.0, 0.06549862377763126, 0.04161862285116001, 0.26873187584540986, 0.0007877300035752458, 0.04408684881510212, 0.060248997881708365, 0.08432743080064875, 0.10114890341798197, 0.031584910320330464, 0.0022040238263125, 0.0017075065134908626, 0.00803790170824407, 0.0023760632167443988, 0.011869875565881304, 0.018861314697033026, 0.021411925962376236, 0.01178786981084217, 0.025781028676640377, 0.006364943903368105, 0.0185545685753383, 0.027340467290208403, 0.015438568902299695, 0.00733511519605052, 0.005752258205748117, 0.045609401523734244, 0.06087437381174177, 0.24795938841648302, 0.01839947598068323, 0.44044585558685373, 0.046784012630782204, 0.17025436322424725, 0.10588843788906925, 0.17926594771881163, 0.27638074684925146, 0.011556536621839274, 0.22626282780455154, 0.031142655713223506, 0.10396378473651503, 0.09541888918633287, 0.03665956466321101, 0.16726192329807207, 0.09686250477717578, 0.0319426687798517, 0.06158250905789413, 0.02603674137234539, 0.02653351190557764, 0.1350890718319676, 0.5839018680096824, 0.17101890857190694, 0.05083664132400642, 0.0997255837498176, 0.3320543132867076, 0.31616818175396816, 0.010398513965417447, 0.0074042648527431545, 0.10989335810093077, 0.012235891916561563, 0.10226428315735513, 0.005230069554077198, 0.00027508944698537754, 0.006034653792840116, 0.008591967292247336, 0.003654543412302158, 0.013752628135849751, 0.0012816539446870152, 0.004589591325486973, 0.0027500603786986375, 0.002913003465896708, 0.010252059431871364, 0.009811218479855994, 0.00404991251567519, 0.0012696765975905662, 0.008458070420794453, 0.0010194550072192222, 0.006850027526656581, 0.003953534547690338, 0.02954722823461106, 0.011454678919282828, 0.004247693480882463, 0.0082816218530498, 0.027332298100405106, 0.0007610812045552791, 0.008650835098096483, 0.035281320131907316, 0.007937377399412821, 0.005611020858532697, 0.00828401109934438, 0.010209602818145706, 0.0063471731136994685, 0.012922879127452094, 0.009591312129786117, 0.0008144535417758428, 0.013074492442427728, 0.006003672506812117, 0.006975175128517912, 0.011884361325852036, 0.006361891005434219, 0.003818964484039748, 0.007773739031157203]}, {'overall_acc': 0.8336097291321172, 'bal_acc': 0.7320736376240226, 'avg_odds_diff': 0.23477174969878567, 'disp_imp': 0.1076486013986014, 'stat_par_diff': 0.22607684641789388, 'eq_opp_diff': 0.37054634204893266, 'theil_ind': 0.14359458653673896, 'TPR': 0.5296727676095396, 'TNR': 0.9344745076385055, 'FPR': 0.06552549236149458, 'FNR': 0.47032723239046037, 'GTPR': 1.0, 'GTNR': 1.0, 'GFPR': 0.0, 'GFNR': 0.0, 'PPV': 0.7284515636918383, 'NPV': 0.8568776371308017, 'FDR': 0.2715484363081617, 'FOR': 0.1431223628691983, 'ACC': 0.8336097291321172, 'MCC': 0.5212283124360612, 'f1_score': 0.613359023763648, 'fitness': 0.5988379794333315, 'solution': {'corr_type': 'spearman', 'l2': 0.0001, 'dropout': 0.09252675205481842, 'privileged_demotion': 0.42465380328144436, 'privileged_promotion': 0.35164425670748956, 'protected_demotion': 0.7574256079275613, 'protected_promotion': 0.045233061758629095}, 'corr': [0.08878561034712386, 0.0004271080272228362, 1.0, 0.06549862377763126, 0.04161862285116001, 0.26873187584540986, 0.0007877300035752458, 0.04408684881510212, 0.060248997881708365, 0.08432743080064875, 0.10114890341798197, 0.031584910320330464, 0.0022040238263125, 0.0017075065134908626, 0.00803790170824407, 0.0023760632167443988, 0.011869875565881304, 0.018861314697033026, 0.021411925962376236, 0.01178786981084217, 0.025781028676640377, 0.006364943903368105, 0.0185545685753383, 0.027340467290208403, 0.015438568902299695, 0.00733511519605052, 0.005752258205748117, 0.045609401523734244, 0.06087437381174177, 0.24795938841648302, 0.01839947598068323, 0.44044585558685373, 0.046784012630782204, 0.17025436322424725, 0.10588843788906925, 0.17926594771881163, 0.27638074684925146, 0.011556536621839274, 0.22626282780455154, 0.031142655713223506, 0.10396378473651503, 0.09541888918633287, 0.03665956466321101, 0.16726192329807207, 0.09686250477717578, 0.0319426687798517, 0.06158250905789413, 0.02603674137234539, 0.02653351190557764, 0.1350890718319676, 0.5839018680096824, 0.17101890857190694, 0.05083664132400642, 0.0997255837498176, 0.3320543132867076, 0.31616818175396816, 0.010398513965417447, 0.0074042648527431545, 0.10989335810093077, 0.012235891916561563, 0.10226428315735513, 0.005230069554077198, 0.00027508944698537754, 0.006034653792840116, 0.008591967292247336, 0.003654543412302158, 0.013752628135849751, 0.0012816539446870152, 0.004589591325486973, 0.0027500603786986375, 0.002913003465896708, 0.010252059431871364, 0.009811218479855994, 0.00404991251567519, 0.0012696765975905662, 0.008458070420794453, 0.0010194550072192222, 0.006850027526656581, 0.003953534547690338, 0.02954722823461106, 0.011454678919282828, 0.004247693480882463, 0.0082816218530498, 0.027332298100405106, 0.0007610812045552791, 0.008650835098096483, 0.035281320131907316, 0.007937377399412821, 0.005611020858532697, 0.00828401109934438, 0.010209602818145706, 0.0063471731136994685, 0.012922879127452094, 0.009591312129786117, 0.0008144535417758428, 0.013074492442427728, 0.006003672506812117, 0.006975175128517912, 0.011884361325852036, 0.006361891005434219, 0.003818964484039748, 0.007773739031157203]}, {'overall_acc': 0.8366500829187397, 'bal_acc': 0.7355805849077233, 'avg_odds_diff': 0.21647470299194854, 'disp_imp': 0.12635562489458596, 'stat_par_diff': 0.2184997706313175, 'eq_opp_diff': 0.3396583111609018, 'theil_ind': 0.14166942841140673, 'TPR': 0.5341098169717138, 'TNR': 0.9370513528437328, 'FPR': 0.06294864715626726, 'FNR': 0.46589018302828616, 'GTPR': 1.0, 'GTNR': 1.0, 'GFPR': 0.0, 'GFNR': 0.0, 'PPV': 0.7379310344827587, 'NPV': 0.8583712696004047, 'FDR': 0.2620689655172414, 'FOR': 0.14162873039959534, 'ACC': 0.8366500829187397, 'MCC': 0.5300514042576148, 'f1_score': 0.6196911196911198, 'fitness': 0.6201753799267911, 'solution': {'corr_type': 'spearman', 'l2': 0.0001, 'dropout': 0.10819282838532068, 'privileged_demotion': 0.4274752582352242, 'privileged_promotion': 0.3625038348960924, 'protected_demotion': 0.5200041207237903, 'protected_promotion': 0.03971602119105507}, 'corr': [0.08878561034712386, 0.0004271080272228362, 1.0, 0.06549862377763126, 0.04161862285116001, 0.26873187584540986, 0.0007877300035752458, 0.04408684881510212, 0.060248997881708365, 0.08432743080064875, 0.10114890341798197, 0.031584910320330464, 0.0022040238263125, 0.0017075065134908626, 0.00803790170824407, 0.0023760632167443988, 0.011869875565881304, 0.018861314697033026, 0.021411925962376236, 0.01178786981084217, 0.025781028676640377, 0.006364943903368105, 0.0185545685753383, 0.027340467290208403, 0.015438568902299695, 0.00733511519605052, 0.005752258205748117, 0.045609401523734244, 0.06087437381174177, 0.24795938841648302, 0.01839947598068323, 0.44044585558685373, 0.046784012630782204, 0.17025436322424725, 0.10588843788906925, 0.17926594771881163, 0.27638074684925146, 0.011556536621839274, 0.22626282780455154, 0.031142655713223506, 0.10396378473651503, 0.09541888918633287, 0.03665956466321101, 0.16726192329807207, 0.09686250477717578, 0.0319426687798517, 0.06158250905789413, 0.02603674137234539, 0.02653351190557764, 0.1350890718319676, 0.5839018680096824, 0.17101890857190694, 0.05083664132400642, 0.0997255837498176, 0.3320543132867076, 0.31616818175396816, 0.010398513965417447, 0.0074042648527431545, 0.10989335810093077, 0.012235891916561563, 0.10226428315735513, 0.005230069554077198, 0.00027508944698537754, 0.006034653792840116, 0.008591967292247336, 0.003654543412302158, 0.013752628135849751, 0.0012816539446870152, 0.004589591325486973, 0.0027500603786986375, 0.002913003465896708, 0.010252059431871364, 0.009811218479855994, 0.00404991251567519, 0.0012696765975905662, 0.008458070420794453, 0.0010194550072192222, 0.006850027526656581, 0.003953534547690338, 0.02954722823461106, 0.011454678919282828, 0.004247693480882463, 0.0082816218530498, 0.027332298100405106, 0.0007610812045552791, 0.008650835098096483, 0.035281320131907316, 0.007937377399412821, 0.005611020858532697, 0.00828401109934438, 0.010209602818145706, 0.0063471731136994685, 0.012922879127452094, 0.009591312129786117, 0.0008144535417758428, 0.013074492442427728, 0.006003672506812117, 0.006975175128517912, 0.011884361325852036, 0.006361891005434219, 0.003818964484039748, 0.007773739031157203]}, {'overall_acc': 0.8229684908789386, 'bal_acc': 0.6638431315621274, 'avg_odds_diff': 0.1033407424822157, 'disp_imp': 0.17085051447069252, 'stat_par_diff': 0.11344838677359992, 'eq_opp_diff': 0.1793591333746774, 'theil_ind': 0.18400562508434307, 'TPR': 0.3466444814198558, 'TNR': 0.981041781704399, 'FPR': 0.018958218295600956, 'FNR': 0.6533555185801442, 'GTPR': 1.0, 'GTNR': 1.0, 'GFPR': 0.0, 'GFNR': 0.0, 'PPV': 0.8585164835164835, 'NPV': 0.8189920098340504, 'FDR': 0.14148351648351648, 'FOR': 0.1810079901659496, 'ACC': 0.8229684908789386, 'MCC': 0.47117961163549993, 'f1_score': 0.49387593836428295, 'fitness': 0.7196277483967229, 'solution': {'corr_type': 'spearman', 'l2': 0.01, 'dropout': 0.09206388964268689, 'privileged_demotion': 0.4288304515241941, 'privileged_promotion': 0.003188904650590421, 'protected_demotion': 0.7965455570159453, 'protected_promotion': 0.04326734604354571}, 'corr': [0.08878561034712386, 0.0004271080272228362, 1.0, 0.06549862377763126, 0.04161862285116001, 0.26873187584540986, 0.0007877300035752458, 0.04408684881510212, 0.060248997881708365, 0.08432743080064875, 0.10114890341798197, 0.031584910320330464, 0.0022040238263125, 0.0017075065134908626, 0.00803790170824407, 0.0023760632167443988, 0.011869875565881304, 0.018861314697033026, 0.021411925962376236, 0.01178786981084217, 0.025781028676640377, 0.006364943903368105, 0.0185545685753383, 0.027340467290208403, 0.015438568902299695, 0.00733511519605052, 0.005752258205748117, 0.045609401523734244, 0.06087437381174177, 0.24795938841648302, 0.01839947598068323, 0.44044585558685373, 0.046784012630782204, 0.17025436322424725, 0.10588843788906925, 0.17926594771881163, 0.27638074684925146, 0.011556536621839274, 0.22626282780455154, 0.031142655713223506, 0.10396378473651503, 0.09541888918633287, 0.03665956466321101, 0.16726192329807207, 0.09686250477717578, 0.0319426687798517, 0.06158250905789413, 0.02603674137234539, 0.02653351190557764, 0.1350890718319676, 0.5839018680096824, 0.17101890857190694, 0.05083664132400642, 0.0997255837498176, 0.3320543132867076, 0.31616818175396816, 0.010398513965417447, 0.0074042648527431545, 0.10989335810093077, 0.012235891916561563, 0.10226428315735513, 0.005230069554077198, 0.00027508944698537754, 0.006034653792840116, 0.008591967292247336, 0.003654543412302158, 0.013752628135849751, 0.0012816539446870152, 0.004589591325486973, 0.0027500603786986375, 0.002913003465896708, 0.010252059431871364, 0.009811218479855994, 0.00404991251567519, 0.0012696765975905662, 0.008458070420794453, 0.0010194550072192222, 0.006850027526656581, 0.003953534547690338, 0.02954722823461106, 0.011454678919282828, 0.004247693480882463, 0.0082816218530498, 0.027332298100405106, 0.0007610812045552791, 0.008650835098096483, 0.035281320131907316, 0.007937377399412821, 0.005611020858532697, 0.00828401109934438, 0.010209602818145706, 0.0063471731136994685, 0.012922879127452094, 0.009591312129786117, 0.0008144535417758428, 0.013074492442427728, 0.006003672506812117, 0.006975175128517912, 0.011884361325852036, 0.006361891005434219, 0.003818964484039748, 0.007773739031157203]}, {'overall_acc': 0.8257324488667772, 'bal_acc': 0.6717981534548989, 'avg_odds_diff': 0.05273238501588626, 'disp_imp': 0.2700504735439233, 'stat_par_diff': 0.10180173054716295, 'eq_opp_diff': 0.07899803949026746, 'theil_ind': 0.17929874958597117, 'TPR': 0.3649473100388242, 'TNR': 0.9786489968709737, 'FPR': 0.02135100312902632, 'FNR': 0.6350526899611758, 'GTPR': 1.0, 'GTNR': 1.0, 'GFPR': 0.0, 'GFNR': 0.0, 'PPV': 0.8501291989664083, 'NPV': 0.822810275456515, 'FDR': 0.14987080103359174, 'FOR': 0.177189724543485, 'ACC': 0.8257324488667772, 'MCC': 0.48085290701579086, 'f1_score': 0.5106713232440823, 'fitness': 0.7730000638508909, 'solution': {'corr_type': 'spearman', 'l2': 0.0001, 'dropout': 0.011603174430262271, 'privileged_demotion': 0.42045338398811516, 'privileged_promotion': 0.009560464846110187, 'protected_demotion': 0.5360339470014633, 'protected_promotion': 0.03930375025689823}, 'corr': [0.08878561034712386, 0.0004271080272228362, 1.0, 0.06549862377763126, 0.04161862285116001, 0.26873187584540986, 0.0007877300035752458, 0.04408684881510212, 0.060248997881708365, 0.08432743080064875, 0.10114890341798197, 0.031584910320330464, 0.0022040238263125, 0.0017075065134908626, 0.00803790170824407, 0.0023760632167443988, 0.011869875565881304, 0.018861314697033026, 0.021411925962376236, 0.01178786981084217, 0.025781028676640377, 0.006364943903368105, 0.0185545685753383, 0.027340467290208403, 0.015438568902299695, 0.00733511519605052, 0.005752258205748117, 0.045609401523734244, 0.06087437381174177, 0.24795938841648302, 0.01839947598068323, 0.44044585558685373, 0.046784012630782204, 0.17025436322424725, 0.10588843788906925, 0.17926594771881163, 0.27638074684925146, 0.011556536621839274, 0.22626282780455154, 0.031142655713223506, 0.10396378473651503, 0.09541888918633287, 0.03665956466321101, 0.16726192329807207, 0.09686250477717578, 0.0319426687798517, 0.06158250905789413, 0.02603674137234539, 0.02653351190557764, 0.1350890718319676, 0.5839018680096824, 0.17101890857190694, 0.05083664132400642, 0.0997255837498176, 0.3320543132867076, 0.31616818175396816, 0.010398513965417447, 0.0074042648527431545, 0.10989335810093077, 0.012235891916561563, 0.10226428315735513, 0.005230069554077198, 0.00027508944698537754, 0.006034653792840116, 0.008591967292247336, 0.003654543412302158, 0.013752628135849751, 0.0012816539446870152, 0.004589591325486973, 0.0027500603786986375, 0.002913003465896708, 0.010252059431871364, 0.009811218479855994, 0.00404991251567519, 0.0012696765975905662, 0.008458070420794453, 0.0010194550072192222, 0.006850027526656581, 0.003953534547690338, 0.02954722823461106, 0.011454678919282828, 0.004247693480882463, 0.0082816218530498, 0.027332298100405106, 0.0007610812045552791, 0.008650835098096483, 0.035281320131907316, 0.007937377399412821, 0.005611020858532697, 0.00828401109934438, 0.010209602818145706, 0.0063471731136994685, 0.012922879127452094, 0.009591312129786117, 0.0008144535417758428, 0.013074492442427728, 0.006003672506812117, 0.006975175128517912, 0.011884361325852036, 0.006361891005434219, 0.003818964484039748, 0.007773739031157203]}, {'overall_acc': 0.8376174682144831, 'bal_acc': 0.7399305041937283, 'avg_odds_diff': 0.16459867308429532, 'disp_imp': 0.18724105163129554, 'stat_par_diff': 0.20294224654760584, 'eq_opp_diff': 0.23989487266689336, 'theil_ind': 0.13910247165094936, 'TPR': 0.5452024403771492, 'TNR': 0.9346585680103073, 'FPR': 0.06534143198969262, 'FNR': 0.4547975596228508, 'GTPR': 1.0, 'GTNR': 1.0, 'GFPR': 0.0, 'GFNR': 0.0, 'PPV': 0.7346786248131539, 'NPV': 0.8609698202780603, 'FDR': 0.26532137518684606, 'FOR': 0.13903017972193965, 'ACC': 0.8376174682144831, 'MCC': 0.5346292767010525, 'f1_score': 0.6259153135943968, 'fitness': 0.6730187951301878, 'solution': {'corr_type': 'spearman', 'l2': 0.01, 'dropout': 0.1787402947024766, 'privileged_demotion': 0.4130467570248485, 'privileged_promotion': 0.3719406525754688, 'protected_demotion': 0.43909747092218954, 'protected_promotion': 0.03315224419244949}, 'corr': [0.08878561034712386, 0.0004271080272228362, 1.0, 0.06549862377763126, 0.04161862285116001, 0.26873187584540986, 0.0007877300035752458, 0.04408684881510212, 0.060248997881708365, 0.08432743080064875, 0.10114890341798197, 0.031584910320330464, 0.0022040238263125, 0.0017075065134908626, 0.00803790170824407, 0.0023760632167443988, 0.011869875565881304, 0.018861314697033026, 0.021411925962376236, 0.01178786981084217, 0.025781028676640377, 0.006364943903368105, 0.0185545685753383, 0.027340467290208403, 0.015438568902299695, 0.00733511519605052, 0.005752258205748117, 0.045609401523734244, 0.06087437381174177, 0.24795938841648302, 0.01839947598068323, 0.44044585558685373, 0.046784012630782204, 0.17025436322424725, 0.10588843788906925, 0.17926594771881163, 0.27638074684925146, 0.011556536621839274, 0.22626282780455154, 0.031142655713223506, 0.10396378473651503, 0.09541888918633287, 0.03665956466321101, 0.16726192329807207, 0.09686250477717578, 0.0319426687798517, 0.06158250905789413, 0.02603674137234539, 0.02653351190557764, 0.1350890718319676, 0.5839018680096824, 0.17101890857190694, 0.05083664132400642, 0.0997255837498176, 0.3320543132867076, 0.31616818175396816, 0.010398513965417447, 0.0074042648527431545, 0.10989335810093077, 0.012235891916561563, 0.10226428315735513, 0.005230069554077198, 0.00027508944698537754, 0.006034653792840116, 0.008591967292247336, 0.003654543412302158, 0.013752628135849751, 0.0012816539446870152, 0.004589591325486973, 0.0027500603786986375, 0.002913003465896708, 0.010252059431871364, 0.009811218479855994, 0.00404991251567519, 0.0012696765975905662, 0.008458070420794453, 0.0010194550072192222, 0.006850027526656581, 0.003953534547690338, 0.02954722823461106, 0.011454678919282828, 0.004247693480882463, 0.0082816218530498, 0.027332298100405106, 0.0007610812045552791, 0.008650835098096483, 0.035281320131907316, 0.007937377399412821, 0.005611020858532697, 0.00828401109934438, 0.010209602818145706, 0.0063471731136994685, 0.012922879127452094, 0.009591312129786117, 0.0008144535417758428, 0.013074492442427728, 0.006003672506812117, 0.006975175128517912, 0.011884361325852036, 0.006361891005434219, 0.003818964484039748, 0.007773739031157203]}, {'overall_acc': 0.8384466556108348, 'bal_acc': 0.7456706764877116, 'avg_odds_diff': 0.2255298917580276, 'disp_imp': 0.12869742938497714, 'stat_par_diff': 0.23153371192348052, 'eq_opp_diff': 0.348203032788525, 'theil_ind': 0.13568364498599045, 'TPR': 0.5607321131447587, 'TNR': 0.9306092398306645, 'FPR': 0.06939076016933554, 'FNR': 0.43926788685524126, 'GTPR': 1.0, 'GTNR': 1.0, 'GFPR': 0.0, 'GFNR': 0.0, 'PPV': 0.728386167146974, 'NPV': 0.8645690834473324, 'FDR': 0.2716138328530259, 'FOR': 0.1354309165526676, 'ACC': 0.8384466556108348, 'MCC': 0.53976238761226, 'f1_score': 0.6336571607646505, 'fitness': 0.6129167638528071, 'solution': {'corr_type': 'spearman', 'l2': 0.0001, 'dropout': 0.15353790929174213, 'privileged_demotion': 0.28904846113279414, 'privileged_promotion': 0.3013404640978109, 'protected_demotion': 0.5344151707608629, 'protected_promotion': 0.03501918128526739}, 'corr': [0.08878561034712386, 0.0004271080272228362, 1.0, 0.06549862377763126, 0.04161862285116001, 0.26873187584540986, 0.0007877300035752458, 0.04408684881510212, 0.060248997881708365, 0.08432743080064875, 0.10114890341798197, 0.031584910320330464, 0.0022040238263125, 0.0017075065134908626, 0.00803790170824407, 0.0023760632167443988, 0.011869875565881304, 0.018861314697033026, 0.021411925962376236, 0.01178786981084217, 0.025781028676640377, 0.006364943903368105, 0.0185545685753383, 0.027340467290208403, 0.015438568902299695, 0.00733511519605052, 0.005752258205748117, 0.045609401523734244, 0.06087437381174177, 0.24795938841648302, 0.01839947598068323, 0.44044585558685373, 0.046784012630782204, 0.17025436322424725, 0.10588843788906925, 0.17926594771881163, 0.27638074684925146, 0.011556536621839274, 0.22626282780455154, 0.031142655713223506, 0.10396378473651503, 0.09541888918633287, 0.03665956466321101, 0.16726192329807207, 0.09686250477717578, 0.0319426687798517, 0.06158250905789413, 0.02603674137234539, 0.02653351190557764, 0.1350890718319676, 0.5839018680096824, 0.17101890857190694, 0.05083664132400642, 0.0997255837498176, 0.3320543132867076, 0.31616818175396816, 0.010398513965417447, 0.0074042648527431545, 0.10989335810093077, 0.012235891916561563, 0.10226428315735513, 0.005230069554077198, 0.00027508944698537754, 0.006034653792840116, 0.008591967292247336, 0.003654543412302158, 0.013752628135849751, 0.0012816539446870152, 0.004589591325486973, 0.0027500603786986375, 0.002913003465896708, 0.010252059431871364, 0.009811218479855994, 0.00404991251567519, 0.0012696765975905662, 0.008458070420794453, 0.0010194550072192222, 0.006850027526656581, 0.003953534547690338, 0.02954722823461106, 0.011454678919282828, 0.004247693480882463, 0.0082816218530498, 0.027332298100405106, 0.0007610812045552791, 0.008650835098096483, 0.035281320131907316, 0.007937377399412821, 0.005611020858532697, 0.00828401109934438, 0.010209602818145706, 0.0063471731136994685, 0.012922879127452094, 0.009591312129786117, 0.0008144535417758428, 0.013074492442427728, 0.006003672506812117, 0.006975175128517912, 0.011884361325852036, 0.006361891005434219, 0.003818964484039748, 0.007773739031157203]}, {'overall_acc': 0.8414870093974571, 'bal_acc': 0.7564037543415738, 'avg_odds_diff': 0.1355601354781591, 'disp_imp': 0.23154355136131904, 'stat_par_diff': 0.2054521199466388, 'eq_opp_diff': 0.17575319583091598, 'theil_ind': 0.12941089903794764, 'TPR': 0.5867997781475319, 'TNR': 0.9260077305356157, 'FPR': 0.07399226946438432, 'FNR': 0.41320022185246813, 'GTPR': 1.0, 'GTNR': 1.0, 'GFPR': 0.0, 'GFNR': 0.0, 'PPV': 0.7246575342465753, 'NPV': 0.8710180055401662, 'FDR': 0.27534246575342464, 'FOR': 0.1289819944598338, 'ACC': 0.8414870093974571, 'MCC': 0.5526905911461928, 'f1_score': 0.6484829911124731, 'fitness': 0.7059268739192981, 'solution': {'corr_type': 'spearman', 'l2': 0.001, 'dropout': 0.1512956861676983, 'privileged_demotion': 0.2787392480043747, 'privileged_promotion': 0.29302348765369246, 'protected_demotion': 0.38592446740822456, 'protected_promotion': 0.19306254653102944}, 'corr': [0.08878561034712386, 0.0004271080272228362, 1.0, 0.06549862377763126, 0.04161862285116001, 0.26873187584540986, 0.0007877300035752458, 0.04408684881510212, 0.060248997881708365, 0.08432743080064875, 0.10114890341798197, 0.031584910320330464, 0.0022040238263125, 0.0017075065134908626, 0.00803790170824407, 0.0023760632167443988, 0.011869875565881304, 0.018861314697033026, 0.021411925962376236, 0.01178786981084217, 0.025781028676640377, 0.006364943903368105, 0.0185545685753383, 0.027340467290208403, 0.015438568902299695, 0.00733511519605052, 0.005752258205748117, 0.045609401523734244, 0.06087437381174177, 0.24795938841648302, 0.01839947598068323, 0.44044585558685373, 0.046784012630782204, 0.17025436322424725, 0.10588843788906925, 0.17926594771881163, 0.27638074684925146, 0.011556536621839274, 0.22626282780455154, 0.031142655713223506, 0.10396378473651503, 0.09541888918633287, 0.03665956466321101, 0.16726192329807207, 0.09686250477717578, 0.0319426687798517, 0.06158250905789413, 0.02603674137234539, 0.02653351190557764, 0.1350890718319676, 0.5839018680096824, 0.17101890857190694, 0.05083664132400642, 0.0997255837498176, 0.3320543132867076, 0.31616818175396816, 0.010398513965417447, 0.0074042648527431545, 0.10989335810093077, 0.012235891916561563, 0.10226428315735513, 0.005230069554077198, 0.00027508944698537754, 0.006034653792840116, 0.008591967292247336, 0.003654543412302158, 0.013752628135849751, 0.0012816539446870152, 0.004589591325486973, 0.0027500603786986375, 0.002913003465896708, 0.010252059431871364, 0.009811218479855994, 0.00404991251567519, 0.0012696765975905662, 0.008458070420794453, 0.0010194550072192222, 0.006850027526656581, 0.003953534547690338, 0.02954722823461106, 0.011454678919282828, 0.004247693480882463, 0.0082816218530498, 0.027332298100405106, 0.0007610812045552791, 0.008650835098096483, 0.035281320131907316, 0.007937377399412821, 0.005611020858532697, 0.00828401109934438, 0.010209602818145706, 0.0063471731136994685, 0.012922879127452094, 0.009591312129786117, 0.0008144535417758428, 0.013074492442427728, 0.006003672506812117, 0.006975175128517912, 0.011884361325852036, 0.006361891005434219, 0.003818964484039748, 0.007773739031157203]}, {'overall_acc': 0.8323659480375898, 'bal_acc': 0.706231837054201, 'avg_odds_diff': 0.023801879779010444, 'disp_imp': 0.36095218812368035, 'stat_par_diff': 0.11649714475536643, 'eq_opp_diff': 0.005443915418008705, 'theil_ind': 0.159067324285983, 'TPR': 0.4547975596228508, 'TNR': 0.9576661144855513, 'FPR': 0.04233388551444874, 'FNR': 0.5452024403771492, 'GTPR': 1.0, 'GTNR': 1.0, 'GFPR': 0.0, 'GFNR': 0.0, 'PPV': 0.780952380952381, 'NPV': 0.8410927901713546, 'FDR': 0.21904761904761905, 'FOR': 0.15890720982864534, 'ACC': 0.8323659480375898, 'MCC': 0.5065284165208165, 'f1_score': 0.5748335085874519, 'fitness': 0.8085640682585793, 'solution': {'corr_type': 'spearman', 'l2': 0.001, 'dropout': 0.15148435280939954, 'privileged_demotion': 0.4700106177641886, 'privileged_promotion': 0.13565625733329745, 'protected_demotion': 0.3799470436274992, 'protected_promotion': 0.21231943872169626}, 'corr': [0.08878561034712386, 0.0004271080272228362, 1.0, 0.06549862377763126, 0.04161862285116001, 0.26873187584540986, 0.0007877300035752458, 0.04408684881510212, 0.060248997881708365, 0.08432743080064875, 0.10114890341798197, 0.031584910320330464, 0.0022040238263125, 0.0017075065134908626, 0.00803790170824407, 0.0023760632167443988, 0.011869875565881304, 0.018861314697033026, 0.021411925962376236, 0.01178786981084217, 0.025781028676640377, 0.006364943903368105, 0.0185545685753383, 0.027340467290208403, 0.015438568902299695, 0.00733511519605052, 0.005752258205748117, 0.045609401523734244, 0.06087437381174177, 0.24795938841648302, 0.01839947598068323, 0.44044585558685373, 0.046784012630782204, 0.17025436322424725, 0.10588843788906925, 0.17926594771881163, 0.27638074684925146, 0.011556536621839274, 0.22626282780455154, 0.031142655713223506, 0.10396378473651503, 0.09541888918633287, 0.03665956466321101, 0.16726192329807207, 0.09686250477717578, 0.0319426687798517, 0.06158250905789413, 0.02603674137234539, 0.02653351190557764, 0.1350890718319676, 0.5839018680096824, 0.17101890857190694, 0.05083664132400642, 0.0997255837498176, 0.3320543132867076, 0.31616818175396816, 0.010398513965417447, 0.0074042648527431545, 0.10989335810093077, 0.012235891916561563, 0.10226428315735513, 0.005230069554077198, 0.00027508944698537754, 0.006034653792840116, 0.008591967292247336, 0.003654543412302158, 0.013752628135849751, 0.0012816539446870152, 0.004589591325486973, 0.0027500603786986375, 0.002913003465896708, 0.010252059431871364, 0.009811218479855994, 0.00404991251567519, 0.0012696765975905662, 0.008458070420794453, 0.0010194550072192222, 0.006850027526656581, 0.003953534547690338, 0.02954722823461106, 0.011454678919282828, 0.004247693480882463, 0.0082816218530498, 0.027332298100405106, 0.0007610812045552791, 0.008650835098096483, 0.035281320131907316, 0.007937377399412821, 0.005611020858532697, 0.00828401109934438, 0.010209602818145706, 0.0063471731136994685, 0.012922879127452094, 0.009591312129786117, 0.0008144535417758428, 0.013074492442427728, 0.006003672506812117, 0.006975175128517912, 0.011884361325852036, 0.006361891005434219, 0.003818964484039748, 0.007773739031157203]}, {'overall_acc': 0.8392758430071863, 'bal_acc': 0.7482609969947015, 'avg_odds_diff': 0.045958756306125156, 'disp_imp': 0.415604310583034, 'stat_par_diff': 0.1393960485312495, 'eq_opp_diff': 0.03692710104627206, 'theil_ind': 0.13417520301236122, 'TPR': 0.5668330560177482, 'TNR': 0.9296889379716547, 'FPR': 0.07031106202834529, 'FNR': 0.4331669439822518, 'GTPR': 1.0, 'GTNR': 1.0, 'GFPR': 0.0, 'GFNR': 0.0, 'PPV': 0.7279202279202279, 'NPV': 0.8660836762688614, 'FDR': 0.2720797720797721, 'FOR': 0.13391632373113854, 'ACC': 0.8392758430071863, 'MCC': 0.5430801073004395, 'f1_score': 0.6373557842220143, 'fitness': 0.7933170867010612, 'solution': {'corr_type': 'spearman', 'l2': 0.001, 'dropout': 0.1511628361959809, 'privileged_demotion': 0.28761368434264145, 'privileged_promotion': 0.13786959475530525, 'protected_demotion': 0.18216664414540776, 'protected_promotion': 0.33984099013946706}, 'corr': [0.08878561034712386, 0.0004271080272228362, 1.0, 0.06549862377763126, 0.04161862285116001, 0.26873187584540986, 0.0007877300035752458, 0.04408684881510212, 0.060248997881708365, 0.08432743080064875, 0.10114890341798197, 0.031584910320330464, 0.0022040238263125, 0.0017075065134908626, 0.00803790170824407, 0.0023760632167443988, 0.011869875565881304, 0.018861314697033026, 0.021411925962376236, 0.01178786981084217, 0.025781028676640377, 0.006364943903368105, 0.0185545685753383, 0.027340467290208403, 0.015438568902299695, 0.00733511519605052, 0.005752258205748117, 0.045609401523734244, 0.06087437381174177, 0.24795938841648302, 0.01839947598068323, 0.44044585558685373, 0.046784012630782204, 0.17025436322424725, 0.10588843788906925, 0.17926594771881163, 0.27638074684925146, 0.011556536621839274, 0.22626282780455154, 0.031142655713223506, 0.10396378473651503, 0.09541888918633287, 0.03665956466321101, 0.16726192329807207, 0.09686250477717578, 0.0319426687798517, 0.06158250905789413, 0.02603674137234539, 0.02653351190557764, 0.1350890718319676, 0.5839018680096824, 0.17101890857190694, 0.05083664132400642, 0.0997255837498176, 0.3320543132867076, 0.31616818175396816, 0.010398513965417447, 0.0074042648527431545, 0.10989335810093077, 0.012235891916561563, 0.10226428315735513, 0.005230069554077198, 0.00027508944698537754, 0.006034653792840116, 0.008591967292247336, 0.003654543412302158, 0.013752628135849751, 0.0012816539446870152, 0.004589591325486973, 0.0027500603786986375, 0.002913003465896708, 0.010252059431871364, 0.009811218479855994, 0.00404991251567519, 0.0012696765975905662, 0.008458070420794453, 0.0010194550072192222, 0.006850027526656581, 0.003953534547690338, 0.02954722823461106, 0.011454678919282828, 0.004247693480882463, 0.0082816218530498, 0.027332298100405106, 0.0007610812045552791, 0.008650835098096483, 0.035281320131907316, 0.007937377399412821, 0.005611020858532697, 0.00828401109934438, 0.010209602818145706, 0.0063471731136994685, 0.012922879127452094, 0.009591312129786117, 0.0008144535417758428, 0.013074492442427728, 0.006003672506812117, 0.006975175128517912, 0.011884361325852036, 0.006361891005434219, 0.003818964484039748, 0.007773739031157203]}, {'overall_acc': 0.8318131564400221, 'bal_acc': 0.6982670149419659, 'avg_odds_diff': 0.019899651420808205, 'disp_imp': 0.3678442185076684, 'stat_par_diff': 0.1063859404906908, 'eq_opp_diff': 0.008579730729989798, 'theil_ind': 0.1637624365084947, 'TPR': 0.43205768164170827, 'TNR': 0.9644763482422235, 'FPR': 0.03552365175777655, 'FNR': 0.5679423183582918, 'GTPR': 1.0, 'GTNR': 1.0, 'GFPR': 0.0, 'GFNR': 0.0, 'PPV': 0.801440329218107, 'NPV': 0.8365261813537676, 'FDR': 0.19855967078189302, 'FOR': 0.16347381864623245, 'ACC': 0.8318131564400221, 'MCC': 0.5029666304716998, 'f1_score': 0.5614414414414415, 'fitness': 0.8119135050192139, 'solution': {'corr_type': 'spearman', 'l2': 0.001, 'dropout': 0.150801280197558, 'privileged_demotion': 0.4777039851556931, 'privileged_promotion': 0.13686594378393824, 'protected_demotion': 0.274492764610677, 'protected_promotion': 0.08511757970681672}, 'corr': [0.08878561034712386, 0.0004271080272228362, 1.0, 0.06549862377763126, 0.04161862285116001, 0.26873187584540986, 0.0007877300035752458, 0.04408684881510212, 0.060248997881708365, 0.08432743080064875, 0.10114890341798197, 0.031584910320330464, 0.0022040238263125, 0.0017075065134908626, 0.00803790170824407, 0.0023760632167443988, 0.011869875565881304, 0.018861314697033026, 0.021411925962376236, 0.01178786981084217, 0.025781028676640377, 0.006364943903368105, 0.0185545685753383, 0.027340467290208403, 0.015438568902299695, 0.00733511519605052, 0.005752258205748117, 0.045609401523734244, 0.06087437381174177, 0.24795938841648302, 0.01839947598068323, 0.44044585558685373, 0.046784012630782204, 0.17025436322424725, 0.10588843788906925, 0.17926594771881163, 0.27638074684925146, 0.011556536621839274, 0.22626282780455154, 0.031142655713223506, 0.10396378473651503, 0.09541888918633287, 0.03665956466321101, 0.16726192329807207, 0.09686250477717578, 0.0319426687798517, 0.06158250905789413, 0.02603674137234539, 0.02653351190557764, 0.1350890718319676, 0.5839018680096824, 0.17101890857190694, 0.05083664132400642, 0.0997255837498176, 0.3320543132867076, 0.31616818175396816, 0.010398513965417447, 0.0074042648527431545, 0.10989335810093077, 0.012235891916561563, 0.10226428315735513, 0.005230069554077198, 0.00027508944698537754, 0.006034653792840116, 0.008591967292247336, 0.003654543412302158, 0.013752628135849751, 0.0012816539446870152, 0.004589591325486973, 0.0027500603786986375, 0.002913003465896708, 0.010252059431871364, 0.009811218479855994, 0.00404991251567519, 0.0012696765975905662, 0.008458070420794453, 0.0010194550072192222, 0.006850027526656581, 0.003953534547690338, 0.02954722823461106, 0.011454678919282828, 0.004247693480882463, 0.0082816218530498, 0.027332298100405106, 0.0007610812045552791, 0.008650835098096483, 0.035281320131907316, 0.007937377399412821, 0.005611020858532697, 0.00828401109934438, 0.010209602818145706, 0.0063471731136994685, 0.012922879127452094, 0.009591312129786117, 0.0008144535417758428, 0.013074492442427728, 0.006003672506812117, 0.006975175128517912, 0.011884361325852036, 0.006361891005434219, 0.003818964484039748, 0.007773739031157203]}, {'overall_acc': 0.8354063018242123, 'bal_acc': 0.725673328672104, 'avg_odds_diff': 0.041651901171200684, 'disp_imp': 0.39736712068419383, 'stat_par_diff': 0.12539559506672782, 'eq_opp_diff': 0.03473653149818956, 'theil_ind': 0.1475680945567386, 'TPR': 0.5069328896283971, 'TNR': 0.9444137677158108, 'FPR': 0.05558623228418921, 'FNR': 0.4930671103716029, 'GTPR': 1.0, 'GTNR': 1.0, 'GFPR': 0.0, 'GFNR': 0.0, 'PPV': 0.7516447368421053, 'NPV': 0.8523255813953489, 'FDR': 0.24835526315789475, 'FOR': 0.14767441860465116, 'ACC': 0.8354063018242123, 'MCC': 0.5221110842259455, 'f1_score': 0.605498509440212, 'fitness': 0.7937544006530116, 'solution': {'corr_type': 'spearman', 'l2': 0.001, 'dropout': 0.03948865230257108, 'privileged_demotion': 0.47423471951489626, 'privileged_promotion': 0.22701992773706042, 'protected_demotion': 0.16986250135253728, 'protected_promotion': 0.09083462649218067}, 'corr': [0.08878561034712386, 0.0004271080272228362, 1.0, 0.06549862377763126, 0.04161862285116001, 0.26873187584540986, 0.0007877300035752458, 0.04408684881510212, 0.060248997881708365, 0.08432743080064875, 0.10114890341798197, 0.031584910320330464, 0.0022040238263125, 0.0017075065134908626, 0.00803790170824407, 0.0023760632167443988, 0.011869875565881304, 0.018861314697033026, 0.021411925962376236, 0.01178786981084217, 0.025781028676640377, 0.006364943903368105, 0.0185545685753383, 0.027340467290208403, 0.015438568902299695, 0.00733511519605052, 0.005752258205748117, 0.045609401523734244, 0.06087437381174177, 0.24795938841648302, 0.01839947598068323, 0.44044585558685373, 0.046784012630782204, 0.17025436322424725, 0.10588843788906925, 0.17926594771881163, 0.27638074684925146, 0.011556536621839274, 0.22626282780455154, 0.031142655713223506, 0.10396378473651503, 0.09541888918633287, 0.03665956466321101, 0.16726192329807207, 0.09686250477717578, 0.0319426687798517, 0.06158250905789413, 0.02603674137234539, 0.02653351190557764, 0.1350890718319676, 0.5839018680096824, 0.17101890857190694, 0.05083664132400642, 0.0997255837498176, 0.3320543132867076, 0.31616818175396816, 0.010398513965417447, 0.0074042648527431545, 0.10989335810093077, 0.012235891916561563, 0.10226428315735513, 0.005230069554077198, 0.00027508944698537754, 0.006034653792840116, 0.008591967292247336, 0.003654543412302158, 0.013752628135849751, 0.0012816539446870152, 0.004589591325486973, 0.0027500603786986375, 0.002913003465896708, 0.010252059431871364, 0.009811218479855994, 0.00404991251567519, 0.0012696765975905662, 0.008458070420794453, 0.0010194550072192222, 0.006850027526656581, 0.003953534547690338, 0.02954722823461106, 0.011454678919282828, 0.004247693480882463, 0.0082816218530498, 0.027332298100405106, 0.0007610812045552791, 0.008650835098096483, 0.035281320131907316, 0.007937377399412821, 0.005611020858532697, 0.00828401109934438, 0.010209602818145706, 0.0063471731136994685, 0.012922879127452094, 0.009591312129786117, 0.0008144535417758428, 0.013074492442427728, 0.006003672506812117, 0.006975175128517912, 0.011884361325852036, 0.006361891005434219, 0.003818964484039748, 0.007773739031157203]}, {'overall_acc': 0.8366500829187397, 'bal_acc': 0.7111229122087153, 'avg_odds_diff': 0.03219311605648409, 'disp_imp': 0.33683024428296954, 'stat_par_diff': 0.12102915355046902, 'eq_opp_diff': 0.024223798187528733, 'theil_ind': 0.15624225506810294, 'TPR': 0.46089850249584025, 'TNR': 0.9613473219215903, 'FPR': 0.03865267807840972, 'FNR': 0.5391014975041597, 'GTPR': 1.0, 'GTNR': 1.0, 'GFPR': 0.0, 'GFNR': 0.0, 'PPV': 0.7982708933717579, 'NPV': 0.8430992736077482, 'FDR': 0.2017291066282421, 'FOR': 0.1569007263922518, 'ACC': 0.8366500829187397, 'MCC': 0.52039972608852, 'f1_score': 0.5843881856540084, 'fitness': 0.8044569668622555, 'solution': {'corr_type': 'spearman', 'l2': 0.001, 'dropout': 0.1215687432812179, 'privileged_demotion': 0.4720699958661794, 'privileged_promotion': 0.14046966345490103, 'protected_demotion': 0.2883976788393129, 'protected_promotion': 0.0921127029051056}, 'corr': [0.08878561034712386, 0.0004271080272228362, 1.0, 0.06549862377763126, 0.04161862285116001, 0.26873187584540986, 0.0007877300035752458, 0.04408684881510212, 0.060248997881708365, 0.08432743080064875, 0.10114890341798197, 0.031584910320330464, 0.0022040238263125, 0.0017075065134908626, 0.00803790170824407, 0.0023760632167443988, 0.011869875565881304, 0.018861314697033026, 0.021411925962376236, 0.01178786981084217, 0.025781028676640377, 0.006364943903368105, 0.0185545685753383, 0.027340467290208403, 0.015438568902299695, 0.00733511519605052, 0.005752258205748117, 0.045609401523734244, 0.06087437381174177, 0.24795938841648302, 0.01839947598068323, 0.44044585558685373, 0.046784012630782204, 0.17025436322424725, 0.10588843788906925, 0.17926594771881163, 0.27638074684925146, 0.011556536621839274, 0.22626282780455154, 0.031142655713223506, 0.10396378473651503, 0.09541888918633287, 0.03665956466321101, 0.16726192329807207, 0.09686250477717578, 0.0319426687798517, 0.06158250905789413, 0.02603674137234539, 0.02653351190557764, 0.1350890718319676, 0.5839018680096824, 0.17101890857190694, 0.05083664132400642, 0.0997255837498176, 0.3320543132867076, 0.31616818175396816, 0.010398513965417447, 0.0074042648527431545, 0.10989335810093077, 0.012235891916561563, 0.10226428315735513, 0.005230069554077198, 0.00027508944698537754, 0.006034653792840116, 0.008591967292247336, 0.003654543412302158, 0.013752628135849751, 0.0012816539446870152, 0.004589591325486973, 0.0027500603786986375, 0.002913003465896708, 0.010252059431871364, 0.009811218479855994, 0.00404991251567519, 0.0012696765975905662, 0.008458070420794453, 0.0010194550072192222, 0.006850027526656581, 0.003953534547690338, 0.02954722823461106, 0.011454678919282828, 0.004247693480882463, 0.0082816218530498, 0.027332298100405106, 0.0007610812045552791, 0.008650835098096483, 0.035281320131907316, 0.007937377399412821, 0.005611020858532697, 0.00828401109934438, 0.010209602818145706, 0.0063471731136994685, 0.012922879127452094, 0.009591312129786117, 0.0008144535417758428, 0.013074492442427728, 0.006003672506812117, 0.006975175128517912, 0.011884361325852036, 0.006361891005434219, 0.003818964484039748, 0.007773739031157203]}, {'overall_acc': 0.8294637921503594, 'bal_acc': 0.6941085061923605, 'avg_odds_diff': 0.043740782551835014, 'disp_imp': 0.4069392812887237, 'stat_par_diff': 0.09715793747462444, 'eq_opp_diff': 0.054591693840398525, 'theil_ind': 0.1662036208646668, 'TPR': 0.4242928452579035, 'TNR': 0.9639241671268176, 'FPR': 0.036075832873182404, 'FNR': 0.5757071547420965, 'GTPR': 1.0, 'GTNR': 1.0, 'GFPR': 0.0, 'GFNR': 0.0, 'PPV': 0.7960457856399584, 'NPV': 0.8345816733067729, 'FDR': 0.20395421436004163, 'FOR': 0.1654183266932271, 'ACC': 0.8294637921503594, 'MCC': 0.49479319724514037, 'f1_score': 0.5535455861070913, 'fitness': 0.7857230095985244, 'solution': {'corr_type': 'spearman', 'l2': 0.001, 'dropout': 0.07307562169461375, 'privileged_demotion': 0.47107119385482366, 'privileged_promotion': 0.13496388035775012, 'protected_demotion': 0.2846639339222308, 'protected_promotion': 0.21838782682442467}, 'corr': [0.08878561034712386, 0.0004271080272228362, 1.0, 0.06549862377763126, 0.04161862285116001, 0.26873187584540986, 0.0007877300035752458, 0.04408684881510212, 0.060248997881708365, 0.08432743080064875, 0.10114890341798197, 0.031584910320330464, 0.0022040238263125, 0.0017075065134908626, 0.00803790170824407, 0.0023760632167443988, 0.011869875565881304, 0.018861314697033026, 0.021411925962376236, 0.01178786981084217, 0.025781028676640377, 0.006364943903368105, 0.0185545685753383, 0.027340467290208403, 0.015438568902299695, 0.00733511519605052, 0.005752258205748117, 0.045609401523734244, 0.06087437381174177, 0.24795938841648302, 0.01839947598068323, 0.44044585558685373, 0.046784012630782204, 0.17025436322424725, 0.10588843788906925, 0.17926594771881163, 0.27638074684925146, 0.011556536621839274, 0.22626282780455154, 0.031142655713223506, 0.10396378473651503, 0.09541888918633287, 0.03665956466321101, 0.16726192329807207, 0.09686250477717578, 0.0319426687798517, 0.06158250905789413, 0.02603674137234539, 0.02653351190557764, 0.1350890718319676, 0.5839018680096824, 0.17101890857190694, 0.05083664132400642, 0.0997255837498176, 0.3320543132867076, 0.31616818175396816, 0.010398513965417447, 0.0074042648527431545, 0.10989335810093077, 0.012235891916561563, 0.10226428315735513, 0.005230069554077198, 0.00027508944698537754, 0.006034653792840116, 0.008591967292247336, 0.003654543412302158, 0.013752628135849751, 0.0012816539446870152, 0.004589591325486973, 0.0027500603786986375, 0.002913003465896708, 0.010252059431871364, 0.009811218479855994, 0.00404991251567519, 0.0012696765975905662, 0.008458070420794453, 0.0010194550072192222, 0.006850027526656581, 0.003953534547690338, 0.02954722823461106, 0.011454678919282828, 0.004247693480882463, 0.0082816218530498, 0.027332298100405106, 0.0007610812045552791, 0.008650835098096483, 0.035281320131907316, 0.007937377399412821, 0.005611020858532697, 0.00828401109934438, 0.010209602818145706, 0.0063471731136994685, 0.012922879127452094, 0.009591312129786117, 0.0008144535417758428, 0.013074492442427728, 0.006003672506812117, 0.006975175128517912, 0.011884361325852036, 0.006361891005434219, 0.003818964484039748, 0.007773739031157203]}, {'overall_acc': 0.8380320619126589, 'bal_acc': 0.7613291302642109, 'avg_odds_diff': 0.08611516060778149, 'disp_imp': 0.3165014265675544, 'stat_par_diff': 0.1888431909138365, 'eq_opp_diff': 0.08378678456398658, 'theil_ind': 0.12607037233808077, 'TPR': 0.6084303937881309, 'TNR': 0.9142278667402908, 'FPR': 0.08577213325970919, 'FNR': 0.3915696062118691, 'GTPR': 1.0, 'GTNR': 1.0, 'GFPR': 0.0, 'GFNR': 0.0, 'PPV': 0.7018554062699937, 'NPV': 0.8755508549268465, 'FDR': 0.2981445937300064, 'FOR': 0.12444914507315354, 'ACC': 0.8380320619126589, 'MCC': 0.549350664052898, 'f1_score': 0.6518122400475342, 'fitness': 0.7519169013048774, 'solution': {'corr_type': 'spearman', 'l2': 0.001, 'dropout': 0.12460335434337261, 'privileged_demotion': 0.16949268917453555, 'privileged_promotion': 0.14312769273753642, 'protected_demotion': 0.28821612584303374, 'protected_promotion': 0.3504593466757777}, 'corr': [0.08878561034712386, 0.0004271080272228362, 1.0, 0.06549862377763126, 0.04161862285116001, 0.26873187584540986, 0.0007877300035752458, 0.04408684881510212, 0.060248997881708365, 0.08432743080064875, 0.10114890341798197, 0.031584910320330464, 0.0022040238263125, 0.0017075065134908626, 0.00803790170824407, 0.0023760632167443988, 0.011869875565881304, 0.018861314697033026, 0.021411925962376236, 0.01178786981084217, 0.025781028676640377, 0.006364943903368105, 0.0185545685753383, 0.027340467290208403, 0.015438568902299695, 0.00733511519605052, 0.005752258205748117, 0.045609401523734244, 0.06087437381174177, 0.24795938841648302, 0.01839947598068323, 0.44044585558685373, 0.046784012630782204, 0.17025436322424725, 0.10588843788906925, 0.17926594771881163, 0.27638074684925146, 0.011556536621839274, 0.22626282780455154, 0.031142655713223506, 0.10396378473651503, 0.09541888918633287, 0.03665956466321101, 0.16726192329807207, 0.09686250477717578, 0.0319426687798517, 0.06158250905789413, 0.02603674137234539, 0.02653351190557764, 0.1350890718319676, 0.5839018680096824, 0.17101890857190694, 0.05083664132400642, 0.0997255837498176, 0.3320543132867076, 0.31616818175396816, 0.010398513965417447, 0.0074042648527431545, 0.10989335810093077, 0.012235891916561563, 0.10226428315735513, 0.005230069554077198, 0.00027508944698537754, 0.006034653792840116, 0.008591967292247336, 0.003654543412302158, 0.013752628135849751, 0.0012816539446870152, 0.004589591325486973, 0.0027500603786986375, 0.002913003465896708, 0.010252059431871364, 0.009811218479855994, 0.00404991251567519, 0.0012696765975905662, 0.008458070420794453, 0.0010194550072192222, 0.006850027526656581, 0.003953534547690338, 0.02954722823461106, 0.011454678919282828, 0.004247693480882463, 0.0082816218530498, 0.027332298100405106, 0.0007610812045552791, 0.008650835098096483, 0.035281320131907316, 0.007937377399412821, 0.005611020858532697, 0.00828401109934438, 0.010209602818145706, 0.0063471731136994685, 0.012922879127452094, 0.009591312129786117, 0.0008144535417758428, 0.013074492442427728, 0.006003672506812117, 0.006975175128517912, 0.011884361325852036, 0.006361891005434219, 0.003818964484039748, 0.007773739031157203]}, {'overall_acc': 0.83595909342178, 'bal_acc': 0.7577252526848773, 'avg_odds_diff': 0.07705927618256132, 'disp_imp': 0.5228646353646353, 'stat_par_diff': 0.12088204122308871, 'eq_opp_diff': 0.1133494708624243, 'theil_ind': 0.12807182572790293, 'TPR': 0.6017748197448697, 'TNR': 0.913675685624885, 'FPR': 0.08632431437511504, 'FNR': 0.3982251802551303, 'GTPR': 1.0, 'GTNR': 1.0, 'GFPR': 0.0, 'GFNR': 0.0, 'PPV': 0.6981981981981982, 'NPV': 0.8736360436466033, 'FDR': 0.30180180180180183, 'FOR': 0.1263639563533967, 'ACC': 0.83595909342178, 'MCC': 0.5429109033226662, 'f1_score': 0.6464104855525766, 'fitness': 0.7588998172392186, 'solution': {'corr_type': 'spearman', 'l2': 0.001, 'dropout': 0.13107862450068292, 'privileged_demotion': 0.3424622172588437, 'privileged_promotion': 0.21823877998844432, 'protected_demotion': 0.0367278997295427, 'protected_promotion': 0.3394091369080478}, 'corr': [0.08878561034712386, 0.0004271080272228362, 1.0, 0.06549862377763126, 0.04161862285116001, 0.26873187584540986, 0.0007877300035752458, 0.04408684881510212, 0.060248997881708365, 0.08432743080064875, 0.10114890341798197, 0.031584910320330464, 0.0022040238263125, 0.0017075065134908626, 0.00803790170824407, 0.0023760632167443988, 0.011869875565881304, 0.018861314697033026, 0.021411925962376236, 0.01178786981084217, 0.025781028676640377, 0.006364943903368105, 0.0185545685753383, 0.027340467290208403, 0.015438568902299695, 0.00733511519605052, 0.005752258205748117, 0.045609401523734244, 0.06087437381174177, 0.24795938841648302, 0.01839947598068323, 0.44044585558685373, 0.046784012630782204, 0.17025436322424725, 0.10588843788906925, 0.17926594771881163, 0.27638074684925146, 0.011556536621839274, 0.22626282780455154, 0.031142655713223506, 0.10396378473651503, 0.09541888918633287, 0.03665956466321101, 0.16726192329807207, 0.09686250477717578, 0.0319426687798517, 0.06158250905789413, 0.02603674137234539, 0.02653351190557764, 0.1350890718319676, 0.5839018680096824, 0.17101890857190694, 0.05083664132400642, 0.0997255837498176, 0.3320543132867076, 0.31616818175396816, 0.010398513965417447, 0.0074042648527431545, 0.10989335810093077, 0.012235891916561563, 0.10226428315735513, 0.005230069554077198, 0.00027508944698537754, 0.006034653792840116, 0.008591967292247336, 0.003654543412302158, 0.013752628135849751, 0.0012816539446870152, 0.004589591325486973, 0.0027500603786986375, 0.002913003465896708, 0.010252059431871364, 0.009811218479855994, 0.00404991251567519, 0.0012696765975905662, 0.008458070420794453, 0.0010194550072192222, 0.006850027526656581, 0.003953534547690338, 0.02954722823461106, 0.011454678919282828, 0.004247693480882463, 0.0082816218530498, 0.027332298100405106, 0.0007610812045552791, 0.008650835098096483, 0.035281320131907316, 0.007937377399412821, 0.005611020858532697, 0.00828401109934438, 0.010209602818145706, 0.0063471731136994685, 0.012922879127452094, 0.009591312129786117, 0.0008144535417758428, 0.013074492442427728, 0.006003672506812117, 0.006975175128517912, 0.011884361325852036, 0.006361891005434219, 0.003818964484039748, 0.007773739031157203]}, {'overall_acc': 0.8385848535102266, 'bal_acc': 0.7635501050001638, 'avg_odds_diff': 0.057625712971993495, 'disp_imp': 0.4418185789745423, 'stat_par_diff': 0.14821382434049912, 'eq_opp_diff': 0.05401404365134932, 'theil_ind': 0.12476147874682003, 'TPR': 0.6139767054908486, 'TNR': 0.9131235045094791, 'FPR': 0.08687649549052089, 'FNR': 0.3860232945091514, 'GTPR': 1.0, 'GTNR': 1.0, 'GFPR': 0.0, 'GFNR': 0.0, 'PPV': 0.7010766307789741, 'NPV': 0.8769665900654057, 'FDR': 0.29892336922102597, 'FOR': 0.1230334099345943, 'ACC': 0.8385848535102266, 'MCC': 0.5519843322924468, 'f1_score': 0.654642223536369, 'fitness': 0.7809591405382331, 'solution': {'corr_type': 'spearman', 'l2': 0.001, 'dropout': 0.03791628469222668, 'privileged_demotion': 0.1834165530867748, 'privileged_promotion': 0.1434737667700233, 'protected_demotion': 0.05280868187561245, 'protected_promotion': 0.32777307571846936}, 'corr': [0.08878561034712386, 0.0004271080272228362, 1.0, 0.06549862377763126, 0.04161862285116001, 0.26873187584540986, 0.0007877300035752458, 0.04408684881510212, 0.060248997881708365, 0.08432743080064875, 0.10114890341798197, 0.031584910320330464, 0.0022040238263125, 0.0017075065134908626, 0.00803790170824407, 0.0023760632167443988, 0.011869875565881304, 0.018861314697033026, 0.021411925962376236, 0.01178786981084217, 0.025781028676640377, 0.006364943903368105, 0.0185545685753383, 0.027340467290208403, 0.015438568902299695, 0.00733511519605052, 0.005752258205748117, 0.045609401523734244, 0.06087437381174177, 0.24795938841648302, 0.01839947598068323, 0.44044585558685373, 0.046784012630782204, 0.17025436322424725, 0.10588843788906925, 0.17926594771881163, 0.27638074684925146, 0.011556536621839274, 0.22626282780455154, 0.031142655713223506, 0.10396378473651503, 0.09541888918633287, 0.03665956466321101, 0.16726192329807207, 0.09686250477717578, 0.0319426687798517, 0.06158250905789413, 0.02603674137234539, 0.02653351190557764, 0.1350890718319676, 0.5839018680096824, 0.17101890857190694, 0.05083664132400642, 0.0997255837498176, 0.3320543132867076, 0.31616818175396816, 0.010398513965417447, 0.0074042648527431545, 0.10989335810093077, 0.012235891916561563, 0.10226428315735513, 0.005230069554077198, 0.00027508944698537754, 0.006034653792840116, 0.008591967292247336, 0.003654543412302158, 0.013752628135849751, 0.0012816539446870152, 0.004589591325486973, 0.0027500603786986375, 0.002913003465896708, 0.010252059431871364, 0.009811218479855994, 0.00404991251567519, 0.0012696765975905662, 0.008458070420794453, 0.0010194550072192222, 0.006850027526656581, 0.003953534547690338, 0.02954722823461106, 0.011454678919282828, 0.004247693480882463, 0.0082816218530498, 0.027332298100405106, 0.0007610812045552791, 0.008650835098096483, 0.035281320131907316, 0.007937377399412821, 0.005611020858532697, 0.00828401109934438, 0.010209602818145706, 0.0063471731136994685, 0.012922879127452094, 0.009591312129786117, 0.0008144535417758428, 0.013074492442427728, 0.006003672506812117, 0.006975175128517912, 0.011884361325852036, 0.006361891005434219, 0.003818964484039748, 0.007773739031157203]}, {'overall_acc': 0.8372028745163074, 'bal_acc': 0.7331694246628035, 'avg_odds_diff': 0.053452782226358894, 'disp_imp': 0.43416715859897675, 'stat_par_diff': 0.12129912312616332, 'eq_opp_diff': 0.062311200912237186, 'theil_ind': 0.14315613135829727, 'TPR': 0.5257903494176372, 'TNR': 0.9405484999079698, 'FPR': 0.059451500092030186, 'FNR': 0.47420965058236275, 'GTPR': 1.0, 'GTNR': 1.0, 'GFPR': 0.0, 'GFNR': 0.0, 'PPV': 0.7458693941778127, 'NPV': 0.856663872590109, 'FDR': 0.25413060582218727, 'FOR': 0.14333612740989102, 'ACC': 0.8372028745163074, 'MCC': 0.5300798716278065, 'f1_score': 0.6167859466493169, 'fitness': 0.7837500922899485, 'solution': {'corr_type': 'spearman', 'l2': 0.001, 'dropout': 0.12432280799234115, 'privileged_demotion': 0.33455950685228497, 'privileged_promotion': 0.1460873000956123, 'protected_demotion': 0.17379548700167752, 'protected_promotion': 0.32929194952198587}, 'corr': [0.08878561034712386, 0.0004271080272228362, 1.0, 0.06549862377763126, 0.04161862285116001, 0.26873187584540986, 0.0007877300035752458, 0.04408684881510212, 0.060248997881708365, 0.08432743080064875, 0.10114890341798197, 0.031584910320330464, 0.0022040238263125, 0.0017075065134908626, 0.00803790170824407, 0.0023760632167443988, 0.011869875565881304, 0.018861314697033026, 0.021411925962376236, 0.01178786981084217, 0.025781028676640377, 0.006364943903368105, 0.0185545685753383, 0.027340467290208403, 0.015438568902299695, 0.00733511519605052, 0.005752258205748117, 0.045609401523734244, 0.06087437381174177, 0.24795938841648302, 0.01839947598068323, 0.44044585558685373, 0.046784012630782204, 0.17025436322424725, 0.10588843788906925, 0.17926594771881163, 0.27638074684925146, 0.011556536621839274, 0.22626282780455154, 0.031142655713223506, 0.10396378473651503, 0.09541888918633287, 0.03665956466321101, 0.16726192329807207, 0.09686250477717578, 0.0319426687798517, 0.06158250905789413, 0.02603674137234539, 0.02653351190557764, 0.1350890718319676, 0.5839018680096824, 0.17101890857190694, 0.05083664132400642, 0.0997255837498176, 0.3320543132867076, 0.31616818175396816, 0.010398513965417447, 0.0074042648527431545, 0.10989335810093077, 0.012235891916561563, 0.10226428315735513, 0.005230069554077198, 0.00027508944698537754, 0.006034653792840116, 0.008591967292247336, 0.003654543412302158, 0.013752628135849751, 0.0012816539446870152, 0.004589591325486973, 0.0027500603786986375, 0.002913003465896708, 0.010252059431871364, 0.009811218479855994, 0.00404991251567519, 0.0012696765975905662, 0.008458070420794453, 0.0010194550072192222, 0.006850027526656581, 0.003953534547690338, 0.02954722823461106, 0.011454678919282828, 0.004247693480882463, 0.0082816218530498, 0.027332298100405106, 0.0007610812045552791, 0.008650835098096483, 0.035281320131907316, 0.007937377399412821, 0.005611020858532697, 0.00828401109934438, 0.010209602818145706, 0.0063471731136994685, 0.012922879127452094, 0.009591312129786117, 0.0008144535417758428, 0.013074492442427728, 0.006003672506812117, 0.006975175128517912, 0.011884361325852036, 0.006361891005434219, 0.003818964484039748, 0.007773739031157203]}, {'overall_acc': 0.8388612493090105, 'bal_acc': 0.7546551808094553, 'avg_odds_diff': 0.043791966446553234, 'disp_imp': 0.3987680056700924, 'stat_par_diff': 0.15207776389262379, 'eq_opp_diff': 0.022628383379678763, 'theil_ind': 0.13024673597797734, 'TPR': 0.5867997781475319, 'TNR': 0.9225105834713786, 'FPR': 0.07748941652862139, 'FNR': 0.41320022185246813, 'GTPR': 1.0, 'GTNR': 1.0, 'GFPR': 0.0, 'GFNR': 0.0, 'PPV': 0.7153482082488167, 'NPV': 0.8705923223901337, 'FDR': 0.2846517917511832, 'FOR': 0.12940767760986624, 'ACC': 0.8388612493090105, 'MCC': 0.5462834278530698, 'f1_score': 0.6447288238878732, 'fitness': 0.7950692828624573, 'solution': {'corr_type': 'spearman', 'l2': 0.001, 'dropout': 0.16402638658708807, 'privileged_demotion': 0.3329659742219849, 'privileged_promotion': 0.23990990806474927, 'protected_demotion': 0.17068325199052234, 'protected_promotion': 0.33195601031776767}, 'corr': [0.08878561034712386, 0.0004271080272228362, 1.0, 0.06549862377763126, 0.04161862285116001, 0.26873187584540986, 0.0007877300035752458, 0.04408684881510212, 0.060248997881708365, 0.08432743080064875, 0.10114890341798197, 0.031584910320330464, 0.0022040238263125, 0.0017075065134908626, 0.00803790170824407, 0.0023760632167443988, 0.011869875565881304, 0.018861314697033026, 0.021411925962376236, 0.01178786981084217, 0.025781028676640377, 0.006364943903368105, 0.0185545685753383, 0.027340467290208403, 0.015438568902299695, 0.00733511519605052, 0.005752258205748117, 0.045609401523734244, 0.06087437381174177, 0.24795938841648302, 0.01839947598068323, 0.44044585558685373, 0.046784012630782204, 0.17025436322424725, 0.10588843788906925, 0.17926594771881163, 0.27638074684925146, 0.011556536621839274, 0.22626282780455154, 0.031142655713223506, 0.10396378473651503, 0.09541888918633287, 0.03665956466321101, 0.16726192329807207, 0.09686250477717578, 0.0319426687798517, 0.06158250905789413, 0.02603674137234539, 0.02653351190557764, 0.1350890718319676, 0.5839018680096824, 0.17101890857190694, 0.05083664132400642, 0.0997255837498176, 0.3320543132867076, 0.31616818175396816, 0.010398513965417447, 0.0074042648527431545, 0.10989335810093077, 0.012235891916561563, 0.10226428315735513, 0.005230069554077198, 0.00027508944698537754, 0.006034653792840116, 0.008591967292247336, 0.003654543412302158, 0.013752628135849751, 0.0012816539446870152, 0.004589591325486973, 0.0027500603786986375, 0.002913003465896708, 0.010252059431871364, 0.009811218479855994, 0.00404991251567519, 0.0012696765975905662, 0.008458070420794453, 0.0010194550072192222, 0.006850027526656581, 0.003953534547690338, 0.02954722823461106, 0.011454678919282828, 0.004247693480882463, 0.0082816218530498, 0.027332298100405106, 0.0007610812045552791, 0.008650835098096483, 0.035281320131907316, 0.007937377399412821, 0.005611020858532697, 0.00828401109934438, 0.010209602818145706, 0.0063471731136994685, 0.012922879127452094, 0.009591312129786117, 0.0008144535417758428, 0.013074492442427728, 0.006003672506812117, 0.006975175128517912, 0.011884361325852036, 0.006361891005434219, 0.003818964484039748, 0.007773739031157203]}, {'overall_acc': 0.8389994472084025, 'bal_acc': 0.7486327928206042, 'avg_odds_diff': 0.034454780647971445, 'disp_imp': 0.40208142026323845, 'stat_par_diff': 0.14419960875502896, 'eq_opp_diff': 0.012440734590993596, 'theil_ind': 0.13392789078728917, 'TPR': 0.5684969495285636, 'TNR': 0.9287686361126449, 'FPR': 0.07123136388735506, 'FNR': 0.4315030504714365, 'GTPR': 1.0, 'GTNR': 1.0, 'GFPR': 0.0, 'GFNR': 0.0, 'PPV': 0.7259206798866855, 'NPV': 0.8664148351648352, 'FDR': 0.27407932011331443, 'FOR': 0.13358516483516483, 'ACC': 0.8389994472084025, 'MCC': 0.5427228268538015, 'f1_score': 0.6376360808709176, 'fitness': 0.804544666560431, 'solution': {'corr_type': 'spearman', 'l2': 0.001, 'dropout': 0.04429810218384811, 'privileged_demotion': 0.3361866677779268, 'privileged_promotion': 0.22129518714725943, 'protected_demotion': 0.16233171280160058, 'protected_promotion': 0.3360483154836439}, 'corr': [0.08878561034712386, 0.0004271080272228362, 1.0, 0.06549862377763126, 0.04161862285116001, 0.26873187584540986, 0.0007877300035752458, 0.04408684881510212, 0.060248997881708365, 0.08432743080064875, 0.10114890341798197, 0.031584910320330464, 0.0022040238263125, 0.0017075065134908626, 0.00803790170824407, 0.0023760632167443988, 0.011869875565881304, 0.018861314697033026, 0.021411925962376236, 0.01178786981084217, 0.025781028676640377, 0.006364943903368105, 0.0185545685753383, 0.027340467290208403, 0.015438568902299695, 0.00733511519605052, 0.005752258205748117, 0.045609401523734244, 0.06087437381174177, 0.24795938841648302, 0.01839947598068323, 0.44044585558685373, 0.046784012630782204, 0.17025436322424725, 0.10588843788906925, 0.17926594771881163, 0.27638074684925146, 0.011556536621839274, 0.22626282780455154, 0.031142655713223506, 0.10396378473651503, 0.09541888918633287, 0.03665956466321101, 0.16726192329807207, 0.09686250477717578, 0.0319426687798517, 0.06158250905789413, 0.02603674137234539, 0.02653351190557764, 0.1350890718319676, 0.5839018680096824, 0.17101890857190694, 0.05083664132400642, 0.0997255837498176, 0.3320543132867076, 0.31616818175396816, 0.010398513965417447, 0.0074042648527431545, 0.10989335810093077, 0.012235891916561563, 0.10226428315735513, 0.005230069554077198, 0.00027508944698537754, 0.006034653792840116, 0.008591967292247336, 0.003654543412302158, 0.013752628135849751, 0.0012816539446870152, 0.004589591325486973, 0.0027500603786986375, 0.002913003465896708, 0.010252059431871364, 0.009811218479855994, 0.00404991251567519, 0.0012696765975905662, 0.008458070420794453, 0.0010194550072192222, 0.006850027526656581, 0.003953534547690338, 0.02954722823461106, 0.011454678919282828, 0.004247693480882463, 0.0082816218530498, 0.027332298100405106, 0.0007610812045552791, 0.008650835098096483, 0.035281320131907316, 0.007937377399412821, 0.005611020858532697, 0.00828401109934438, 0.010209602818145706, 0.0063471731136994685, 0.012922879127452094, 0.009591312129786117, 0.0008144535417758428, 0.013074492442427728, 0.006003672506812117, 0.006975175128517912, 0.011884361325852036, 0.006361891005434219, 0.003818964484039748, 0.007773739031157203]}, {'overall_acc': 0.8312603648424544, 'bal_acc': 0.7088307327532216, 'avg_odds_diff': 0.102505742520034, 'disp_imp': 0.6316550747830368, 'stat_par_diff': 0.0631106611618183, 'eq_opp_diff': 0.19667613579530674, 'theil_ind': 0.15749396179856673, 'TPR': 0.4647809206877426, 'TNR': 0.9528805448187005, 'FPR': 0.047119455181299466, 'FNR': 0.5352190793122573, 'GTPR': 1.0, 'GTNR': 1.0, 'GFPR': 0.0, 'GFNR': 0.0, 'PPV': 0.7659963436928702, 'NPV': 0.8428850537284273, 'FDR': 0.2340036563071298, 'FOR': 0.15711494627157277, 'ACC': 0.8312603648424544, 'MCC': 0.5042879105893677, 'f1_score': 0.5785295132896099, 'fitness': 0.7287546223224204, 'solution': {'corr_type': 'spearman', 'l2': 0.001, 'dropout': 0.021014090251825934, 'privileged_demotion': 0.5459803249114399, 'privileged_promotion': 0.23778821150907953, 'protected_demotion': 0.16820202276197405, 'protected_promotion': 0.4343619827353214}, 'corr': [0.08878561034712386, 0.0004271080272228362, 1.0, 0.06549862377763126, 0.04161862285116001, 0.26873187584540986, 0.0007877300035752458, 0.04408684881510212, 0.060248997881708365, 0.08432743080064875, 0.10114890341798197, 0.031584910320330464, 0.0022040238263125, 0.0017075065134908626, 0.00803790170824407, 0.0023760632167443988, 0.011869875565881304, 0.018861314697033026, 0.021411925962376236, 0.01178786981084217, 0.025781028676640377, 0.006364943903368105, 0.0185545685753383, 0.027340467290208403, 0.015438568902299695, 0.00733511519605052, 0.005752258205748117, 0.045609401523734244, 0.06087437381174177, 0.24795938841648302, 0.01839947598068323, 0.44044585558685373, 0.046784012630782204, 0.17025436322424725, 0.10588843788906925, 0.17926594771881163, 0.27638074684925146, 0.011556536621839274, 0.22626282780455154, 0.031142655713223506, 0.10396378473651503, 0.09541888918633287, 0.03665956466321101, 0.16726192329807207, 0.09686250477717578, 0.0319426687798517, 0.06158250905789413, 0.02603674137234539, 0.02653351190557764, 0.1350890718319676, 0.5839018680096824, 0.17101890857190694, 0.05083664132400642, 0.0997255837498176, 0.3320543132867076, 0.31616818175396816, 0.010398513965417447, 0.0074042648527431545, 0.10989335810093077, 0.012235891916561563, 0.10226428315735513, 0.005230069554077198, 0.00027508944698537754, 0.006034653792840116, 0.008591967292247336, 0.003654543412302158, 0.013752628135849751, 0.0012816539446870152, 0.004589591325486973, 0.0027500603786986375, 0.002913003465896708, 0.010252059431871364, 0.009811218479855994, 0.00404991251567519, 0.0012696765975905662, 0.008458070420794453, 0.0010194550072192222, 0.006850027526656581, 0.003953534547690338, 0.02954722823461106, 0.011454678919282828, 0.004247693480882463, 0.0082816218530498, 0.027332298100405106, 0.0007610812045552791, 0.008650835098096483, 0.035281320131907316, 0.007937377399412821, 0.005611020858532697, 0.00828401109934438, 0.010209602818145706, 0.0063471731136994685, 0.012922879127452094, 0.009591312129786117, 0.0008144535417758428, 0.013074492442427728, 0.006003672506812117, 0.006975175128517912, 0.011884361325852036, 0.006361891005434219, 0.003818964484039748, 0.007773739031157203]}, {'overall_acc': 0.8343007186290768, 'bal_acc': 0.7238253747894867, 'avg_odds_diff': 0.08104939716818808, 'disp_imp': 0.5210752286727646, 'stat_par_diff': 0.09469604694939654, 'eq_opp_diff': 0.13330465921139495, 'theil_ind': 0.14862501694503288, 'TPR': 0.5036051026067665, 'TNR': 0.9440456469722068, 'FPR': 0.05595435302779311, 'FNR': 0.4963948973932335, 'GTPR': 1.0, 'GTNR': 1.0, 'GFPR': 0.0, 'GFNR': 0.0, 'PPV': 0.7491749174917491, 'NPV': 0.8514276228419655, 'FDR': 0.2508250825082508, 'FOR': 0.14857237715803454, 'ACC': 0.8343007186290768, 'MCC': 0.5185172874450985, 'f1_score': 0.6023217247097843, 'fitness': 0.7532513214608888, 'solution': {'corr_type': 'spearman', 'l2': 0.001, 'dropout': 0.06216733357063298, 'privileged_demotion': 0.5441577495052115, 'privileged_promotion': 0.22298770363334822, 'protected_demotion': 0.17332302454725843, 'protected_promotion': 0.28276217676765847}, 'corr': [0.08878561034712386, 0.0004271080272228362, 1.0, 0.06549862377763126, 0.04161862285116001, 0.26873187584540986, 0.0007877300035752458, 0.04408684881510212, 0.060248997881708365, 0.08432743080064875, 0.10114890341798197, 0.031584910320330464, 0.0022040238263125, 0.0017075065134908626, 0.00803790170824407, 0.0023760632167443988, 0.011869875565881304, 0.018861314697033026, 0.021411925962376236, 0.01178786981084217, 0.025781028676640377, 0.006364943903368105, 0.0185545685753383, 0.027340467290208403, 0.015438568902299695, 0.00733511519605052, 0.005752258205748117, 0.045609401523734244, 0.06087437381174177, 0.24795938841648302, 0.01839947598068323, 0.44044585558685373, 0.046784012630782204, 0.17025436322424725, 0.10588843788906925, 0.17926594771881163, 0.27638074684925146, 0.011556536621839274, 0.22626282780455154, 0.031142655713223506, 0.10396378473651503, 0.09541888918633287, 0.03665956466321101, 0.16726192329807207, 0.09686250477717578, 0.0319426687798517, 0.06158250905789413, 0.02603674137234539, 0.02653351190557764, 0.1350890718319676, 0.5839018680096824, 0.17101890857190694, 0.05083664132400642, 0.0997255837498176, 0.3320543132867076, 0.31616818175396816, 0.010398513965417447, 0.0074042648527431545, 0.10989335810093077, 0.012235891916561563, 0.10226428315735513, 0.005230069554077198, 0.00027508944698537754, 0.006034653792840116, 0.008591967292247336, 0.003654543412302158, 0.013752628135849751, 0.0012816539446870152, 0.004589591325486973, 0.0027500603786986375, 0.002913003465896708, 0.010252059431871364, 0.009811218479855994, 0.00404991251567519, 0.0012696765975905662, 0.008458070420794453, 0.0010194550072192222, 0.006850027526656581, 0.003953534547690338, 0.02954722823461106, 0.011454678919282828, 0.004247693480882463, 0.0082816218530498, 0.027332298100405106, 0.0007610812045552791, 0.008650835098096483, 0.035281320131907316, 0.007937377399412821, 0.005611020858532697, 0.00828401109934438, 0.010209602818145706, 0.0063471731136994685, 0.012922879127452094, 0.009591312129786117, 0.0008144535417758428, 0.013074492442427728, 0.006003672506812117, 0.006975175128517912, 0.011884361325852036, 0.006361891005434219, 0.003818964484039748, 0.007773739031157203]}, {'overall_acc': 0.839828634604754, 'bal_acc': 0.7386237061796203, 'avg_odds_diff': 0.034417937993051144, 'disp_imp': 0.36313758705063054, 'stat_par_diff': 0.14273164918719122, 'eq_opp_diff': 0.013763578530417986, 'theil_ind': 0.14002613988943508, 'TPR': 0.5368829728230726, 'TNR': 0.9403644395361679, 'FPR': 0.05963556046383214, 'FNR': 0.4631170271769273, 'GTPR': 1.0, 'GTNR': 1.0, 'GFPR': 0.0, 'GFNR': 0.0, 'PPV': 0.7492260061919505, 'NPV': 0.8595222072678331, 'FDR': 0.25077399380804954, 'FOR': 0.1404777927321669, 'ACC': 0.839828634604754, 'MCC': 0.5390023280580449, 'f1_score': 0.6255250403877222, 'fitness': 0.8054106966117028, 'solution': {'corr_type': 'spearman', 'l2': 0.001, 'dropout': 0.11079639934605755, 'privileged_demotion': 0.36628858316738555, 'privileged_promotion': 0.2303101787025731, 'protected_demotion': 0.25317212258864225, 'protected_promotion': 0.28403781655826643}, 'corr': [0.08878561034712386, 0.0004271080272228362, 1.0, 0.06549862377763126, 0.04161862285116001, 0.26873187584540986, 0.0007877300035752458, 0.04408684881510212, 0.060248997881708365, 0.08432743080064875, 0.10114890341798197, 0.031584910320330464, 0.0022040238263125, 0.0017075065134908626, 0.00803790170824407, 0.0023760632167443988, 0.011869875565881304, 0.018861314697033026, 0.021411925962376236, 0.01178786981084217, 0.025781028676640377, 0.006364943903368105, 0.0185545685753383, 0.027340467290208403, 0.015438568902299695, 0.00733511519605052, 0.005752258205748117, 0.045609401523734244, 0.06087437381174177, 0.24795938841648302, 0.01839947598068323, 0.44044585558685373, 0.046784012630782204, 0.17025436322424725, 0.10588843788906925, 0.17926594771881163, 0.27638074684925146, 0.011556536621839274, 0.22626282780455154, 0.031142655713223506, 0.10396378473651503, 0.09541888918633287, 0.03665956466321101, 0.16726192329807207, 0.09686250477717578, 0.0319426687798517, 0.06158250905789413, 0.02603674137234539, 0.02653351190557764, 0.1350890718319676, 0.5839018680096824, 0.17101890857190694, 0.05083664132400642, 0.0997255837498176, 0.3320543132867076, 0.31616818175396816, 0.010398513965417447, 0.0074042648527431545, 0.10989335810093077, 0.012235891916561563, 0.10226428315735513, 0.005230069554077198, 0.00027508944698537754, 0.006034653792840116, 0.008591967292247336, 0.003654543412302158, 0.013752628135849751, 0.0012816539446870152, 0.004589591325486973, 0.0027500603786986375, 0.002913003465896708, 0.010252059431871364, 0.009811218479855994, 0.00404991251567519, 0.0012696765975905662, 0.008458070420794453, 0.0010194550072192222, 0.006850027526656581, 0.003953534547690338, 0.02954722823461106, 0.011454678919282828, 0.004247693480882463, 0.0082816218530498, 0.027332298100405106, 0.0007610812045552791, 0.008650835098096483, 0.035281320131907316, 0.007937377399412821, 0.005611020858532697, 0.00828401109934438, 0.010209602818145706, 0.0063471731136994685, 0.012922879127452094, 0.009591312129786117, 0.0008144535417758428, 0.013074492442427728, 0.006003672506812117, 0.006975175128517912, 0.011884361325852036, 0.006361891005434219, 0.003818964484039748, 0.007773739031157203]}, {'overall_acc': 0.8421779988944168, 'bal_acc': 0.7585314738641928, 'avg_odds_diff': 0.06497909678308905, 'disp_imp': 0.3330934371750699, 'stat_par_diff': 0.17248050366198964, 'eq_opp_diff': 0.055339388240942644, 'theil_ind': 0.12817746329659407, 'TPR': 0.5917914586799778, 'TNR': 0.9252714890484078, 'FPR': 0.07472851095159212, 'FNR': 0.4082085413200222, 'GTPR': 1.0, 'GTNR': 1.0, 'GFPR': 0.0, 'GFNR': 0.0, 'PPV': 0.7243720298710116, 'NPV': 0.8722887385042513, 'FDR': 0.2756279701289885, 'FOR': 0.12771126149574874, 'ACC': 0.8421779988944168, 'MCC': 0.5554378234240058, 'f1_score': 0.6514041514041514, 'fitness': 0.7771989021113277, 'solution': {'corr_type': 'spearman', 'l2': 0.001, 'dropout': 0.16394972445798903, 'privileged_demotion': 0.2506967377467804, 'privileged_promotion': 0.22139451419253936, 'protected_demotion': 0.1598515683623272, 'protected_promotion': 0.27252714123320465}, 'corr': [0.08878561034712386, 0.0004271080272228362, 1.0, 0.06549862377763126, 0.04161862285116001, 0.26873187584540986, 0.0007877300035752458, 0.04408684881510212, 0.060248997881708365, 0.08432743080064875, 0.10114890341798197, 0.031584910320330464, 0.0022040238263125, 0.0017075065134908626, 0.00803790170824407, 0.0023760632167443988, 0.011869875565881304, 0.018861314697033026, 0.021411925962376236, 0.01178786981084217, 0.025781028676640377, 0.006364943903368105, 0.0185545685753383, 0.027340467290208403, 0.015438568902299695, 0.00733511519605052, 0.005752258205748117, 0.045609401523734244, 0.06087437381174177, 0.24795938841648302, 0.01839947598068323, 0.44044585558685373, 0.046784012630782204, 0.17025436322424725, 0.10588843788906925, 0.17926594771881163, 0.27638074684925146, 0.011556536621839274, 0.22626282780455154, 0.031142655713223506, 0.10396378473651503, 0.09541888918633287, 0.03665956466321101, 0.16726192329807207, 0.09686250477717578, 0.0319426687798517, 0.06158250905789413, 0.02603674137234539, 0.02653351190557764, 0.1350890718319676, 0.5839018680096824, 0.17101890857190694, 0.05083664132400642, 0.0997255837498176, 0.3320543132867076, 0.31616818175396816, 0.010398513965417447, 0.0074042648527431545, 0.10989335810093077, 0.012235891916561563, 0.10226428315735513, 0.005230069554077198, 0.00027508944698537754, 0.006034653792840116, 0.008591967292247336, 0.003654543412302158, 0.013752628135849751, 0.0012816539446870152, 0.004589591325486973, 0.0027500603786986375, 0.002913003465896708, 0.010252059431871364, 0.009811218479855994, 0.00404991251567519, 0.0012696765975905662, 0.008458070420794453, 0.0010194550072192222, 0.006850027526656581, 0.003953534547690338, 0.02954722823461106, 0.011454678919282828, 0.004247693480882463, 0.0082816218530498, 0.027332298100405106, 0.0007610812045552791, 0.008650835098096483, 0.035281320131907316, 0.007937377399412821, 0.005611020858532697, 0.00828401109934438, 0.010209602818145706, 0.0063471731136994685, 0.012922879127452094, 0.009591312129786117, 0.0008144535417758428, 0.013074492442427728, 0.006003672506812117, 0.006975175128517912, 0.011884361325852036, 0.006361891005434219, 0.003818964484039748, 0.007773739031157203]}, {'overall_acc': 0.8403814262023217, 'bal_acc': 0.745291530497211, 'avg_odds_diff': 0.04692020587309299, 'disp_imp': 0.4107391289449337, 'stat_par_diff': 0.13601088314852017, 'eq_opp_diff': 0.040863124412347296, 'theil_ind': 0.13605069860865462, 'TPR': 0.5557404326123128, 'TNR': 0.9348426283821093, 'FPR': 0.06515737161789067, 'FNR': 0.4442595673876872, 'GTPR': 1.0, 'GTNR': 1.0, 'GFPR': 0.0, 'GFNR': 0.0, 'PPV': 0.7389380530973452, 'NPV': 0.8637755102040816, 'FDR': 0.2610619469026549, 'FOR': 0.13622448979591836, 'ACC': 0.8403814262023217, 'MCC': 0.5437656340623866, 'f1_score': 0.634377967711301, 'fitness': 0.7934612203292287, 'solution': {'corr_type': 'spearman', 'l2': 0.001, 'dropout': 0.06221200510822295, 'privileged_demotion': 0.3801916168883876, 'privileged_promotion': 0.2008322065957066, 'protected_demotion': 0.25116763805652936, 'protected_promotion': 0.37799108183490016}, 'corr': [0.08878561034712386, 0.0004271080272228362, 1.0, 0.06549862377763126, 0.04161862285116001, 0.26873187584540986, 0.0007877300035752458, 0.04408684881510212, 0.060248997881708365, 0.08432743080064875, 0.10114890341798197, 0.031584910320330464, 0.0022040238263125, 0.0017075065134908626, 0.00803790170824407, 0.0023760632167443988, 0.011869875565881304, 0.018861314697033026, 0.021411925962376236, 0.01178786981084217, 0.025781028676640377, 0.006364943903368105, 0.0185545685753383, 0.027340467290208403, 0.015438568902299695, 0.00733511519605052, 0.005752258205748117, 0.045609401523734244, 0.06087437381174177, 0.24795938841648302, 0.01839947598068323, 0.44044585558685373, 0.046784012630782204, 0.17025436322424725, 0.10588843788906925, 0.17926594771881163, 0.27638074684925146, 0.011556536621839274, 0.22626282780455154, 0.031142655713223506, 0.10396378473651503, 0.09541888918633287, 0.03665956466321101, 0.16726192329807207, 0.09686250477717578, 0.0319426687798517, 0.06158250905789413, 0.02603674137234539, 0.02653351190557764, 0.1350890718319676, 0.5839018680096824, 0.17101890857190694, 0.05083664132400642, 0.0997255837498176, 0.3320543132867076, 0.31616818175396816, 0.010398513965417447, 0.0074042648527431545, 0.10989335810093077, 0.012235891916561563, 0.10226428315735513, 0.005230069554077198, 0.00027508944698537754, 0.006034653792840116, 0.008591967292247336, 0.003654543412302158, 0.013752628135849751, 0.0012816539446870152, 0.004589591325486973, 0.0027500603786986375, 0.002913003465896708, 0.010252059431871364, 0.009811218479855994, 0.00404991251567519, 0.0012696765975905662, 0.008458070420794453, 0.0010194550072192222, 0.006850027526656581, 0.003953534547690338, 0.02954722823461106, 0.011454678919282828, 0.004247693480882463, 0.0082816218530498, 0.027332298100405106, 0.0007610812045552791, 0.008650835098096483, 0.035281320131907316, 0.007937377399412821, 0.005611020858532697, 0.00828401109934438, 0.010209602818145706, 0.0063471731136994685, 0.012922879127452094, 0.009591312129786117, 0.0008144535417758428, 0.013074492442427728, 0.006003672506812117, 0.006975175128517912, 0.011884361325852036, 0.006361891005434219, 0.003818964484039748, 0.007773739031157203]}, {'overall_acc': 0.8311221669430625, 'bal_acc': 0.7117032689550792, 'avg_odds_diff': 0.08454438732579866, 'disp_imp': 0.56180478714111, 'stat_par_diff': 0.07934838202804098, 'eq_opp_diff': 0.1502440634564987, 'theil_ind': 0.15576978783707085, 'TPR': 0.473655019412091, 'TNR': 0.9497515184980674, 'FPR': 0.05024848150193263, 'FNR': 0.526344980587909, 'GTPR': 1.0, 'GTNR': 1.0, 'GFPR': 0.0, 'GFNR': 0.0, 'PPV': 0.7577639751552795, 'NPV': 0.844655426420036, 'FDR': 0.2422360248447205, 'FOR': 0.15534457357996398, 'ACC': 0.8311221669430625, 'MCC': 0.5050428825267353, 'f1_score': 0.5829351535836178, 'fitness': 0.7465777796172639, 'solution': {'corr_type': 'spearman', 'l2': 0.001, 'dropout': 0.03966119687395616, 'privileged_demotion': 0.5505533612331549, 'privileged_promotion': 0.22461154229713703, 'protected_demotion': 0.12092983127945156, 'protected_promotion': 0.2814309964268413}, 'corr': [0.08878561034712386, 0.0004271080272228362, 1.0, 0.06549862377763126, 0.04161862285116001, 0.26873187584540986, 0.0007877300035752458, 0.04408684881510212, 0.060248997881708365, 0.08432743080064875, 0.10114890341798197, 0.031584910320330464, 0.0022040238263125, 0.0017075065134908626, 0.00803790170824407, 0.0023760632167443988, 0.011869875565881304, 0.018861314697033026, 0.021411925962376236, 0.01178786981084217, 0.025781028676640377, 0.006364943903368105, 0.0185545685753383, 0.027340467290208403, 0.015438568902299695, 0.00733511519605052, 0.005752258205748117, 0.045609401523734244, 0.06087437381174177, 0.24795938841648302, 0.01839947598068323, 0.44044585558685373, 0.046784012630782204, 0.17025436322424725, 0.10588843788906925, 0.17926594771881163, 0.27638074684925146, 0.011556536621839274, 0.22626282780455154, 0.031142655713223506, 0.10396378473651503, 0.09541888918633287, 0.03665956466321101, 0.16726192329807207, 0.09686250477717578, 0.0319426687798517, 0.06158250905789413, 0.02603674137234539, 0.02653351190557764, 0.1350890718319676, 0.5839018680096824, 0.17101890857190694, 0.05083664132400642, 0.0997255837498176, 0.3320543132867076, 0.31616818175396816, 0.010398513965417447, 0.0074042648527431545, 0.10989335810093077, 0.012235891916561563, 0.10226428315735513, 0.005230069554077198, 0.00027508944698537754, 0.006034653792840116, 0.008591967292247336, 0.003654543412302158, 0.013752628135849751, 0.0012816539446870152, 0.004589591325486973, 0.0027500603786986375, 0.002913003465896708, 0.010252059431871364, 0.009811218479855994, 0.00404991251567519, 0.0012696765975905662, 0.008458070420794453, 0.0010194550072192222, 0.006850027526656581, 0.003953534547690338, 0.02954722823461106, 0.011454678919282828, 0.004247693480882463, 0.0082816218530498, 0.027332298100405106, 0.0007610812045552791, 0.008650835098096483, 0.035281320131907316, 0.007937377399412821, 0.005611020858532697, 0.00828401109934438, 0.010209602818145706, 0.0063471731136994685, 0.012922879127452094, 0.009591312129786117, 0.0008144535417758428, 0.013074492442427728, 0.006003672506812117, 0.006975175128517912, 0.011884361325852036, 0.006361891005434219, 0.003818964484039748, 0.007773739031157203]}, {'overall_acc': 0.8406578220011056, 'bal_acc': 0.7488107280552414, 'avg_odds_diff': 0.05658693981152892, 'disp_imp': 0.331480821755136, 'stat_par_diff': 0.16326199176381878, 'eq_opp_diff': 0.04293366275231558, 'theil_ind': 0.13394575900569194, 'TPR': 0.5657237936772047, 'TNR': 0.9318976624332781, 'FPR': 0.06810233756672189, 'FNR': 0.43427620632279534, 'GTPR': 1.0, 'GTNR': 1.0, 'GFPR': 0.0, 'GFNR': 0.0, 'PPV': 0.7338129496402878, 'NPV': 0.866062264796442, 'FDR': 0.26618705035971224, 'FOR': 0.13393773520355798, 'ACC': 0.8406578220011056, 'MCC': 0.5463613984283604, 'f1_score': 0.6388975884747886, 'fitness': 0.7840708821895767, 'solution': {'corr_type': 'spearman', 'l2': 0.001, 'dropout': 0.03774708716096979, 'privileged_demotion': 0.2554914593401842, 'privileged_promotion': 0.10721980146400577, 'protected_demotion': 0.2550617112738396, 'protected_promotion': 0.2672346509855433}, 'corr': [0.08878561034712386, 0.0004271080272228362, 1.0, 0.06549862377763126, 0.04161862285116001, 0.26873187584540986, 0.0007877300035752458, 0.04408684881510212, 0.060248997881708365, 0.08432743080064875, 0.10114890341798197, 0.031584910320330464, 0.0022040238263125, 0.0017075065134908626, 0.00803790170824407, 0.0023760632167443988, 0.011869875565881304, 0.018861314697033026, 0.021411925962376236, 0.01178786981084217, 0.025781028676640377, 0.006364943903368105, 0.0185545685753383, 0.027340467290208403, 0.015438568902299695, 0.00733511519605052, 0.005752258205748117, 0.045609401523734244, 0.06087437381174177, 0.24795938841648302, 0.01839947598068323, 0.44044585558685373, 0.046784012630782204, 0.17025436322424725, 0.10588843788906925, 0.17926594771881163, 0.27638074684925146, 0.011556536621839274, 0.22626282780455154, 0.031142655713223506, 0.10396378473651503, 0.09541888918633287, 0.03665956466321101, 0.16726192329807207, 0.09686250477717578, 0.0319426687798517, 0.06158250905789413, 0.02603674137234539, 0.02653351190557764, 0.1350890718319676, 0.5839018680096824, 0.17101890857190694, 0.05083664132400642, 0.0997255837498176, 0.3320543132867076, 0.31616818175396816, 0.010398513965417447, 0.0074042648527431545, 0.10989335810093077, 0.012235891916561563, 0.10226428315735513, 0.005230069554077198, 0.00027508944698537754, 0.006034653792840116, 0.008591967292247336, 0.003654543412302158, 0.013752628135849751, 0.0012816539446870152, 0.004589591325486973, 0.0027500603786986375, 0.002913003465896708, 0.010252059431871364, 0.009811218479855994, 0.00404991251567519, 0.0012696765975905662, 0.008458070420794453, 0.0010194550072192222, 0.006850027526656581, 0.003953534547690338, 0.02954722823461106, 0.011454678919282828, 0.004247693480882463, 0.0082816218530498, 0.027332298100405106, 0.0007610812045552791, 0.008650835098096483, 0.035281320131907316, 0.007937377399412821, 0.005611020858532697, 0.00828401109934438, 0.010209602818145706, 0.0063471731136994685, 0.012922879127452094, 0.009591312129786117, 0.0008144535417758428, 0.013074492442427728, 0.006003672506812117, 0.006975175128517912, 0.011884361325852036, 0.006361891005434219, 0.003818964484039748, 0.007773739031157203]}, {'overall_acc': 0.8323659480375898, 'bal_acc': 0.708269976445785, 'avg_odds_diff': 0.039318196096301924, 'disp_imp': 0.41603324212019865, 'stat_par_diff': 0.10633743033255823, 'eq_opp_diff': 0.04340628563426491, 'theil_ind': 0.15785747724880975, 'TPR': 0.46089850249584025, 'TNR': 0.9556414503957298, 'FPR': 0.0443585496042702, 'FNR': 0.5391014975041597, 'GTPR': 1.0, 'GTNR': 1.0, 'GFPR': 0.0, 'GFNR': 0.0, 'PPV': 0.7751865671641791, 'NPV': 0.8423101881894873, 'FDR': 0.2248134328358209, 'FOR': 0.15768981181051264, 'ACC': 0.8323659480375898, 'MCC': 0.5071607924373823, 'f1_score': 0.5780869565217391, 'fitness': 0.7930477519412878, 'solution': {'corr_type': 'spearman', 'l2': 0.001, 'dropout': 0.16368541267632333, 'privileged_demotion': 0.3632941904145959, 'privileged_promotion': 0.10851794151095047, 'protected_demotion': 0.24775553618993384, 'protected_promotion': 0.2748310806642671}, 'corr': [0.08878561034712386, 0.0004271080272228362, 1.0, 0.06549862377763126, 0.04161862285116001, 0.26873187584540986, 0.0007877300035752458, 0.04408684881510212, 0.060248997881708365, 0.08432743080064875, 0.10114890341798197, 0.031584910320330464, 0.0022040238263125, 0.0017075065134908626, 0.00803790170824407, 0.0023760632167443988, 0.011869875565881304, 0.018861314697033026, 0.021411925962376236, 0.01178786981084217, 0.025781028676640377, 0.006364943903368105, 0.0185545685753383, 0.027340467290208403, 0.015438568902299695, 0.00733511519605052, 0.005752258205748117, 0.045609401523734244, 0.06087437381174177, 0.24795938841648302, 0.01839947598068323, 0.44044585558685373, 0.046784012630782204, 0.17025436322424725, 0.10588843788906925, 0.17926594771881163, 0.27638074684925146, 0.011556536621839274, 0.22626282780455154, 0.031142655713223506, 0.10396378473651503, 0.09541888918633287, 0.03665956466321101, 0.16726192329807207, 0.09686250477717578, 0.0319426687798517, 0.06158250905789413, 0.02603674137234539, 0.02653351190557764, 0.1350890718319676, 0.5839018680096824, 0.17101890857190694, 0.05083664132400642, 0.0997255837498176, 0.3320543132867076, 0.31616818175396816, 0.010398513965417447, 0.0074042648527431545, 0.10989335810093077, 0.012235891916561563, 0.10226428315735513, 0.005230069554077198, 0.00027508944698537754, 0.006034653792840116, 0.008591967292247336, 0.003654543412302158, 0.013752628135849751, 0.0012816539446870152, 0.004589591325486973, 0.0027500603786986375, 0.002913003465896708, 0.010252059431871364, 0.009811218479855994, 0.00404991251567519, 0.0012696765975905662, 0.008458070420794453, 0.0010194550072192222, 0.006850027526656581, 0.003953534547690338, 0.02954722823461106, 0.011454678919282828, 0.004247693480882463, 0.0082816218530498, 0.027332298100405106, 0.0007610812045552791, 0.008650835098096483, 0.035281320131907316, 0.007937377399412821, 0.005611020858532697, 0.00828401109934438, 0.010209602818145706, 0.0063471731136994685, 0.012922879127452094, 0.009591312129786117, 0.0008144535417758428, 0.013074492442427728, 0.006003672506812117, 0.006975175128517912, 0.011884361325852036, 0.006361891005434219, 0.003818964484039748, 0.007773739031157203]}, {'overall_acc': 0.8409342177998894, 'bal_acc': 0.7675233283505343, 'avg_odds_diff': 0.07660759121319045, 'disp_imp': 0.32141539619800497, 'stat_par_diff': 0.19010287317230068, 'eq_opp_diff': 0.06261377958269154, 'theil_ind': 0.12256937025909756, 'TPR': 0.6211869107043816, 'TNR': 0.913859745996687, 'FPR': 0.08614025400331309, 'FNR': 0.3788130892956184, 'GTPR': 1.0, 'GTNR': 1.0, 'GFPR': 0.0, 'GFNR': 0.0, 'PPV': 0.7052896725440806, 'NPV': 0.87907223796034, 'FDR': 0.2947103274559194, 'FOR': 0.12092776203966006, 'ACC': 0.8409342177998894, 'MCC': 0.5591608771354084, 'f1_score': 0.6605721026245945, 'fitness': 0.7643266265866989, 'solution': {'corr_type': 'spearman', 'l2': 0.001, 'dropout': 0.10928131686644033, 'privileged_demotion': 0.30769539788890277, 'privileged_promotion': 0.2750148898609269, 'protected_demotion': 0.32626189974970193, 'protected_promotion': 0.4137898142701612}, 'corr': [0.08878561034712386, 0.0004271080272228362, 1.0, 0.06549862377763126, 0.04161862285116001, 0.26873187584540986, 0.0007877300035752458, 0.04408684881510212, 0.060248997881708365, 0.08432743080064875, 0.10114890341798197, 0.031584910320330464, 0.0022040238263125, 0.0017075065134908626, 0.00803790170824407, 0.0023760632167443988, 0.011869875565881304, 0.018861314697033026, 0.021411925962376236, 0.01178786981084217, 0.025781028676640377, 0.006364943903368105, 0.0185545685753383, 0.027340467290208403, 0.015438568902299695, 0.00733511519605052, 0.005752258205748117, 0.045609401523734244, 0.06087437381174177, 0.24795938841648302, 0.01839947598068323, 0.44044585558685373, 0.046784012630782204, 0.17025436322424725, 0.10588843788906925, 0.17926594771881163, 0.27638074684925146, 0.011556536621839274, 0.22626282780455154, 0.031142655713223506, 0.10396378473651503, 0.09541888918633287, 0.03665956466321101, 0.16726192329807207, 0.09686250477717578, 0.0319426687798517, 0.06158250905789413, 0.02603674137234539, 0.02653351190557764, 0.1350890718319676, 0.5839018680096824, 0.17101890857190694, 0.05083664132400642, 0.0997255837498176, 0.3320543132867076, 0.31616818175396816, 0.010398513965417447, 0.0074042648527431545, 0.10989335810093077, 0.012235891916561563, 0.10226428315735513, 0.005230069554077198, 0.00027508944698537754, 0.006034653792840116, 0.008591967292247336, 0.003654543412302158, 0.013752628135849751, 0.0012816539446870152, 0.004589591325486973, 0.0027500603786986375, 0.002913003465896708, 0.010252059431871364, 0.009811218479855994, 0.00404991251567519, 0.0012696765975905662, 0.008458070420794453, 0.0010194550072192222, 0.006850027526656581, 0.003953534547690338, 0.02954722823461106, 0.011454678919282828, 0.004247693480882463, 0.0082816218530498, 0.027332298100405106, 0.0007610812045552791, 0.008650835098096483, 0.035281320131907316, 0.007937377399412821, 0.005611020858532697, 0.00828401109934438, 0.010209602818145706, 0.0063471731136994685, 0.012922879127452094, 0.009591312129786117, 0.0008144535417758428, 0.013074492442427728, 0.006003672506812117, 0.006975175128517912, 0.011884361325852036, 0.006361891005434219, 0.003818964484039748, 0.007773739031157203]}, {'overall_acc': 0.8432835820895522, 'bal_acc': 0.7674202729177366, 'avg_odds_diff': 0.05505289813569919, 'disp_imp': 0.35567828114785294, 'stat_par_diff': 0.17409504827288017, 'eq_opp_diff': 0.034241402764718765, 'theil_ind': 0.12287042796418177, 'TPR': 0.6161952301719357, 'TNR': 0.9186453156635377, 'FPR': 0.08135468433646235, 'FNR': 0.38380476982806433, 'GTPR': 1.0, 'GTNR': 1.0, 'GFPR': 0.0, 'GFNR': 0.0, 'PPV': 0.7153895685769478, 'NPV': 0.8782333274678866, 'FDR': 0.28461043142305215, 'FOR': 0.12176667253211332, 'ACC': 0.8432835820895522, 'MCC': 0.56346569881498, 'f1_score': 0.662097735399285, 'fitness': 0.7882306839538531, 'solution': {'corr_type': 'spearman', 'l2': 0.001, 'dropout': 0.043902933261102534, 'privileged_demotion': 0.3153170087407786, 'privileged_promotion': 0.2762148373443074, 'protected_demotion': 0.2405699742924855, 'protected_promotion': 0.41868497657775816}, 'corr': [0.08878561034712386, 0.0004271080272228362, 1.0, 0.06549862377763126, 0.04161862285116001, 0.26873187584540986, 0.0007877300035752458, 0.04408684881510212, 0.060248997881708365, 0.08432743080064875, 0.10114890341798197, 0.031584910320330464, 0.0022040238263125, 0.0017075065134908626, 0.00803790170824407, 0.0023760632167443988, 0.011869875565881304, 0.018861314697033026, 0.021411925962376236, 0.01178786981084217, 0.025781028676640377, 0.006364943903368105, 0.0185545685753383, 0.027340467290208403, 0.015438568902299695, 0.00733511519605052, 0.005752258205748117, 0.045609401523734244, 0.06087437381174177, 0.24795938841648302, 0.01839947598068323, 0.44044585558685373, 0.046784012630782204, 0.17025436322424725, 0.10588843788906925, 0.17926594771881163, 0.27638074684925146, 0.011556536621839274, 0.22626282780455154, 0.031142655713223506, 0.10396378473651503, 0.09541888918633287, 0.03665956466321101, 0.16726192329807207, 0.09686250477717578, 0.0319426687798517, 0.06158250905789413, 0.02603674137234539, 0.02653351190557764, 0.1350890718319676, 0.5839018680096824, 0.17101890857190694, 0.05083664132400642, 0.0997255837498176, 0.3320543132867076, 0.31616818175396816, 0.010398513965417447, 0.0074042648527431545, 0.10989335810093077, 0.012235891916561563, 0.10226428315735513, 0.005230069554077198, 0.00027508944698537754, 0.006034653792840116, 0.008591967292247336, 0.003654543412302158, 0.013752628135849751, 0.0012816539446870152, 0.004589591325486973, 0.0027500603786986375, 0.002913003465896708, 0.010252059431871364, 0.009811218479855994, 0.00404991251567519, 0.0012696765975905662, 0.008458070420794453, 0.0010194550072192222, 0.006850027526656581, 0.003953534547690338, 0.02954722823461106, 0.011454678919282828, 0.004247693480882463, 0.0082816218530498, 0.027332298100405106, 0.0007610812045552791, 0.008650835098096483, 0.035281320131907316, 0.007937377399412821, 0.005611020858532697, 0.00828401109934438, 0.010209602818145706, 0.0063471731136994685, 0.012922879127452094, 0.009591312129786117, 0.0008144535417758428, 0.013074492442427728, 0.006003672506812117, 0.006975175128517912, 0.011884361325852036, 0.006361891005434219, 0.003818964484039748, 0.007773739031157203]}, {'overall_acc': 0.8407960199004975, 'bal_acc': 0.7492733290396122, 'avg_odds_diff': 0.0492327969421744, 'disp_imp': 0.42172616721197975, 'stat_par_diff': 0.13652709450517003, 'eq_opp_diff': 0.04594444555584454, 'theil_ind': 0.13367621689844245, 'TPR': 0.5668330560177482, 'TNR': 0.9317136020614761, 'FPR': 0.06828639793852384, 'FNR': 0.4331669439822518, 'GTPR': 1.0, 'GTNR': 1.0, 'GFPR': 0.0, 'GFNR': 0.0, 'PPV': 0.7336683417085427, 'NPV': 0.8663357864110902, 'FDR': 0.2663316582914573, 'FOR': 0.1336642135889098, 'ACC': 0.8407960199004975, 'MCC': 0.5469278315351869, 'f1_score': 0.6395494367959951, 'fitness': 0.791563222958323, 'solution': {'corr_type': 'spearman', 'l2': 0.001, 'dropout': 0.11258411951319998, 'privileged_demotion': 0.36449449914528803, 'privileged_promotion': 0.20521492874035802, 'protected_demotion': 0.23974370165284875, 'protected_promotion': 0.39148262189587174}, 'corr': [0.08878561034712386, 0.0004271080272228362, 1.0, 0.06549862377763126, 0.04161862285116001, 0.26873187584540986, 0.0007877300035752458, 0.04408684881510212, 0.060248997881708365, 0.08432743080064875, 0.10114890341798197, 0.031584910320330464, 0.0022040238263125, 0.0017075065134908626, 0.00803790170824407, 0.0023760632167443988, 0.011869875565881304, 0.018861314697033026, 0.021411925962376236, 0.01178786981084217, 0.025781028676640377, 0.006364943903368105, 0.0185545685753383, 0.027340467290208403, 0.015438568902299695, 0.00733511519605052, 0.005752258205748117, 0.045609401523734244, 0.06087437381174177, 0.24795938841648302, 0.01839947598068323, 0.44044585558685373, 0.046784012630782204, 0.17025436322424725, 0.10588843788906925, 0.17926594771881163, 0.27638074684925146, 0.011556536621839274, 0.22626282780455154, 0.031142655713223506, 0.10396378473651503, 0.09541888918633287, 0.03665956466321101, 0.16726192329807207, 0.09686250477717578, 0.0319426687798517, 0.06158250905789413, 0.02603674137234539, 0.02653351190557764, 0.1350890718319676, 0.5839018680096824, 0.17101890857190694, 0.05083664132400642, 0.0997255837498176, 0.3320543132867076, 0.31616818175396816, 0.010398513965417447, 0.0074042648527431545, 0.10989335810093077, 0.012235891916561563, 0.10226428315735513, 0.005230069554077198, 0.00027508944698537754, 0.006034653792840116, 0.008591967292247336, 0.003654543412302158, 0.013752628135849751, 0.0012816539446870152, 0.004589591325486973, 0.0027500603786986375, 0.002913003465896708, 0.010252059431871364, 0.009811218479855994, 0.00404991251567519, 0.0012696765975905662, 0.008458070420794453, 0.0010194550072192222, 0.006850027526656581, 0.003953534547690338, 0.02954722823461106, 0.011454678919282828, 0.004247693480882463, 0.0082816218530498, 0.027332298100405106, 0.0007610812045552791, 0.008650835098096483, 0.035281320131907316, 0.007937377399412821, 0.005611020858532697, 0.00828401109934438, 0.010209602818145706, 0.0063471731136994685, 0.012922879127452094, 0.009591312129786117, 0.0008144535417758428, 0.013074492442427728, 0.006003672506812117, 0.006975175128517912, 0.011884361325852036, 0.006361891005434219, 0.003818964484039748, 0.007773739031157203]}, {'overall_acc': 0.8395522388059702, 'bal_acc': 0.7640090309022358, 'avg_odds_diff': 0.10313866626202275, 'disp_imp': 0.29184385491409387, 'stat_par_diff': 0.19853098586350718, 'eq_opp_diff': 0.11215916138195936, 'theil_ind': 0.12458208559101591, 'TPR': 0.6134220743205768, 'TNR': 0.9145959874838947, 'FPR': 0.08540401251610528, 'FNR': 0.3865779256794232, 'GTPR': 1.0, 'GTNR': 1.0, 'GFPR': 0.0, 'GFNR': 0.0, 'PPV': 0.7044585987261146, 'NPV': 0.8769855277091423, 'FDR': 0.29554140127388534, 'FOR': 0.12301447229085775, 'ACC': 0.8395522388059702, 'MCC': 0.5540875388311295, 'f1_score': 0.6557960272754224, 'fitness': 0.7364135725439475, 'solution': {'corr_type': 'spearman', 'l2': 0.001, 'dropout': 0.1143370252137195, 'privileged_demotion': 0.30843770175760404, 'privileged_promotion': 0.2752521709015641, 'protected_demotion': 0.23963774016355122, 'protected_promotion': 0.2426814984440892}, 'corr': [0.08878561034712386, 0.0004271080272228362, 1.0, 0.06549862377763126, 0.04161862285116001, 0.26873187584540986, 0.0007877300035752458, 0.04408684881510212, 0.060248997881708365, 0.08432743080064875, 0.10114890341798197, 0.031584910320330464, 0.0022040238263125, 0.0017075065134908626, 0.00803790170824407, 0.0023760632167443988, 0.011869875565881304, 0.018861314697033026, 0.021411925962376236, 0.01178786981084217, 0.025781028676640377, 0.006364943903368105, 0.0185545685753383, 0.027340467290208403, 0.015438568902299695, 0.00733511519605052, 0.005752258205748117, 0.045609401523734244, 0.06087437381174177, 0.24795938841648302, 0.01839947598068323, 0.44044585558685373, 0.046784012630782204, 0.17025436322424725, 0.10588843788906925, 0.17926594771881163, 0.27638074684925146, 0.011556536621839274, 0.22626282780455154, 0.031142655713223506, 0.10396378473651503, 0.09541888918633287, 0.03665956466321101, 0.16726192329807207, 0.09686250477717578, 0.0319426687798517, 0.06158250905789413, 0.02603674137234539, 0.02653351190557764, 0.1350890718319676, 0.5839018680096824, 0.17101890857190694, 0.05083664132400642, 0.0997255837498176, 0.3320543132867076, 0.31616818175396816, 0.010398513965417447, 0.0074042648527431545, 0.10989335810093077, 0.012235891916561563, 0.10226428315735513, 0.005230069554077198, 0.00027508944698537754, 0.006034653792840116, 0.008591967292247336, 0.003654543412302158, 0.013752628135849751, 0.0012816539446870152, 0.004589591325486973, 0.0027500603786986375, 0.002913003465896708, 0.010252059431871364, 0.009811218479855994, 0.00404991251567519, 0.0012696765975905662, 0.008458070420794453, 0.0010194550072192222, 0.006850027526656581, 0.003953534547690338, 0.02954722823461106, 0.011454678919282828, 0.004247693480882463, 0.0082816218530498, 0.027332298100405106, 0.0007610812045552791, 0.008650835098096483, 0.035281320131907316, 0.007937377399412821, 0.005611020858532697, 0.00828401109934438, 0.010209602818145706, 0.0063471731136994685, 0.012922879127452094, 0.009591312129786117, 0.0008144535417758428, 0.013074492442427728, 0.006003672506812117, 0.006975175128517912, 0.011884361325852036, 0.006361891005434219, 0.003818964484039748, 0.007773739031157203]}, {'overall_acc': 0.8406578220011056, 'bal_acc': 0.757704427218517, 'avg_odds_diff': 0.07276057650392512, 'disp_imp': 0.32020023320332913, 'stat_par_diff': 0.1782990862162604, 'eq_opp_diff': 0.06500440114429751, 'theil_ind': 0.1285480097390391, 'TPR': 0.5923460898502496, 'TNR': 0.9230627645867845, 'FPR': 0.07693723541321554, 'FNR': 0.40765391014975044, 'GTPR': 1.0, 'GTNR': 1.0, 'GFPR': 0.0, 'GFNR': 0.0, 'PPV': 0.7187079407806191, 'NPV': 0.8721739130434782, 'FDR': 0.2812920592193809, 'FOR': 0.12782608695652173, 'ACC': 0.8406578220011056, 'MCC': 0.5518566293767875, 'f1_score': 0.6494375190027364, 'fitness': 0.7678972454971805, 'solution': {'corr_type': 'spearman', 'l2': 0.001, 'dropout': 0.1919723107483199, 'privileged_demotion': 0.31183467358013367, 'privileged_promotion': 0.2673382973852104, 'protected_demotion': 0.20124453010575621, 'protected_promotion': 0.21691222405268135}, 'corr': [0.08878561034712386, 0.0004271080272228362, 1.0, 0.06549862377763126, 0.04161862285116001, 0.26873187584540986, 0.0007877300035752458, 0.04408684881510212, 0.060248997881708365, 0.08432743080064875, 0.10114890341798197, 0.031584910320330464, 0.0022040238263125, 0.0017075065134908626, 0.00803790170824407, 0.0023760632167443988, 0.011869875565881304, 0.018861314697033026, 0.021411925962376236, 0.01178786981084217, 0.025781028676640377, 0.006364943903368105, 0.0185545685753383, 0.027340467290208403, 0.015438568902299695, 0.00733511519605052, 0.005752258205748117, 0.045609401523734244, 0.06087437381174177, 0.24795938841648302, 0.01839947598068323, 0.44044585558685373, 0.046784012630782204, 0.17025436322424725, 0.10588843788906925, 0.17926594771881163, 0.27638074684925146, 0.011556536621839274, 0.22626282780455154, 0.031142655713223506, 0.10396378473651503, 0.09541888918633287, 0.03665956466321101, 0.16726192329807207, 0.09686250477717578, 0.0319426687798517, 0.06158250905789413, 0.02603674137234539, 0.02653351190557764, 0.1350890718319676, 0.5839018680096824, 0.17101890857190694, 0.05083664132400642, 0.0997255837498176, 0.3320543132867076, 0.31616818175396816, 0.010398513965417447, 0.0074042648527431545, 0.10989335810093077, 0.012235891916561563, 0.10226428315735513, 0.005230069554077198, 0.00027508944698537754, 0.006034653792840116, 0.008591967292247336, 0.003654543412302158, 0.013752628135849751, 0.0012816539446870152, 0.004589591325486973, 0.0027500603786986375, 0.002913003465896708, 0.010252059431871364, 0.009811218479855994, 0.00404991251567519, 0.0012696765975905662, 0.008458070420794453, 0.0010194550072192222, 0.006850027526656581, 0.003953534547690338, 0.02954722823461106, 0.011454678919282828, 0.004247693480882463, 0.0082816218530498, 0.027332298100405106, 0.0007610812045552791, 0.008650835098096483, 0.035281320131907316, 0.007937377399412821, 0.005611020858532697, 0.00828401109934438, 0.010209602818145706, 0.0063471731136994685, 0.012922879127452094, 0.009591312129786117, 0.0008144535417758428, 0.013074492442427728, 0.006003672506812117, 0.006975175128517912, 0.011884361325852036, 0.006361891005434219, 0.003818964484039748, 0.007773739031157203]}]",acc_odds,ftl_mlp_initializer,adult_dataset_reader,"{'loss': [0.5890376290275041, 0.5621810265645381, 0.5572416679990018, 0.5535532760530049, 0.5514723876777059, 0.5496295550875012, 0.548220028603464, 0.5474665858751506, 0.5463666140020814, 0.545203672436913, 0.544535614205262, 0.5438407323658402, 0.5431091608295694, 0.5423003358869354, 0.5416536063725651, 0.5409365196995296, 0.5401465957505781, 0.539781396647644, 0.5392156578079811, 0.5389985606628567], 'val_loss': [0.5665950570204035, 0.5609404393953141, 0.5587232342209191, 0.5563734312160296, 0.5551813267883904, 0.5534839683833737, 0.5546902575962052, 0.5532246065640595, 0.5522872169021745, 0.5533597021224157, 0.5523187366884146, 0.5530632531662684, 0.5520379253683201, 0.5525352769691421, 0.5518695981282434, 0.5536090821900903, 0.5539438086626212, 0.5522056883906317, 0.5519186731462916, 0.5522311839232331]}"
5,0.8416804864566059,0.7165324729310869,0.028830769637888675,0.3960367836668192,0.1092611733787105,0.021484281848850095,0.14947589193628966,0.47294224647567074,0.9601226993865031,0.03987730061349693,0.5270577535243293,1.0,1.0,0.0,0.0,0.7920792079207921,0.8501034661148474,0.2079207920792079,0.14989653388515262,0.8416804864566059,0.5273583269133714,0.5922551252847381,0.8201962046077558,"{'corr_type': 'spearman', 'l2': 0.001, 'dropout': 0.01702130710416286, 'privileged_demotion': 0.5615243071020706, 'privileged_promotion': 0.3690332535664321, 'protected_demotion': 0.13875982460893138, 'protected_promotion': 0.08336178373978281}","[0.0978465685747759, 0.0015330822630536503, 0.9999999999999998, 0.06695419649718193, 0.043366758461615584, 0.26792912814903674, 0.0057017982145416085, 0.04488037886588425, 0.06745857142694, 0.0840472379121431, 0.10921543745801983, 0.02960847486209819, 0.0025118675270335306, 0.0008249794657327525, 0.007914314841943665, 0.0009348418029815046, 0.009519191715588448, 0.016957129350725006, 0.02311608036911917, 0.013039334633374772, 0.025907930546223697, 0.008409584714804895, 0.02067129619674563, 0.03445296023348143, 0.012156788249098266, 0.00046210742254821025, 0.007106760652140233, 0.04618310962136537, 0.054411741168022755, 0.23283439703972628, 0.01893163180544548, 0.4389676710918541, 0.04466995029350267, 0.18256746526442513, 0.10910409649164633, 0.17595824714356806, 0.27810186112199076, 0.012622545742830636, 0.2294367480799355, 0.029626939726594703, 0.10283741640265322, 0.09504374737503073, 0.032654886536024184, 0.16820962139212253, 0.09548722729662099, 0.03296172946979202, 0.06476449009462039, 0.022680180555146267, 0.02395882371170603, 0.13240736431339098, 0.5834075659386362, 0.17007084864395025, 0.04770014424438843, 0.10887403535874686, 0.3235900345781971, 0.31848397799423833, 0.011950154719389037, 0.0016619876610409585, 0.11189519408213544, 0.009406488436253465, 0.09898786214852284, 0.008153210293475963, 0.0008163858178126331, 0.007194089607815783, 0.006734698568129944, 0.005127609492459141, 0.017435116491290627, 0.0018527322248926192, 0.00038540190075616535, 0.0009443038660509239, 0.0026006627819678166, 0.006661666460630574, 0.008481539110926483, 0.0022953308718075367, 0.005876340288227593, 0.007587333303815875, 0.010698011211599098, 0.002494300729181521, 0.00034739964851178385, 0.023872165802095592, 0.011879290080283144, 0.006546471865316982, 0.009297250930002911, 0.022685685439122014, 0.003423538744823901, 0.0012858396198495855, 0.037756006892079766, 0.007383356200068148, 0.004046079237597341, 0.006924185326974171, 0.011598635236372164, 0.004303009462813847, 0.007588441332854431, 0.008043679300633032, 0.001321657464958649, 2.6667142198114104e-05, 0.010628371986464314, 0.0064931565034172575, 0.010986885119716646, 0.013509016522100618, 0.002645180967390783, 0.006151373912239931]","[{'overall_acc': 0.8016860143725816, 'bal_acc': 0.7909008197097722, 'avg_odds_diff': 0.4108595704973128, 'disp_imp': 0.09454219948849105, 'stat_par_diff': 0.4214841006226413, 'eq_opp_diff': 0.5353822942522022, 'theil_ind': 0.09979037600254964, 'TPR': 0.76953125, 'TNR': 0.8122703894195444, 'FPR': 0.18772961058045554, 'FNR': 0.23046875, 'GTPR': 1.0, 'GTNR': 1.0, 'GFPR': 0.0, 'GFNR': 0.0, 'PPV': 0.5743440233236151, 'NPV': 0.9145811789038263, 'FDR': 0.42565597667638483, 'FOR': 0.08541882109617373, 'ACC': 0.8016860143725816, 'MCC': 0.5333455579729315, 'f1_score': 0.657762938230384, 'fitness': 0.2663037201203794, 'solution': {'corr_type': 'spearman', 'l2': 0.01, 'dropout': 0.19534256753402024, 'privileged_demotion': 0.25009494529007514, 'privileged_promotion': 0.7213538711191954, 'protected_demotion': 0.5786568678161909, 'protected_promotion': 0.14695521801346845}, 'corr': [0.09828764660355016, 0.0037829536157896484, 1.0, 0.06568957983154713, 0.045735590935061264, 0.26731817947931164, 0.004617564141625225, 0.04330931141985968, 0.06526588547848303, 0.08548623527523289, 0.10721786657313076, 0.03350770548110993, 0.002224676040859242, 0.0023503150020039287, 0.011822758851466062, 0.005641415011067604, 0.010887869791813241, 0.01533990889014207, 0.021238054981893427, 0.016339016094891707, 0.025828702234757313, 0.006730319731932148, 0.021311569678597483, 0.03482473925560466, 0.011861679758057516, 0.004759427268267704, 0.007929308998787788, 0.04924973842579414, 0.050375823761234895, 0.23330787134776784, 0.01653650082543306, 0.441934694571611, 0.04541921229341878, 0.1859279833449354, 0.10592609849942339, 0.17820532345178983, 0.27963684097389896, 0.013567937016635726, 0.23146304132386536, 0.032868165863172934, 0.10112813951389585, 0.09644084264631325, 0.032835228330950865, 0.16621452821138746, 0.09720802730801704, 0.03378280845189595, 0.06156975649976553, 0.02249008850362281, 0.025658459353215705, 0.13157442102715577, 0.5850494472351552, 0.17744064790373001, 0.04323143196271417, 0.1088913291055742, 0.3214277268439588, 0.31542278309713945, 0.016505181587421452, 0.00022358945733737614, 0.10988062662944316, 0.01098322601616171, 0.09991661817240377, 0.009368725759436968, 0.00030966229021844286, 0.005751447179251478, 0.00876544407104285, 0.003148598239755335, 0.016522829345888283, 0.002506984497564473, 0.003877771925495147, 0.0011956245628818106, 0.005184760729579929, 0.010775143991041779, 0.012590086319126224, 0.0021266583543747344, 0.0026267817993744086, 0.0, 0.011169751297482291, 0.0014704563077389667, 0.0015564109510662525, 0.02533451973562618, 0.011488445394503655, 0.006104791333142752, 0.005789343201988462, 0.02147905551016737, 0.0039094167861278, 0.003583887532998047, 0.03974253653189705, 0.008245597975611271, 0.006118873899186387, 0.00759697439553884, 0.015586861775129655, 0.0028765586057401355, 0.012973699584686816, 0.010367693821068093, 0.0013820150858642516, 0.001230865142260408, 0.010389820478347246, 0.006943240015367684, 0.012203429825923987, 0.012053082311049314, 0.0034828902811077306, 0.005252243444263216]}, {'overall_acc': 0.41749585406301826, 'bal_acc': 0.4487252922614674, 'avg_odds_diff': 0.7731260614472618, 'disp_imp': 0.008640226628895185, 'stat_par_diff': 0.8499089253187614, 'eq_opp_diff': 0.5793789847666326, 'theil_ind': 0.1844563577432986, 'TPR': 0.5106026785714286, 'TNR': 0.38684790595150625, 'FPR': 0.6131520940484938, 'FNR': 0.48939732142857145, 'GTPR': 1.0, 'GTNR': 1.0, 'GFPR': 0.0, 'GFNR': 0.0, 'PPV': 0.21514225252762756, 'NPV': 0.7060006704659738, 'FDR': 0.7848577474723725, 'FOR': 0.29399932953402613, 'ACC': 0.41749585406301826, 'MCC': -0.08992634293262514, 'f1_score': 0.3027295285359802, 'fitness': -0.16188313070361438, 'solution': {'corr_type': 'spearman', 'l2': 0.001, 'dropout': 0.0831970329834859, 'privileged_demotion': 0.8991543409333125, 'privileged_promotion': 0.5375209261160911, 'protected_demotion': 0.6278673006289258, 'protected_promotion': 0.17225726678544784}, 'corr': [0.09828764660355016, 0.0037829536157896484, 1.0, 0.06568957983154713, 0.045735590935061264, 0.26731817947931164, 0.004617564141625225, 0.04330931141985968, 0.06526588547848303, 0.08548623527523289, 0.10721786657313076, 0.03350770548110993, 0.002224676040859242, 0.0023503150020039287, 0.011822758851466062, 0.005641415011067604, 0.010887869791813241, 0.01533990889014207, 0.021238054981893427, 0.016339016094891707, 0.025828702234757313, 0.006730319731932148, 0.021311569678597483, 0.03482473925560466, 0.011861679758057516, 0.004759427268267704, 0.007929308998787788, 0.04924973842579414, 0.050375823761234895, 0.23330787134776784, 0.01653650082543306, 0.441934694571611, 0.04541921229341878, 0.1859279833449354, 0.10592609849942339, 0.17820532345178983, 0.27963684097389896, 0.013567937016635726, 0.23146304132386536, 0.032868165863172934, 0.10112813951389585, 0.09644084264631325, 0.032835228330950865, 0.16621452821138746, 0.09720802730801704, 0.03378280845189595, 0.06156975649976553, 0.02249008850362281, 0.025658459353215705, 0.13157442102715577, 0.5850494472351552, 0.17744064790373001, 0.04323143196271417, 0.1088913291055742, 0.3214277268439588, 0.31542278309713945, 0.016505181587421452, 0.00022358945733737614, 0.10988062662944316, 0.01098322601616171, 0.09991661817240377, 0.009368725759436968, 0.00030966229021844286, 0.005751447179251478, 0.00876544407104285, 0.003148598239755335, 0.016522829345888283, 0.002506984497564473, 0.003877771925495147, 0.0011956245628818106, 0.005184760729579929, 0.010775143991041779, 0.012590086319126224, 0.0021266583543747344, 0.0026267817993744086, 0.0, 0.011169751297482291, 0.0014704563077389667, 0.0015564109510662525, 0.02533451973562618, 0.011488445394503655, 0.006104791333142752, 0.005789343201988462, 0.02147905551016737, 0.0039094167861278, 0.003583887532998047, 0.03974253653189705, 0.008245597975611271, 0.006118873899186387, 0.00759697439553884, 0.015586861775129655, 0.0028765586057401355, 0.012973699584686816, 0.010367693821068093, 0.0013820150858642516, 0.001230865142260408, 0.010389820478347246, 0.006943240015367684, 0.012203429825923987, 0.012053082311049314, 0.0034828902811077306, 0.005252243444263216]}, {'overall_acc': 0.8188225538971807, 'bal_acc': 0.7987332056261152, 'avg_odds_diff': 0.4526546412951966, 'disp_imp': 0.0613148153151936, 'stat_par_diff': 0.41358381846970727, 'eq_opp_diff': 0.6537207378206064, 'theil_ind': 0.09866223885103707, 'TPR': 0.7589285714285714, 'TNR': 0.838537839823659, 'FPR': 0.16146216017634094, 'FNR': 0.24107142857142858, 'GTPR': 1.0, 'GTNR': 1.0, 'GFPR': 0.0, 'GFNR': 0.0, 'PPV': 0.6074140241179098, 'NPV': 0.9135481288773264, 'FDR': 0.3925859758820902, 'FOR': 0.08645187112267361, 'ACC': 0.8188225538971807, 'MCC': 0.557904461308833, 'f1_score': 0.6747705284048623, 'fitness': 0.16510181607657437, 'solution': {'corr_type': 'spearman', 'l2': 0.0001, 'dropout': 0.10008463790643324, 'privileged_demotion': 0.11966559551029488, 'privileged_promotion': 0.5255119487881914, 'protected_demotion': 0.7250594180554885, 'protected_promotion': 0.11552271754124244}, 'corr': [0.09828764660355016, 0.0037829536157896484, 1.0, 0.06568957983154713, 0.045735590935061264, 0.26731817947931164, 0.004617564141625225, 0.04330931141985968, 0.06526588547848303, 0.08548623527523289, 0.10721786657313076, 0.03350770548110993, 0.002224676040859242, 0.0023503150020039287, 0.011822758851466062, 0.005641415011067604, 0.010887869791813241, 0.01533990889014207, 0.021238054981893427, 0.016339016094891707, 0.025828702234757313, 0.006730319731932148, 0.021311569678597483, 0.03482473925560466, 0.011861679758057516, 0.004759427268267704, 0.007929308998787788, 0.04924973842579414, 0.050375823761234895, 0.23330787134776784, 0.01653650082543306, 0.441934694571611, 0.04541921229341878, 0.1859279833449354, 0.10592609849942339, 0.17820532345178983, 0.27963684097389896, 0.013567937016635726, 0.23146304132386536, 0.032868165863172934, 0.10112813951389585, 0.09644084264631325, 0.032835228330950865, 0.16621452821138746, 0.09720802730801704, 0.03378280845189595, 0.06156975649976553, 0.02249008850362281, 0.025658459353215705, 0.13157442102715577, 0.5850494472351552, 0.17744064790373001, 0.04323143196271417, 0.1088913291055742, 0.3214277268439588, 0.31542278309713945, 0.016505181587421452, 0.00022358945733737614, 0.10988062662944316, 0.01098322601616171, 0.09991661817240377, 0.009368725759436968, 0.00030966229021844286, 0.005751447179251478, 0.00876544407104285, 0.003148598239755335, 0.016522829345888283, 0.002506984497564473, 0.003877771925495147, 0.0011956245628818106, 0.005184760729579929, 0.010775143991041779, 0.012590086319126224, 0.0021266583543747344, 0.0026267817993744086, 0.0, 0.011169751297482291, 0.0014704563077389667, 0.0015564109510662525, 0.02533451973562618, 0.011488445394503655, 0.006104791333142752, 0.005789343201988462, 0.02147905551016737, 0.0039094167861278, 0.003583887532998047, 0.03974253653189705, 0.008245597975611271, 0.006118873899186387, 0.00759697439553884, 0.015586861775129655, 0.0028765586057401355, 0.012973699584686816, 0.010367693821068093, 0.0013820150858642516, 0.001230865142260408, 0.010389820478347246, 0.006943240015367684, 0.012203429825923987, 0.012053082311049314, 0.0034828902811077306, 0.005252243444263216]}, {'overall_acc': 0.5892758430071863, 'bal_acc': 0.5576468113650677, 'avg_odds_diff': 0.51453283907704, 'disp_imp': 3.991781756180733, 'stat_par_diff': 0.6266938104932318, 'eq_opp_diff': 0.19468048863581056, 'theil_ind': 0.19228365929281593, 'TPR': 0.49497767857142855, 'TNR': 0.6203159441587068, 'FPR': 0.37968405584129317, 'FNR': 0.5050223214285714, 'GTPR': 1.0, 'GTNR': 1.0, 'GFPR': 0.0, 'GFNR': 0.0, 'PPV': 0.3002708192281652, 'NPV': 0.7886501634750117, 'FDR': 0.6997291807718348, 'FOR': 0.21134983652498832, 'ACC': 0.5892758430071863, 'MCC': 0.10125227025885875, 'f1_score': 0.37378845343447115, 'fitness': 0.3945953543713757, 'solution': {'corr_type': 'spearman', 'l2': 0.01, 'dropout': 0.14420579717522902, 'privileged_demotion': 0.3795561150804506, 'privileged_promotion': 0.2673445631833722, 'protected_demotion': 0.5056866188289653, 'protected_promotion': 0.9447859477068916}, 'corr': [0.09828764660355016, 0.0037829536157896484, 1.0, 0.06568957983154713, 0.045735590935061264, 0.26731817947931164, 0.004617564141625225, 0.04330931141985968, 0.06526588547848303, 0.08548623527523289, 0.10721786657313076, 0.03350770548110993, 0.002224676040859242, 0.0023503150020039287, 0.011822758851466062, 0.005641415011067604, 0.010887869791813241, 0.01533990889014207, 0.021238054981893427, 0.016339016094891707, 0.025828702234757313, 0.006730319731932148, 0.021311569678597483, 0.03482473925560466, 0.011861679758057516, 0.004759427268267704, 0.007929308998787788, 0.04924973842579414, 0.050375823761234895, 0.23330787134776784, 0.01653650082543306, 0.441934694571611, 0.04541921229341878, 0.1859279833449354, 0.10592609849942339, 0.17820532345178983, 0.27963684097389896, 0.013567937016635726, 0.23146304132386536, 0.032868165863172934, 0.10112813951389585, 0.09644084264631325, 0.032835228330950865, 0.16621452821138746, 0.09720802730801704, 0.03378280845189595, 0.06156975649976553, 0.02249008850362281, 0.025658459353215705, 0.13157442102715577, 0.5850494472351552, 0.17744064790373001, 0.04323143196271417, 0.1088913291055742, 0.3214277268439588, 0.31542278309713945, 0.016505181587421452, 0.00022358945733737614, 0.10988062662944316, 0.01098322601616171, 0.09991661817240377, 0.009368725759436968, 0.00030966229021844286, 0.005751447179251478, 0.00876544407104285, 0.003148598239755335, 0.016522829345888283, 0.002506984497564473, 0.003877771925495147, 0.0011956245628818106, 0.005184760729579929, 0.010775143991041779, 0.012590086319126224, 0.0021266583543747344, 0.0026267817993744086, 0.0, 0.011169751297482291, 0.0014704563077389667, 0.0015564109510662525, 0.02533451973562618, 0.011488445394503655, 0.006104791333142752, 0.005789343201988462, 0.02147905551016737, 0.0039094167861278, 0.003583887532998047, 0.03974253653189705, 0.008245597975611271, 0.006118873899186387, 0.00759697439553884, 0.015586861775129655, 0.0028765586057401355, 0.012973699584686816, 0.010367693821068093, 0.0013820150858642516, 0.001230865142260408, 0.010389820478347246, 0.006943240015367684, 0.012203429825923987, 0.012053082311049314, 0.0034828902811077306, 0.005252243444263216]}, {'overall_acc': 0.5657822001105584, 'bal_acc': 0.5051600877768447, 'avg_odds_diff': 0.8322010860999818, 'disp_imp': 10.143145459020428, 'stat_par_diff': 0.8845220662642713, 'eq_opp_diff': 0.6978829026135203, 'theil_ind': 0.22409017953857482, 'TPR': 0.38504464285714285, 'TNR': 0.6252755326965467, 'FPR': 0.3747244673034533, 'FNR': 0.6149553571428571, 'GTPR': 1.0, 'GTNR': 1.0, 'GFPR': 0.0, 'GFNR': 0.0, 'PPV': 0.25274725274725274, 'NPV': 0.7554371948513093, 'FDR': 0.7472527472527473, 'FOR': 0.24456280514869064, 'ACC': 0.5657822001105584, 'MCC': 0.009190480728837491, 'f1_score': 0.3051747014595312, 'fitness': -0.1321007025029619, 'solution': {'corr_type': 'spearman', 'l2': 0.01, 'dropout': 0.11172081385188655, 'privileged_demotion': 0.6313671406482567, 'privileged_promotion': 0.0026074409148122424, 'protected_demotion': 0.7405436938766683, 'protected_promotion': 0.522583498854596}, 'corr': [0.09828764660355016, 0.0037829536157896484, 1.0, 0.06568957983154713, 0.045735590935061264, 0.26731817947931164, 0.004617564141625225, 0.04330931141985968, 0.06526588547848303, 0.08548623527523289, 0.10721786657313076, 0.03350770548110993, 0.002224676040859242, 0.0023503150020039287, 0.011822758851466062, 0.005641415011067604, 0.010887869791813241, 0.01533990889014207, 0.021238054981893427, 0.016339016094891707, 0.025828702234757313, 0.006730319731932148, 0.021311569678597483, 0.03482473925560466, 0.011861679758057516, 0.004759427268267704, 0.007929308998787788, 0.04924973842579414, 0.050375823761234895, 0.23330787134776784, 0.01653650082543306, 0.441934694571611, 0.04541921229341878, 0.1859279833449354, 0.10592609849942339, 0.17820532345178983, 0.27963684097389896, 0.013567937016635726, 0.23146304132386536, 0.032868165863172934, 0.10112813951389585, 0.09644084264631325, 0.032835228330950865, 0.16621452821138746, 0.09720802730801704, 0.03378280845189595, 0.06156975649976553, 0.02249008850362281, 0.025658459353215705, 0.13157442102715577, 0.5850494472351552, 0.17744064790373001, 0.04323143196271417, 0.1088913291055742, 0.3214277268439588, 0.31542278309713945, 0.016505181587421452, 0.00022358945733737614, 0.10988062662944316, 0.01098322601616171, 0.09991661817240377, 0.009368725759436968, 0.00030966229021844286, 0.005751447179251478, 0.00876544407104285, 0.003148598239755335, 0.016522829345888283, 0.002506984497564473, 0.003877771925495147, 0.0011956245628818106, 0.005184760729579929, 0.010775143991041779, 0.012590086319126224, 0.0021266583543747344, 0.0026267817993744086, 0.0, 0.011169751297482291, 0.0014704563077389667, 0.0015564109510662525, 0.02533451973562618, 0.011488445394503655, 0.006104791333142752, 0.005789343201988462, 0.02147905551016737, 0.0039094167861278, 0.003583887532998047, 0.03974253653189705, 0.008245597975611271, 0.006118873899186387, 0.00759697439553884, 0.015586861775129655, 0.0028765586057401355, 0.012973699584686816, 0.010367693821068093, 0.0013820150858642516, 0.001230865142260408, 0.010389820478347246, 0.006943240015367684, 0.012203429825923987, 0.012053082311049314, 0.0034828902811077306, 0.005252243444263216]}, {'overall_acc': 0.822139303482587, 'bal_acc': 0.7036071822189567, 'avg_odds_diff': 0.2155320485264242, 'disp_imp': 1.158192177394518, 'stat_par_diff': 0.024460397395145078, 'eq_opp_diff': 0.3725702048960919, 'theil_ind': 0.15928722318356656, 'TPR': 0.46875, 'TNR': 0.9384643644379133, 'FPR': 0.0615356355620867, 'FNR': 0.53125, 'GTPR': 1.0, 'GTNR': 1.0, 'GFPR': 0.0, 'GFNR': 0.0, 'PPV': 0.7148936170212766, 'NPV': 0.8429302095363801, 'FDR': 0.2851063829787234, 'FOR': 0.15706979046361985, 'ACC': 0.822139303482587, 'MCC': 0.4766066250064102, 'f1_score': 0.5662285136501516, 'fitness': 0.44956909858649513, 'solution': {'corr_type': 'spearman', 'l2': 0.0001, 'dropout': 0.1317088419957258, 'privileged_demotion': 0.6893971027537835, 'privileged_promotion': 0.2971534162430167, 'protected_demotion': 0.03613241533473921, 'protected_promotion': 0.5265323288407676}, 'corr': [0.09828764660355016, 0.0037829536157896484, 1.0, 0.06568957983154713, 0.045735590935061264, 0.26731817947931164, 0.004617564141625225, 0.04330931141985968, 0.06526588547848303, 0.08548623527523289, 0.10721786657313076, 0.03350770548110993, 0.002224676040859242, 0.0023503150020039287, 0.011822758851466062, 0.005641415011067604, 0.010887869791813241, 0.01533990889014207, 0.021238054981893427, 0.016339016094891707, 0.025828702234757313, 0.006730319731932148, 0.021311569678597483, 0.03482473925560466, 0.011861679758057516, 0.004759427268267704, 0.007929308998787788, 0.04924973842579414, 0.050375823761234895, 0.23330787134776784, 0.01653650082543306, 0.441934694571611, 0.04541921229341878, 0.1859279833449354, 0.10592609849942339, 0.17820532345178983, 0.27963684097389896, 0.013567937016635726, 0.23146304132386536, 0.032868165863172934, 0.10112813951389585, 0.09644084264631325, 0.032835228330950865, 0.16621452821138746, 0.09720802730801704, 0.03378280845189595, 0.06156975649976553, 0.02249008850362281, 0.025658459353215705, 0.13157442102715577, 0.5850494472351552, 0.17744064790373001, 0.04323143196271417, 0.1088913291055742, 0.3214277268439588, 0.31542278309713945, 0.016505181587421452, 0.00022358945733737614, 0.10988062662944316, 0.01098322601616171, 0.09991661817240377, 0.009368725759436968, 0.00030966229021844286, 0.005751447179251478, 0.00876544407104285, 0.003148598239755335, 0.016522829345888283, 0.002506984497564473, 0.003877771925495147, 0.0011956245628818106, 0.005184760729579929, 0.010775143991041779, 0.012590086319126224, 0.0021266583543747344, 0.0026267817993744086, 0.0, 0.011169751297482291, 0.0014704563077389667, 0.0015564109510662525, 0.02533451973562618, 0.011488445394503655, 0.006104791333142752, 0.005789343201988462, 0.02147905551016737, 0.0039094167861278, 0.003583887532998047, 0.03974253653189705, 0.008245597975611271, 0.006118873899186387, 0.00759697439553884, 0.015586861775129655, 0.0028765586057401355, 0.012973699584686816, 0.010367693821068093, 0.0013820150858642516, 0.001230865142260408, 0.010389820478347246, 0.006943240015367684, 0.012203429825923987, 0.012053082311049314, 0.0034828902811077306, 0.005252243444263216]}, {'overall_acc': 0.529297954671089, 'bal_acc': 0.6373903609478324, 'avg_odds_diff': 0.51327821225108, 'disp_imp': 1.5120072107646416, 'stat_par_diff': 0.28403395359358075, 'eq_opp_diff': 0.5185866549861293, 'theil_ind': 0.09610380096124786, 'TPR': 0.8515625, 'TNR': 0.42321822189566494, 'FPR': 0.5767817781043351, 'FNR': 0.1484375, 'GTPR': 1.0, 'GTNR': 1.0, 'GFPR': 0.0, 'GFNR': 0.0, 'PPV': 0.32704672096013715, 'NPV': 0.8964980544747082, 'FDR': 0.6729532790398628, 'FOR': 0.10350194552529182, 'ACC': 0.529297954671089, 'MCC': 0.24784227801162395, 'f1_score': 0.47259213378755033, 'fitness': 0.010711299684959652, 'solution': {'corr_type': 'spearman', 'l2': 0.001, 'dropout': 0.03669106706050098, 'privileged_demotion': 0.05815771306176065, 'privileged_promotion': 0.6709922426453118, 'protected_demotion': 0.2859593568681458, 'protected_promotion': 0.7866310973713525}, 'corr': [0.09828764660355016, 0.0037829536157896484, 1.0, 0.06568957983154713, 0.045735590935061264, 0.26731817947931164, 0.004617564141625225, 0.04330931141985968, 0.06526588547848303, 0.08548623527523289, 0.10721786657313076, 0.03350770548110993, 0.002224676040859242, 0.0023503150020039287, 0.011822758851466062, 0.005641415011067604, 0.010887869791813241, 0.01533990889014207, 0.021238054981893427, 0.016339016094891707, 0.025828702234757313, 0.006730319731932148, 0.021311569678597483, 0.03482473925560466, 0.011861679758057516, 0.004759427268267704, 0.007929308998787788, 0.04924973842579414, 0.050375823761234895, 0.23330787134776784, 0.01653650082543306, 0.441934694571611, 0.04541921229341878, 0.1859279833449354, 0.10592609849942339, 0.17820532345178983, 0.27963684097389896, 0.013567937016635726, 0.23146304132386536, 0.032868165863172934, 0.10112813951389585, 0.09644084264631325, 0.032835228330950865, 0.16621452821138746, 0.09720802730801704, 0.03378280845189595, 0.06156975649976553, 0.02249008850362281, 0.025658459353215705, 0.13157442102715577, 0.5850494472351552, 0.17744064790373001, 0.04323143196271417, 0.1088913291055742, 0.3214277268439588, 0.31542278309713945, 0.016505181587421452, 0.00022358945733737614, 0.10988062662944316, 0.01098322601616171, 0.09991661817240377, 0.009368725759436968, 0.00030966229021844286, 0.005751447179251478, 0.00876544407104285, 0.003148598239755335, 0.016522829345888283, 0.002506984497564473, 0.003877771925495147, 0.0011956245628818106, 0.005184760729579929, 0.010775143991041779, 0.012590086319126224, 0.0021266583543747344, 0.0026267817993744086, 0.0, 0.011169751297482291, 0.0014704563077389667, 0.0015564109510662525, 0.02533451973562618, 0.011488445394503655, 0.006104791333142752, 0.005789343201988462, 0.02147905551016737, 0.0039094167861278, 0.003583887532998047, 0.03974253653189705, 0.008245597975611271, 0.006118873899186387, 0.00759697439553884, 0.015586861775129655, 0.0028765586057401355, 0.012973699584686816, 0.010367693821068093, 0.0013820150858642516, 0.001230865142260408, 0.010389820478347246, 0.006943240015367684, 0.012203429825923987, 0.012053082311049314, 0.0034828902811077306, 0.005252243444263216]}, {'overall_acc': 0.4386401326699834, 'bal_acc': 0.3738699879290438, 'avg_odds_diff': 0.5399007453260662, 'disp_imp': 0.1847922623030598, 'stat_par_diff': 0.4786313796921318, 'eq_opp_diff': 0.3650167907723756, 'theil_ind': 0.26515319056224484, 'TPR': 0.24553571428571427, 'TNR': 0.5022042615723733, 'FPR': 0.49779573842762675, 'FNR': 0.7544642857142857, 'GTPR': 1.0, 'GTNR': 1.0, 'GFPR': 0.0, 'GFNR': 0.0, 'PPV': 0.13968253968253969, 'NPV': 0.6691140479686735, 'FDR': 0.8603174603174604, 'FOR': 0.3308859520313265, 'ACC': 0.4386401326699834, 'MCC': -0.21962007516418214, 'f1_score': 0.17806556050182115, 'fitness': 0.07362334189760783, 'solution': {'corr_type': 'spearman', 'l2': 0.0001, 'dropout': 0.10964856441792395, 'privileged_demotion': 0.4732910121717785, 'privileged_promotion': 0.782894617807429, 'protected_demotion': 0.10306143561533532, 'protected_promotion': 0.18927208243197646}, 'corr': [0.09828764660355016, 0.0037829536157896484, 1.0, 0.06568957983154713, 0.045735590935061264, 0.26731817947931164, 0.004617564141625225, 0.04330931141985968, 0.06526588547848303, 0.08548623527523289, 0.10721786657313076, 0.03350770548110993, 0.002224676040859242, 0.0023503150020039287, 0.011822758851466062, 0.005641415011067604, 0.010887869791813241, 0.01533990889014207, 0.021238054981893427, 0.016339016094891707, 0.025828702234757313, 0.006730319731932148, 0.021311569678597483, 0.03482473925560466, 0.011861679758057516, 0.004759427268267704, 0.007929308998787788, 0.04924973842579414, 0.050375823761234895, 0.23330787134776784, 0.01653650082543306, 0.441934694571611, 0.04541921229341878, 0.1859279833449354, 0.10592609849942339, 0.17820532345178983, 0.27963684097389896, 0.013567937016635726, 0.23146304132386536, 0.032868165863172934, 0.10112813951389585, 0.09644084264631325, 0.032835228330950865, 0.16621452821138746, 0.09720802730801704, 0.03378280845189595, 0.06156975649976553, 0.02249008850362281, 0.025658459353215705, 0.13157442102715577, 0.5850494472351552, 0.17744064790373001, 0.04323143196271417, 0.1088913291055742, 0.3214277268439588, 0.31542278309713945, 0.016505181587421452, 0.00022358945733737614, 0.10988062662944316, 0.01098322601616171, 0.09991661817240377, 0.009368725759436968, 0.00030966229021844286, 0.005751447179251478, 0.00876544407104285, 0.003148598239755335, 0.016522829345888283, 0.002506984497564473, 0.003877771925495147, 0.0011956245628818106, 0.005184760729579929, 0.010775143991041779, 0.012590086319126224, 0.0021266583543747344, 0.0026267817993744086, 0.0, 0.011169751297482291, 0.0014704563077389667, 0.0015564109510662525, 0.02533451973562618, 0.011488445394503655, 0.006104791333142752, 0.005789343201988462, 0.02147905551016737, 0.0039094167861278, 0.003583887532998047, 0.03974253653189705, 0.008245597975611271, 0.006118873899186387, 0.00759697439553884, 0.015586861775129655, 0.0028765586057401355, 0.012973699584686816, 0.010367693821068093, 0.0013820150858642516, 0.001230865142260408, 0.010389820478347246, 0.006943240015367684, 0.012203429825923987, 0.012053082311049314, 0.0034828902811077306, 0.005252243444263216]}, {'overall_acc': 0.2111663902708679, 'bal_acc': 0.18338792051537733, 'avg_odds_diff': 0.3205067219293381, 'disp_imp': 1.888787947611477, 'stat_par_diff': 0.4193006893103325, 'eq_opp_diff': 0.33292451452766825, 'theil_ind': 0.27994035974947123, 'TPR': 0.12834821428571427, 'TNR': 0.23842762674504042, 'FPR': 0.7615723732549596, 'FNR': 0.8716517857142857, 'GTPR': 1.0, 'GTNR': 1.0, 'GFPR': 0.0, 'GFNR': 0.0, 'PPV': 0.052559414990859234, 'NPV': 0.45384615384615384, 'FDR': 0.9474405850091407, 'FOR': 0.5461538461538461, 'ACC': 0.2111663902708679, 'MCC': -0.5590670072049373, 'f1_score': 0.07457846952010377, 'fitness': -0.12175812425680035, 'solution': {'corr_type': 'spearman', 'l2': 0.0001, 'dropout': 0.09274690763912224, 'privileged_demotion': 0.31130524453074915, 'privileged_promotion': 0.8650405269474587, 'protected_demotion': 0.7846669407028104, 'protected_promotion': 0.8072577877933856}, 'corr': [0.09828764660355016, 0.0037829536157896484, 1.0, 0.06568957983154713, 0.045735590935061264, 0.26731817947931164, 0.004617564141625225, 0.04330931141985968, 0.06526588547848303, 0.08548623527523289, 0.10721786657313076, 0.03350770548110993, 0.002224676040859242, 0.0023503150020039287, 0.011822758851466062, 0.005641415011067604, 0.010887869791813241, 0.01533990889014207, 0.021238054981893427, 0.016339016094891707, 0.025828702234757313, 0.006730319731932148, 0.021311569678597483, 0.03482473925560466, 0.011861679758057516, 0.004759427268267704, 0.007929308998787788, 0.04924973842579414, 0.050375823761234895, 0.23330787134776784, 0.01653650082543306, 0.441934694571611, 0.04541921229341878, 0.1859279833449354, 0.10592609849942339, 0.17820532345178983, 0.27963684097389896, 0.013567937016635726, 0.23146304132386536, 0.032868165863172934, 0.10112813951389585, 0.09644084264631325, 0.032835228330950865, 0.16621452821138746, 0.09720802730801704, 0.03378280845189595, 0.06156975649976553, 0.02249008850362281, 0.025658459353215705, 0.13157442102715577, 0.5850494472351552, 0.17744064790373001, 0.04323143196271417, 0.1088913291055742, 0.3214277268439588, 0.31542278309713945, 0.016505181587421452, 0.00022358945733737614, 0.10988062662944316, 0.01098322601616171, 0.09991661817240377, 0.009368725759436968, 0.00030966229021844286, 0.005751447179251478, 0.00876544407104285, 0.003148598239755335, 0.016522829345888283, 0.002506984497564473, 0.003877771925495147, 0.0011956245628818106, 0.005184760729579929, 0.010775143991041779, 0.012590086319126224, 0.0021266583543747344, 0.0026267817993744086, 0.0, 0.011169751297482291, 0.0014704563077389667, 0.0015564109510662525, 0.02533451973562618, 0.011488445394503655, 0.006104791333142752, 0.005789343201988462, 0.02147905551016737, 0.0039094167861278, 0.003583887532998047, 0.03974253653189705, 0.008245597975611271, 0.006118873899186387, 0.00759697439553884, 0.015586861775129655, 0.0028765586057401355, 0.012973699584686816, 0.010367693821068093, 0.0013820150858642516, 0.001230865142260408, 0.010389820478347246, 0.006943240015367684, 0.012203429825923987, 0.012053082311049314, 0.0034828902811077306, 0.005252243444263216]}, {'overall_acc': 0.5147871752349364, 'bal_acc': 0.4036998874908156, 'avg_odds_diff': 0.5132259394172293, 'disp_imp': 0.34342037302725964, 'stat_par_diff': 0.272412109956308, 'eq_opp_diff': 0.5469654937460456, 'theil_ind': 0.28526993391146904, 'TPR': 0.18359375, 'TNR': 0.6238060249816312, 'FPR': 0.3761939750183688, 'FNR': 0.81640625, 'GTPR': 1.0, 'GTNR': 1.0, 'GFPR': 0.0, 'GFNR': 0.0, 'PPV': 0.1384097602019352, 'NPV': 0.6989092405844824, 'FDR': 0.8615902397980648, 'FOR': 0.3010907594155176, 'ACC': 0.5147871752349364, 'MCC': -0.17700959593973725, 'f1_score': 0.15783161429599427, 'fitness': -0.032178318511109194, 'solution': {'corr_type': 'spearman', 'l2': 0.01, 'dropout': 0.16181389753135897, 'privileged_demotion': 0.2538844119118787, 'privileged_promotion': 0.8057761105031865, 'protected_demotion': 0.1644292086614294, 'protected_promotion': 0.5549079812949657}, 'corr': [0.09828764660355016, 0.0037829536157896484, 1.0, 0.06568957983154713, 0.045735590935061264, 0.26731817947931164, 0.004617564141625225, 0.04330931141985968, 0.06526588547848303, 0.08548623527523289, 0.10721786657313076, 0.03350770548110993, 0.002224676040859242, 0.0023503150020039287, 0.011822758851466062, 0.005641415011067604, 0.010887869791813241, 0.01533990889014207, 0.021238054981893427, 0.016339016094891707, 0.025828702234757313, 0.006730319731932148, 0.021311569678597483, 0.03482473925560466, 0.011861679758057516, 0.004759427268267704, 0.007929308998787788, 0.04924973842579414, 0.050375823761234895, 0.23330787134776784, 0.01653650082543306, 0.441934694571611, 0.04541921229341878, 0.1859279833449354, 0.10592609849942339, 0.17820532345178983, 0.27963684097389896, 0.013567937016635726, 0.23146304132386536, 0.032868165863172934, 0.10112813951389585, 0.09644084264631325, 0.032835228330950865, 0.16621452821138746, 0.09720802730801704, 0.03378280845189595, 0.06156975649976553, 0.02249008850362281, 0.025658459353215705, 0.13157442102715577, 0.5850494472351552, 0.17744064790373001, 0.04323143196271417, 0.1088913291055742, 0.3214277268439588, 0.31542278309713945, 0.016505181587421452, 0.00022358945733737614, 0.10988062662944316, 0.01098322601616171, 0.09991661817240377, 0.009368725759436968, 0.00030966229021844286, 0.005751447179251478, 0.00876544407104285, 0.003148598239755335, 0.016522829345888283, 0.002506984497564473, 0.003877771925495147, 0.0011956245628818106, 0.005184760729579929, 0.010775143991041779, 0.012590086319126224, 0.0021266583543747344, 0.0026267817993744086, 0.0, 0.011169751297482291, 0.0014704563077389667, 0.0015564109510662525, 0.02533451973562618, 0.011488445394503655, 0.006104791333142752, 0.005789343201988462, 0.02147905551016737, 0.0039094167861278, 0.003583887532998047, 0.03974253653189705, 0.008245597975611271, 0.006118873899186387, 0.00759697439553884, 0.015586861775129655, 0.0028765586057401355, 0.012973699584686816, 0.010367693821068093, 0.0013820150858642516, 0.001230865142260408, 0.010389820478347246, 0.006943240015367684, 0.012203429825923987, 0.012053082311049314, 0.0034828902811077306, 0.005252243444263216]}, {'overall_acc': 0.18366500829187396, 'bal_acc': 0.19468435105489662, 'avg_odds_diff': 0.3027133733283836, 'disp_imp': 1.6334792816803099, 'stat_par_diff': 0.3565484481588629, 'eq_opp_diff': 0.3773786927532, 'theil_ind': 0.24754626004255537, 'TPR': 0.21651785714285715, 'TNR': 0.1728508449669361, 'FPR': 0.827149155033064, 'FNR': 0.7834821428571429, 'GTPR': 1.0, 'GTNR': 1.0, 'GFPR': 0.0, 'GFNR': 0.0, 'PPV': 0.07932938049478634, 'NPV': 0.40127931769722813, 'FDR': 0.9206706195052137, 'FOR': 0.5987206823027719, 'ACC': 0.18366500829187396, 'MCC': -0.5631665692633879, 'f1_score': 0.1161155169833907, 'fitness': -0.19371368446132606, 'solution': {'corr_type': 'spearman', 'l2': 0.01, 'dropout': 0.16526331048976672, 'privileged_demotion': 0.3896590201067207, 'privileged_promotion': 0.8288732607854361, 'protected_demotion': 0.5797078747199089, 'protected_promotion': 0.45660526677865787}, 'corr': [0.09828764660355016, 0.0037829536157896484, 1.0, 0.06568957983154713, 0.045735590935061264, 0.26731817947931164, 0.004617564141625225, 0.04330931141985968, 0.06526588547848303, 0.08548623527523289, 0.10721786657313076, 0.03350770548110993, 0.002224676040859242, 0.0023503150020039287, 0.011822758851466062, 0.005641415011067604, 0.010887869791813241, 0.01533990889014207, 0.021238054981893427, 0.016339016094891707, 0.025828702234757313, 0.006730319731932148, 0.021311569678597483, 0.03482473925560466, 0.011861679758057516, 0.004759427268267704, 0.007929308998787788, 0.04924973842579414, 0.050375823761234895, 0.23330787134776784, 0.01653650082543306, 0.441934694571611, 0.04541921229341878, 0.1859279833449354, 0.10592609849942339, 0.17820532345178983, 0.27963684097389896, 0.013567937016635726, 0.23146304132386536, 0.032868165863172934, 0.10112813951389585, 0.09644084264631325, 0.032835228330950865, 0.16621452821138746, 0.09720802730801704, 0.03378280845189595, 0.06156975649976553, 0.02249008850362281, 0.025658459353215705, 0.13157442102715577, 0.5850494472351552, 0.17744064790373001, 0.04323143196271417, 0.1088913291055742, 0.3214277268439588, 0.31542278309713945, 0.016505181587421452, 0.00022358945733737614, 0.10988062662944316, 0.01098322601616171, 0.09991661817240377, 0.009368725759436968, 0.00030966229021844286, 0.005751447179251478, 0.00876544407104285, 0.003148598239755335, 0.016522829345888283, 0.002506984497564473, 0.003877771925495147, 0.0011956245628818106, 0.005184760729579929, 0.010775143991041779, 0.012590086319126224, 0.0021266583543747344, 0.0026267817993744086, 0.0, 0.011169751297482291, 0.0014704563077389667, 0.0015564109510662525, 0.02533451973562618, 0.011488445394503655, 0.006104791333142752, 0.005789343201988462, 0.02147905551016737, 0.0039094167861278, 0.003583887532998047, 0.03974253653189705, 0.008245597975611271, 0.006118873899186387, 0.00759697439553884, 0.015586861775129655, 0.0028765586057401355, 0.012973699584686816, 0.010367693821068093, 0.0013820150858642516, 0.001230865142260408, 0.010389820478347246, 0.006943240015367684, 0.012203429825923987, 0.012053082311049314, 0.0034828902811077306, 0.005252243444263216]}, {'overall_acc': 0.5657822001105584, 'bal_acc': 0.6414224867481894, 'avg_odds_diff': 0.4733978847099633, 'disp_imp': 2.256164383561644, 'stat_par_diff': 0.5196518923294879, 'eq_opp_diff': 0.2034262909427168, 'theil_ind': 0.11265499816952085, 'TPR': 0.7912946428571429, 'TNR': 0.49155033063923587, 'FPR': 0.5084496693607642, 'FNR': 0.20870535714285715, 'GTPR': 1.0, 'GTNR': 1.0, 'GFPR': 0.0, 'GFNR': 0.0, 'PPV': 0.3387482083134257, 'NPV': 0.8773770491803279, 'FDR': 0.6612517916865743, 'FOR': 0.12262295081967213, 'ACC': 0.5657822001105584, 'MCC': 0.24724470212265168, 'f1_score': 0.47440615590498497, 'fitness': 0.36235590916784155, 'solution': {'corr_type': 'spearman', 'l2': 0.001, 'dropout': 0.031003736563218066, 'privileged_demotion': 0.08736811682223888, 'privileged_promotion': 0.39657520869076446, 'protected_demotion': 0.9279608277783501, 'protected_promotion': 0.8695558827373828}, 'corr': [0.09828764660355016, 0.0037829536157896484, 1.0, 0.06568957983154713, 0.045735590935061264, 0.26731817947931164, 0.004617564141625225, 0.04330931141985968, 0.06526588547848303, 0.08548623527523289, 0.10721786657313076, 0.03350770548110993, 0.002224676040859242, 0.0023503150020039287, 0.011822758851466062, 0.005641415011067604, 0.010887869791813241, 0.01533990889014207, 0.021238054981893427, 0.016339016094891707, 0.025828702234757313, 0.006730319731932148, 0.021311569678597483, 0.03482473925560466, 0.011861679758057516, 0.004759427268267704, 0.007929308998787788, 0.04924973842579414, 0.050375823761234895, 0.23330787134776784, 0.01653650082543306, 0.441934694571611, 0.04541921229341878, 0.1859279833449354, 0.10592609849942339, 0.17820532345178983, 0.27963684097389896, 0.013567937016635726, 0.23146304132386536, 0.032868165863172934, 0.10112813951389585, 0.09644084264631325, 0.032835228330950865, 0.16621452821138746, 0.09720802730801704, 0.03378280845189595, 0.06156975649976553, 0.02249008850362281, 0.025658459353215705, 0.13157442102715577, 0.5850494472351552, 0.17744064790373001, 0.04323143196271417, 0.1088913291055742, 0.3214277268439588, 0.31542278309713945, 0.016505181587421452, 0.00022358945733737614, 0.10988062662944316, 0.01098322601616171, 0.09991661817240377, 0.009368725759436968, 0.00030966229021844286, 0.005751447179251478, 0.00876544407104285, 0.003148598239755335, 0.016522829345888283, 0.002506984497564473, 0.003877771925495147, 0.0011956245628818106, 0.005184760729579929, 0.010775143991041779, 0.012590086319126224, 0.0021266583543747344, 0.0026267817993744086, 0.0, 0.011169751297482291, 0.0014704563077389667, 0.0015564109510662525, 0.02533451973562618, 0.011488445394503655, 0.006104791333142752, 0.005789343201988462, 0.02147905551016737, 0.0039094167861278, 0.003583887532998047, 0.03974253653189705, 0.008245597975611271, 0.006118873899186387, 0.00759697439553884, 0.015586861775129655, 0.0028765586057401355, 0.012973699584686816, 0.010367693821068093, 0.0013820150858642516, 0.001230865142260408, 0.010389820478347246, 0.006943240015367684, 0.012203429825923987, 0.012053082311049314, 0.0034828902811077306, 0.005252243444263216]}, {'overall_acc': 0.4476229961304588, 'bal_acc': 0.5262096377401071, 'avg_odds_diff': 0.8791325989192181, 'disp_imp': 0.017272077955206366, 'stat_par_diff': 0.9172922842482469, 'eq_opp_diff': 0.7810872633474474, 'theil_ind': 0.1379319695309449, 'TPR': 0.6819196428571429, 'TNR': 0.3704996326230713, 'FPR': 0.6295003673769287, 'FNR': 0.31808035714285715, 'GTPR': 1.0, 'GTNR': 1.0, 'GFPR': 0.0, 'GFNR': 0.0, 'PPV': 0.26285222628522265, 'NPV': 0.7796675686122922, 'FDR': 0.7371477737147774, 'FOR': 0.22033243138770778, 'ACC': 0.4476229961304588, 'MCC': 0.04721077040353225, 'f1_score': 0.37944418568545263, 'fitness': -0.3334642672169886, 'solution': {'corr_type': 'spearman', 'l2': 0.01, 'dropout': 0.15615389156064333, 'privileged_demotion': 0.9148658878254181, 'privileged_promotion': 0.18257482058820929, 'protected_demotion': 0.7145554491183234, 'protected_promotion': 0.18811683856722772}, 'corr': [0.09828764660355016, 0.0037829536157896484, 1.0, 0.06568957983154713, 0.045735590935061264, 0.26731817947931164, 0.004617564141625225, 0.04330931141985968, 0.06526588547848303, 0.08548623527523289, 0.10721786657313076, 0.03350770548110993, 0.002224676040859242, 0.0023503150020039287, 0.011822758851466062, 0.005641415011067604, 0.010887869791813241, 0.01533990889014207, 0.021238054981893427, 0.016339016094891707, 0.025828702234757313, 0.006730319731932148, 0.021311569678597483, 0.03482473925560466, 0.011861679758057516, 0.004759427268267704, 0.007929308998787788, 0.04924973842579414, 0.050375823761234895, 0.23330787134776784, 0.01653650082543306, 0.441934694571611, 0.04541921229341878, 0.1859279833449354, 0.10592609849942339, 0.17820532345178983, 0.27963684097389896, 0.013567937016635726, 0.23146304132386536, 0.032868165863172934, 0.10112813951389585, 0.09644084264631325, 0.032835228330950865, 0.16621452821138746, 0.09720802730801704, 0.03378280845189595, 0.06156975649976553, 0.02249008850362281, 0.025658459353215705, 0.13157442102715577, 0.5850494472351552, 0.17744064790373001, 0.04323143196271417, 0.1088913291055742, 0.3214277268439588, 0.31542278309713945, 0.016505181587421452, 0.00022358945733737614, 0.10988062662944316, 0.01098322601616171, 0.09991661817240377, 0.009368725759436968, 0.00030966229021844286, 0.005751447179251478, 0.00876544407104285, 0.003148598239755335, 0.016522829345888283, 0.002506984497564473, 0.003877771925495147, 0.0011956245628818106, 0.005184760729579929, 0.010775143991041779, 0.012590086319126224, 0.0021266583543747344, 0.0026267817993744086, 0.0, 0.011169751297482291, 0.0014704563077389667, 0.0015564109510662525, 0.02533451973562618, 0.011488445394503655, 0.006104791333142752, 0.005789343201988462, 0.02147905551016737, 0.0039094167861278, 0.003583887532998047, 0.03974253653189705, 0.008245597975611271, 0.006118873899186387, 0.00759697439553884, 0.015586861775129655, 0.0028765586057401355, 0.012973699584686816, 0.010367693821068093, 0.0013820150858642516, 0.001230865142260408, 0.010389820478347246, 0.006943240015367684, 0.012203429825923987, 0.012053082311049314, 0.0034828902811077306, 0.005252243444263216]}, {'overall_acc': 0.5152017689331122, 'bal_acc': 0.3523154996982261, 'avg_odds_diff': 0.5264674218997045, 'disp_imp': 228.5916955017301, 'stat_par_diff': 0.7830517756586545, 'eq_opp_diff': 0.1919355623692023, 'theil_ind': 0.3333736060463269, 'TPR': 0.029575892857142856, 'TNR': 0.6750551065393093, 'FPR': 0.32494489346069066, 'FNR': 0.9704241071428571, 'GTPR': 1.0, 'GTNR': 1.0, 'GFPR': 0.0, 'GFNR': 0.0, 'PPV': 0.029088913282107574, 'NPV': 0.6787957148134466, 'FDR': 0.9709110867178924, 'FOR': 0.32120428518655336, 'ACC': 0.5152017689331122, 'MCC': -0.2937376813763427, 'f1_score': 0.029330381848367462, 'fitness': 0.3232662065639099, 'solution': {'corr_type': 'spearman', 'l2': 0.0001, 'dropout': 0.14337434267712088, 'privileged_demotion': 0.6816642671006438, 'privileged_promotion': 0.2098817559325476, 'protected_demotion': 0.3844742933924023, 'protected_promotion': 0.9909319541960373}, 'corr': [0.09828764660355016, 0.0037829536157896484, 1.0, 0.06568957983154713, 0.045735590935061264, 0.26731817947931164, 0.004617564141625225, 0.04330931141985968, 0.06526588547848303, 0.08548623527523289, 0.10721786657313076, 0.03350770548110993, 0.002224676040859242, 0.0023503150020039287, 0.011822758851466062, 0.005641415011067604, 0.010887869791813241, 0.01533990889014207, 0.021238054981893427, 0.016339016094891707, 0.025828702234757313, 0.006730319731932148, 0.021311569678597483, 0.03482473925560466, 0.011861679758057516, 0.004759427268267704, 0.007929308998787788, 0.04924973842579414, 0.050375823761234895, 0.23330787134776784, 0.01653650082543306, 0.441934694571611, 0.04541921229341878, 0.1859279833449354, 0.10592609849942339, 0.17820532345178983, 0.27963684097389896, 0.013567937016635726, 0.23146304132386536, 0.032868165863172934, 0.10112813951389585, 0.09644084264631325, 0.032835228330950865, 0.16621452821138746, 0.09720802730801704, 0.03378280845189595, 0.06156975649976553, 0.02249008850362281, 0.025658459353215705, 0.13157442102715577, 0.5850494472351552, 0.17744064790373001, 0.04323143196271417, 0.1088913291055742, 0.3214277268439588, 0.31542278309713945, 0.016505181587421452, 0.00022358945733737614, 0.10988062662944316, 0.01098322601616171, 0.09991661817240377, 0.009368725759436968, 0.00030966229021844286, 0.005751447179251478, 0.00876544407104285, 0.003148598239755335, 0.016522829345888283, 0.002506984497564473, 0.003877771925495147, 0.0011956245628818106, 0.005184760729579929, 0.010775143991041779, 0.012590086319126224, 0.0021266583543747344, 0.0026267817993744086, 0.0, 0.011169751297482291, 0.0014704563077389667, 0.0015564109510662525, 0.02533451973562618, 0.011488445394503655, 0.006104791333142752, 0.005789343201988462, 0.02147905551016737, 0.0039094167861278, 0.003583887532998047, 0.03974253653189705, 0.008245597975611271, 0.006118873899186387, 0.00759697439553884, 0.015586861775129655, 0.0028765586057401355, 0.012973699584686816, 0.010367693821068093, 0.0013820150858642516, 0.001230865142260408, 0.010389820478347246, 0.006943240015367684, 0.012203429825923987, 0.012053082311049314, 0.0034828902811077306, 0.005252243444263216]}, {'overall_acc': 0.5008291873963516, 'bal_acc': 0.6452362774876665, 'avg_odds_diff': 0.6875827460953263, 'disp_imp': 0.10874326105187493, 'stat_par_diff': 0.8856649642249128, 'eq_opp_diff': 0.4293911519929917, 'theil_ind': 0.074239923638185, 'TPR': 0.9313616071428571, 'TNR': 0.3591109478324761, 'FPR': 0.6408890521675239, 'FNR': 0.06863839285714286, 'GTPR': 1.0, 'GTNR': 1.0, 'GFPR': 0.0, 'GFNR': 0.0, 'PPV': 0.3235750290810392, 'NPV': 0.940808469682387, 'FDR': 0.6764249709189608, 'FOR': 0.05919153031761309, 'ACC': 0.5008291873963516, 'MCC': 0.2771211835625892, 'f1_score': 0.48028776978417265, 'fitness': 0.07143803540335991, 'solution': {'corr_type': 'spearman', 'l2': 0.0001, 'dropout': 0.006431657902369464, 'privileged_demotion': 0.7733435683210901, 'privileged_promotion': 0.2611625642974282, 'protected_demotion': 0.32621082622196235, 'protected_promotion': 0.38096875666068375}, 'corr': [0.09828764660355016, 0.0037829536157896484, 1.0, 0.06568957983154713, 0.045735590935061264, 0.26731817947931164, 0.004617564141625225, 0.04330931141985968, 0.06526588547848303, 0.08548623527523289, 0.10721786657313076, 0.03350770548110993, 0.002224676040859242, 0.0023503150020039287, 0.011822758851466062, 0.005641415011067604, 0.010887869791813241, 0.01533990889014207, 0.021238054981893427, 0.016339016094891707, 0.025828702234757313, 0.006730319731932148, 0.021311569678597483, 0.03482473925560466, 0.011861679758057516, 0.004759427268267704, 0.007929308998787788, 0.04924973842579414, 0.050375823761234895, 0.23330787134776784, 0.01653650082543306, 0.441934694571611, 0.04541921229341878, 0.1859279833449354, 0.10592609849942339, 0.17820532345178983, 0.27963684097389896, 0.013567937016635726, 0.23146304132386536, 0.032868165863172934, 0.10112813951389585, 0.09644084264631325, 0.032835228330950865, 0.16621452821138746, 0.09720802730801704, 0.03378280845189595, 0.06156975649976553, 0.02249008850362281, 0.025658459353215705, 0.13157442102715577, 0.5850494472351552, 0.17744064790373001, 0.04323143196271417, 0.1088913291055742, 0.3214277268439588, 0.31542278309713945, 0.016505181587421452, 0.00022358945733737614, 0.10988062662944316, 0.01098322601616171, 0.09991661817240377, 0.009368725759436968, 0.00030966229021844286, 0.005751447179251478, 0.00876544407104285, 0.003148598239755335, 0.016522829345888283, 0.002506984497564473, 0.003877771925495147, 0.0011956245628818106, 0.005184760729579929, 0.010775143991041779, 0.012590086319126224, 0.0021266583543747344, 0.0026267817993744086, 0.0, 0.011169751297482291, 0.0014704563077389667, 0.0015564109510662525, 0.02533451973562618, 0.011488445394503655, 0.006104791333142752, 0.005789343201988462, 0.02147905551016737, 0.0039094167861278, 0.003583887532998047, 0.03974253653189705, 0.008245597975611271, 0.006118873899186387, 0.00759697439553884, 0.015586861775129655, 0.0028765586057401355, 0.012973699584686816, 0.010367693821068093, 0.0013820150858642516, 0.001230865142260408, 0.010389820478347246, 0.006943240015367684, 0.012203429825923987, 0.012053082311049314, 0.0034828902811077306, 0.005252243444263216]}, {'overall_acc': 0.8479823106688779, 'bal_acc': 0.7462376666316783, 'avg_odds_diff': 0.03913050070434204, 'disp_imp': 0.5355681221943682, 'stat_par_diff': 0.09484148243389647, 'eq_opp_diff': 0.06517739816031531, 'theil_ind': 0.1350914714412812, 'TPR': 0.5446428571428571, 'TNR': 0.9478324761204996, 'FPR': 0.05216752387950037, 'FNR': 0.45535714285714285, 'GTPR': 1.0, 'GTNR': 1.0, 'GFPR': 0.0, 'GFNR': 0.0, 'PPV': 0.7746031746031746, 'NPV': 0.8634538152610441, 'FDR': 0.2253968253968254, 'FOR': 0.13654618473895583, 'ACC': 0.8479823106688779, 'MCC': 0.5605598350973742, 'f1_score': 0.6395806028833552, 'fitness': 0.7828049125085625, 'solution': {'corr_type': 'spearman', 'l2': 0.01, 'dropout': 0.19614881493650402, 'privileged_demotion': 0.4149816951592933, 'privileged_promotion': 0.194630596559214, 'protected_demotion': 0.0509289913549007, 'protected_promotion': 0.11412463936000505}, 'corr': [0.09828764660355016, 0.0037829536157896484, 1.0, 0.06568957983154713, 0.045735590935061264, 0.26731817947931164, 0.004617564141625225, 0.04330931141985968, 0.06526588547848303, 0.08548623527523289, 0.10721786657313076, 0.03350770548110993, 0.002224676040859242, 0.0023503150020039287, 0.011822758851466062, 0.005641415011067604, 0.010887869791813241, 0.01533990889014207, 0.021238054981893427, 0.016339016094891707, 0.025828702234757313, 0.006730319731932148, 0.021311569678597483, 0.03482473925560466, 0.011861679758057516, 0.004759427268267704, 0.007929308998787788, 0.04924973842579414, 0.050375823761234895, 0.23330787134776784, 0.01653650082543306, 0.441934694571611, 0.04541921229341878, 0.1859279833449354, 0.10592609849942339, 0.17820532345178983, 0.27963684097389896, 0.013567937016635726, 0.23146304132386536, 0.032868165863172934, 0.10112813951389585, 0.09644084264631325, 0.032835228330950865, 0.16621452821138746, 0.09720802730801704, 0.03378280845189595, 0.06156975649976553, 0.02249008850362281, 0.025658459353215705, 0.13157442102715577, 0.5850494472351552, 0.17744064790373001, 0.04323143196271417, 0.1088913291055742, 0.3214277268439588, 0.31542278309713945, 0.016505181587421452, 0.00022358945733737614, 0.10988062662944316, 0.01098322601616171, 0.09991661817240377, 0.009368725759436968, 0.00030966229021844286, 0.005751447179251478, 0.00876544407104285, 0.003148598239755335, 0.016522829345888283, 0.002506984497564473, 0.003877771925495147, 0.0011956245628818106, 0.005184760729579929, 0.010775143991041779, 0.012590086319126224, 0.0021266583543747344, 0.0026267817993744086, 0.0, 0.011169751297482291, 0.0014704563077389667, 0.0015564109510662525, 0.02533451973562618, 0.011488445394503655, 0.006104791333142752, 0.005789343201988462, 0.02147905551016737, 0.0039094167861278, 0.003583887532998047, 0.03974253653189705, 0.008245597975611271, 0.006118873899186387, 0.00759697439553884, 0.015586861775129655, 0.0028765586057401355, 0.012973699584686816, 0.010367693821068093, 0.0013820150858642516, 0.001230865142260408, 0.010389820478347246, 0.006943240015367684, 0.012203429825923987, 0.012053082311049314, 0.0034828902811077306, 0.005252243444263216]}, {'overall_acc': 0.511608623548922, 'bal_acc': 0.3506762441613309, 'avg_odds_diff': 0.5398881800936832, 'disp_imp': 247.58823529411762, 'stat_par_diff': 0.7985047085014941, 'eq_opp_diff': 0.20238964325692313, 'theil_ind': 0.3328303228930436, 'TPR': 0.03180803571428571, 'TNR': 0.6695444526083761, 'FPR': 0.3304555473916238, 'FNR': 0.9681919642857143, 'GTPR': 1.0, 'GTNR': 1.0, 'GFPR': 0.0, 'GFNR': 0.0, 'PPV': 0.030711206896551723, 'NPV': 0.6775092936802974, 'FDR': 0.9692887931034483, 'FOR': 0.3224907063197026, 'ACC': 0.511608623548922, 'MCC': -0.295193532214348, 'f1_score': 0.03125, 'fitness': 0.3092189802919989, 'solution': {'corr_type': 'spearman', 'l2': 0.0001, 'dropout': 0.13631178451226258, 'privileged_demotion': 0.6549086543984316, 'privileged_promotion': 0.30624330362007346, 'protected_demotion': 0.33127550649175913, 'protected_promotion': 0.9655213011703299}, 'corr': [0.09828764660355016, 0.0037829536157896484, 1.0, 0.06568957983154713, 0.045735590935061264, 0.26731817947931164, 0.004617564141625225, 0.04330931141985968, 0.06526588547848303, 0.08548623527523289, 0.10721786657313076, 0.03350770548110993, 0.002224676040859242, 0.0023503150020039287, 0.011822758851466062, 0.005641415011067604, 0.010887869791813241, 0.01533990889014207, 0.021238054981893427, 0.016339016094891707, 0.025828702234757313, 0.006730319731932148, 0.021311569678597483, 0.03482473925560466, 0.011861679758057516, 0.004759427268267704, 0.007929308998787788, 0.04924973842579414, 0.050375823761234895, 0.23330787134776784, 0.01653650082543306, 0.441934694571611, 0.04541921229341878, 0.1859279833449354, 0.10592609849942339, 0.17820532345178983, 0.27963684097389896, 0.013567937016635726, 0.23146304132386536, 0.032868165863172934, 0.10112813951389585, 0.09644084264631325, 0.032835228330950865, 0.16621452821138746, 0.09720802730801704, 0.03378280845189595, 0.06156975649976553, 0.02249008850362281, 0.025658459353215705, 0.13157442102715577, 0.5850494472351552, 0.17744064790373001, 0.04323143196271417, 0.1088913291055742, 0.3214277268439588, 0.31542278309713945, 0.016505181587421452, 0.00022358945733737614, 0.10988062662944316, 0.01098322601616171, 0.09991661817240377, 0.009368725759436968, 0.00030966229021844286, 0.005751447179251478, 0.00876544407104285, 0.003148598239755335, 0.016522829345888283, 0.002506984497564473, 0.003877771925495147, 0.0011956245628818106, 0.005184760729579929, 0.010775143991041779, 0.012590086319126224, 0.0021266583543747344, 0.0026267817993744086, 0.0, 0.011169751297482291, 0.0014704563077389667, 0.0015564109510662525, 0.02533451973562618, 0.011488445394503655, 0.006104791333142752, 0.005789343201988462, 0.02147905551016737, 0.0039094167861278, 0.003583887532998047, 0.03974253653189705, 0.008245597975611271, 0.006118873899186387, 0.00759697439553884, 0.015586861775129655, 0.0028765586057401355, 0.012973699584686816, 0.010367693821068093, 0.0013820150858642516, 0.001230865142260408, 0.010389820478347246, 0.006943240015367684, 0.012203429825923987, 0.012053082311049314, 0.0034828902811077306, 0.005252243444263216]}, {'overall_acc': 0.511746821448314, 'bal_acc': 0.3503937411435919, 'avg_odds_diff': 0.5391967232982074, 'disp_imp': 360.12834224598936, 'stat_par_diff': 0.7995166494041454, 'eq_opp_diff': 0.19934296977660973, 'theil_ind': 0.3331795462946017, 'TPR': 0.030691964285714284, 'TNR': 0.6700955180014695, 'FPR': 0.3299044819985305, 'FNR': 0.9693080357142857, 'GTPR': 1.0, 'GTNR': 1.0, 'GFPR': 0.0, 'GFNR': 0.0, 'PPV': 0.02971366828741221, 'NPV': 0.6774373259052925, 'FDR': 0.9702863317125878, 'FOR': 0.3225626740947075, 'ACC': 0.511746821448314, 'MCC': -0.29601366241661203, 'f1_score': 0.03019489431786989, 'fitness': 0.31240385167170426, 'solution': {'corr_type': 'spearman', 'l2': 0.0001, 'dropout': 0.14637742721641261, 'privileged_demotion': 0.7014543715152926, 'privileged_promotion': 0.21290503533721883, 'protected_demotion': 0.3702431341812221, 'protected_promotion': 0.9983992783456893}, 'corr': [0.09828764660355016, 0.0037829536157896484, 1.0, 0.06568957983154713, 0.045735590935061264, 0.26731817947931164, 0.004617564141625225, 0.04330931141985968, 0.06526588547848303, 0.08548623527523289, 0.10721786657313076, 0.03350770548110993, 0.002224676040859242, 0.0023503150020039287, 0.011822758851466062, 0.005641415011067604, 0.010887869791813241, 0.01533990889014207, 0.021238054981893427, 0.016339016094891707, 0.025828702234757313, 0.006730319731932148, 0.021311569678597483, 0.03482473925560466, 0.011861679758057516, 0.004759427268267704, 0.007929308998787788, 0.04924973842579414, 0.050375823761234895, 0.23330787134776784, 0.01653650082543306, 0.441934694571611, 0.04541921229341878, 0.1859279833449354, 0.10592609849942339, 0.17820532345178983, 0.27963684097389896, 0.013567937016635726, 0.23146304132386536, 0.032868165863172934, 0.10112813951389585, 0.09644084264631325, 0.032835228330950865, 0.16621452821138746, 0.09720802730801704, 0.03378280845189595, 0.06156975649976553, 0.02249008850362281, 0.025658459353215705, 0.13157442102715577, 0.5850494472351552, 0.17744064790373001, 0.04323143196271417, 0.1088913291055742, 0.3214277268439588, 0.31542278309713945, 0.016505181587421452, 0.00022358945733737614, 0.10988062662944316, 0.01098322601616171, 0.09991661817240377, 0.009368725759436968, 0.00030966229021844286, 0.005751447179251478, 0.00876544407104285, 0.003148598239755335, 0.016522829345888283, 0.002506984497564473, 0.003877771925495147, 0.0011956245628818106, 0.005184760729579929, 0.010775143991041779, 0.012590086319126224, 0.0021266583543747344, 0.0026267817993744086, 0.0, 0.011169751297482291, 0.0014704563077389667, 0.0015564109510662525, 0.02533451973562618, 0.011488445394503655, 0.006104791333142752, 0.005789343201988462, 0.02147905551016737, 0.0039094167861278, 0.003583887532998047, 0.03974253653189705, 0.008245597975611271, 0.006118873899186387, 0.00759697439553884, 0.015586861775129655, 0.0028765586057401355, 0.012973699584686816, 0.010367693821068093, 0.0013820150858642516, 0.001230865142260408, 0.010389820478347246, 0.006943240015367684, 0.012203429825923987, 0.012053082311049314, 0.0034828902811077306, 0.005252243444263216]}, {'overall_acc': 0.8323659480375898, 'bal_acc': 0.6914991192794164, 'avg_odds_diff': 0.04838351248373082, 'disp_imp': 0.5502628984554716, 'stat_par_diff': 0.06517137516816077, 'eq_opp_diff': 0.09007154329099137, 'theil_ind': 0.1666855247834142, 'TPR': 0.41238839285714285, 'TNR': 0.97060984570169, 'FPR': 0.029390154298310066, 'FNR': 0.5876116071428571, 'GTPR': 1.0, 'GTNR': 1.0, 'GFPR': 0.0, 'GFNR': 0.0, 'PPV': 0.8220244716351501, 'NPV': 0.8338330440271422, 'FDR': 0.17797552836484984, 'FOR': 0.16616695597285783, 'ACC': 0.8323659480375898, 'MCC': 0.501190855108341, 'f1_score': 0.5492382014121145, 'fitness': 0.7422944047465985, 'solution': {'corr_type': 'spearman', 'l2': 0.0001, 'dropout': 0.13593563221490026, 'privileged_demotion': 0.6600431924023351, 'privileged_promotion': 0.30655586997511763, 'protected_demotion': 0.4144356148786505, 'protected_promotion': 0.35671391844622086}, 'corr': [0.09828764660355016, 0.0037829536157896484, 1.0, 0.06568957983154713, 0.045735590935061264, 0.26731817947931164, 0.004617564141625225, 0.04330931141985968, 0.06526588547848303, 0.08548623527523289, 0.10721786657313076, 0.03350770548110993, 0.002224676040859242, 0.0023503150020039287, 0.011822758851466062, 0.005641415011067604, 0.010887869791813241, 0.01533990889014207, 0.021238054981893427, 0.016339016094891707, 0.025828702234757313, 0.006730319731932148, 0.021311569678597483, 0.03482473925560466, 0.011861679758057516, 0.004759427268267704, 0.007929308998787788, 0.04924973842579414, 0.050375823761234895, 0.23330787134776784, 0.01653650082543306, 0.441934694571611, 0.04541921229341878, 0.1859279833449354, 0.10592609849942339, 0.17820532345178983, 0.27963684097389896, 0.013567937016635726, 0.23146304132386536, 0.032868165863172934, 0.10112813951389585, 0.09644084264631325, 0.032835228330950865, 0.16621452821138746, 0.09720802730801704, 0.03378280845189595, 0.06156975649976553, 0.02249008850362281, 0.025658459353215705, 0.13157442102715577, 0.5850494472351552, 0.17744064790373001, 0.04323143196271417, 0.1088913291055742, 0.3214277268439588, 0.31542278309713945, 0.016505181587421452, 0.00022358945733737614, 0.10988062662944316, 0.01098322601616171, 0.09991661817240377, 0.009368725759436968, 0.00030966229021844286, 0.005751447179251478, 0.00876544407104285, 0.003148598239755335, 0.016522829345888283, 0.002506984497564473, 0.003877771925495147, 0.0011956245628818106, 0.005184760729579929, 0.010775143991041779, 0.012590086319126224, 0.0021266583543747344, 0.0026267817993744086, 0.0, 0.011169751297482291, 0.0014704563077389667, 0.0015564109510662525, 0.02533451973562618, 0.011488445394503655, 0.006104791333142752, 0.005789343201988462, 0.02147905551016737, 0.0039094167861278, 0.003583887532998047, 0.03974253653189705, 0.008245597975611271, 0.006118873899186387, 0.00759697439553884, 0.015586861775129655, 0.0028765586057401355, 0.012973699584686816, 0.010367693821068093, 0.0013820150858642516, 0.001230865142260408, 0.010389820478347246, 0.006943240015367684, 0.012203429825923987, 0.012053082311049314, 0.0034828902811077306, 0.005252243444263216]}, {'overall_acc': 0.8056937534549475, 'bal_acc': 0.6674092792195865, 'avg_odds_diff': 0.3335642464355934, 'disp_imp': 2.030382855229378, 'stat_par_diff': 0.10989916306534755, 'eq_opp_diff': 0.5528446975227527, 'theil_ind': 0.1805732864856657, 'TPR': 0.39341517857142855, 'TNR': 0.9414033798677444, 'FPR': 0.058596620132255695, 'FNR': 0.6065848214285714, 'GTPR': 1.0, 'GTNR': 1.0, 'GFPR': 0.0, 'GFNR': 0.0, 'PPV': 0.6884765625, 'NPV': 0.8250160978750805, 'FDR': 0.3115234375, 'FOR': 0.17498390212491952, 'ACC': 0.8056937534549475, 'MCC': 0.41464065444174697, 'f1_score': 0.5007102272727272, 'fitness': 0.25284905593219487, 'solution': {'corr_type': 'spearman', 'l2': 0.0001, 'dropout': 0.19371502762309614, 'privileged_demotion': 0.5208961671721178, 'privileged_promotion': 0.02435514725350335, 'protected_demotion': 0.0054703455668275724, 'protected_promotion': 0.6574729802916052}, 'corr': [0.09828764660355016, 0.0037829536157896484, 1.0, 0.06568957983154713, 0.045735590935061264, 0.26731817947931164, 0.004617564141625225, 0.04330931141985968, 0.06526588547848303, 0.08548623527523289, 0.10721786657313076, 0.03350770548110993, 0.002224676040859242, 0.0023503150020039287, 0.011822758851466062, 0.005641415011067604, 0.010887869791813241, 0.01533990889014207, 0.021238054981893427, 0.016339016094891707, 0.025828702234757313, 0.006730319731932148, 0.021311569678597483, 0.03482473925560466, 0.011861679758057516, 0.004759427268267704, 0.007929308998787788, 0.04924973842579414, 0.050375823761234895, 0.23330787134776784, 0.01653650082543306, 0.441934694571611, 0.04541921229341878, 0.1859279833449354, 0.10592609849942339, 0.17820532345178983, 0.27963684097389896, 0.013567937016635726, 0.23146304132386536, 0.032868165863172934, 0.10112813951389585, 0.09644084264631325, 0.032835228330950865, 0.16621452821138746, 0.09720802730801704, 0.03378280845189595, 0.06156975649976553, 0.02249008850362281, 0.025658459353215705, 0.13157442102715577, 0.5850494472351552, 0.17744064790373001, 0.04323143196271417, 0.1088913291055742, 0.3214277268439588, 0.31542278309713945, 0.016505181587421452, 0.00022358945733737614, 0.10988062662944316, 0.01098322601616171, 0.09991661817240377, 0.009368725759436968, 0.00030966229021844286, 0.005751447179251478, 0.00876544407104285, 0.003148598239755335, 0.016522829345888283, 0.002506984497564473, 0.003877771925495147, 0.0011956245628818106, 0.005184760729579929, 0.010775143991041779, 0.012590086319126224, 0.0021266583543747344, 0.0026267817993744086, 0.0, 0.011169751297482291, 0.0014704563077389667, 0.0015564109510662525, 0.02533451973562618, 0.011488445394503655, 0.006104791333142752, 0.005789343201988462, 0.02147905551016737, 0.0039094167861278, 0.003583887532998047, 0.03974253653189705, 0.008245597975611271, 0.006118873899186387, 0.00759697439553884, 0.015586861775129655, 0.0028765586057401355, 0.012973699584686816, 0.010367693821068093, 0.0013820150858642516, 0.001230865142260408, 0.010389820478347246, 0.006943240015367684, 0.012203429825923987, 0.012053082311049314, 0.0034828902811077306, 0.005252243444263216]}, {'overall_acc': 0.8095632946379215, 'bal_acc': 0.6623067990973024, 'avg_odds_diff': 0.2687314628919715, 'disp_imp': 1.7054671280276816, 'stat_par_diff': 0.07281688631736848, 'eq_opp_diff': 0.4533216527960286, 'theil_ind': 0.1838645493791299, 'TPR': 0.3705357142857143, 'TNR': 0.9540778839088905, 'FPR': 0.04592211609110948, 'FNR': 0.6294642857142857, 'GTPR': 1.0, 'GTNR': 1.0, 'GFPR': 0.0, 'GFNR': 0.0, 'PPV': 0.7264770240700219, 'NPV': 0.8215754508067067, 'FDR': 0.2735229759299781, 'FOR': 0.17842454919329326, 'ACC': 0.8095632946379215, 'MCC': 0.4217882002488845, 'f1_score': 0.49076127124907615, 'fitness': 0.35624164184189294, 'solution': {'corr_type': 'spearman', 'l2': 0.01, 'dropout': 0.128005741338352, 'privileged_demotion': 0.5580003448079911, 'privileged_promotion': 0.04259058668688204, 'protected_demotion': 0.023690639790162813, 'protected_promotion': 0.652022121279069}, 'corr': [0.09828764660355016, 0.0037829536157896484, 1.0, 0.06568957983154713, 0.045735590935061264, 0.26731817947931164, 0.004617564141625225, 0.04330931141985968, 0.06526588547848303, 0.08548623527523289, 0.10721786657313076, 0.03350770548110993, 0.002224676040859242, 0.0023503150020039287, 0.011822758851466062, 0.005641415011067604, 0.010887869791813241, 0.01533990889014207, 0.021238054981893427, 0.016339016094891707, 0.025828702234757313, 0.006730319731932148, 0.021311569678597483, 0.03482473925560466, 0.011861679758057516, 0.004759427268267704, 0.007929308998787788, 0.04924973842579414, 0.050375823761234895, 0.23330787134776784, 0.01653650082543306, 0.441934694571611, 0.04541921229341878, 0.1859279833449354, 0.10592609849942339, 0.17820532345178983, 0.27963684097389896, 0.013567937016635726, 0.23146304132386536, 0.032868165863172934, 0.10112813951389585, 0.09644084264631325, 0.032835228330950865, 0.16621452821138746, 0.09720802730801704, 0.03378280845189595, 0.06156975649976553, 0.02249008850362281, 0.025658459353215705, 0.13157442102715577, 0.5850494472351552, 0.17744064790373001, 0.04323143196271417, 0.1088913291055742, 0.3214277268439588, 0.31542278309713945, 0.016505181587421452, 0.00022358945733737614, 0.10988062662944316, 0.01098322601616171, 0.09991661817240377, 0.009368725759436968, 0.00030966229021844286, 0.005751447179251478, 0.00876544407104285, 0.003148598239755335, 0.016522829345888283, 0.002506984497564473, 0.003877771925495147, 0.0011956245628818106, 0.005184760729579929, 0.010775143991041779, 0.012590086319126224, 0.0021266583543747344, 0.0026267817993744086, 0.0, 0.011169751297482291, 0.0014704563077389667, 0.0015564109510662525, 0.02533451973562618, 0.011488445394503655, 0.006104791333142752, 0.005789343201988462, 0.02147905551016737, 0.0039094167861278, 0.003583887532998047, 0.03974253653189705, 0.008245597975611271, 0.006118873899186387, 0.00759697439553884, 0.015586861775129655, 0.0028765586057401355, 0.012973699584686816, 0.010367693821068093, 0.0013820150858642516, 0.001230865142260408, 0.010389820478347246, 0.006943240015367684, 0.012203429825923987, 0.012053082311049314, 0.0034828902811077306, 0.005252243444263216]}, {'overall_acc': 0.8232448866777226, 'bal_acc': 0.6644739539597985, 'avg_odds_diff': 0.06798049190650148, 'disp_imp': 0.6458823529411765, 'stat_par_diff': 0.04085145898067788, 'eq_opp_diff': 0.13313379082104443, 'theil_ind': 0.18249330900754132, 'TPR': 0.34988839285714285, 'TNR': 0.979059515062454, 'FPR': 0.02094048493754592, 'FNR': 0.6501116071428571, 'GTPR': 1.0, 'GTNR': 1.0, 'GFPR': 0.0, 'GFNR': 0.0, 'PPV': 0.8461538461538461, 'NPV': 0.8206312548113934, 'FDR': 0.15384615384615385, 'FOR': 0.17936874518860663, 'ACC': 0.8232448866777226, 'MCC': 0.46833488445179133, 'f1_score': 0.4950651401500197, 'fitness': 0.6901110958566781, 'solution': {'corr_type': 'spearman', 'l2': 0.01, 'dropout': 0.19817436916104506, 'privileged_demotion': 0.5259836780627631, 'privileged_promotion': 0.09969740097001525, 'protected_demotion': 0.22514573106410474, 'protected_promotion': 0.025225509592693596}, 'corr': [0.09828764660355016, 0.0037829536157896484, 1.0, 0.06568957983154713, 0.045735590935061264, 0.26731817947931164, 0.004617564141625225, 0.04330931141985968, 0.06526588547848303, 0.08548623527523289, 0.10721786657313076, 0.03350770548110993, 0.002224676040859242, 0.0023503150020039287, 0.011822758851466062, 0.005641415011067604, 0.010887869791813241, 0.01533990889014207, 0.021238054981893427, 0.016339016094891707, 0.025828702234757313, 0.006730319731932148, 0.021311569678597483, 0.03482473925560466, 0.011861679758057516, 0.004759427268267704, 0.007929308998787788, 0.04924973842579414, 0.050375823761234895, 0.23330787134776784, 0.01653650082543306, 0.441934694571611, 0.04541921229341878, 0.1859279833449354, 0.10592609849942339, 0.17820532345178983, 0.27963684097389896, 0.013567937016635726, 0.23146304132386536, 0.032868165863172934, 0.10112813951389585, 0.09644084264631325, 0.032835228330950865, 0.16621452821138746, 0.09720802730801704, 0.03378280845189595, 0.06156975649976553, 0.02249008850362281, 0.025658459353215705, 0.13157442102715577, 0.5850494472351552, 0.17744064790373001, 0.04323143196271417, 0.1088913291055742, 0.3214277268439588, 0.31542278309713945, 0.016505181587421452, 0.00022358945733737614, 0.10988062662944316, 0.01098322601616171, 0.09991661817240377, 0.009368725759436968, 0.00030966229021844286, 0.005751447179251478, 0.00876544407104285, 0.003148598239755335, 0.016522829345888283, 0.002506984497564473, 0.003877771925495147, 0.0011956245628818106, 0.005184760729579929, 0.010775143991041779, 0.012590086319126224, 0.0021266583543747344, 0.0026267817993744086, 0.0, 0.011169751297482291, 0.0014704563077389667, 0.0015564109510662525, 0.02533451973562618, 0.011488445394503655, 0.006104791333142752, 0.005789343201988462, 0.02147905551016737, 0.0039094167861278, 0.003583887532998047, 0.03974253653189705, 0.008245597975611271, 0.006118873899186387, 0.00759697439553884, 0.015586861775129655, 0.0028765586057401355, 0.012973699584686816, 0.010367693821068093, 0.0013820150858642516, 0.001230865142260408, 0.010389820478347246, 0.006943240015367684, 0.012203429825923987, 0.012053082311049314, 0.0034828902811077306, 0.005252243444263216]}, {'overall_acc': 0.8347153123272526, 'bal_acc': 0.7012961107247822, 'avg_odds_diff': 0.099096450358981, 'disp_imp': 0.723578026251823, 'stat_par_diff': 0.04061573627629558, 'eq_opp_diff': 0.1876234973475447, 'theil_ind': 0.16100284161746742, 'TPR': 0.4369419642857143, 'TNR': 0.9656502571638501, 'FPR': 0.03434974283614989, 'FNR': 0.5630580357142857, 'GTPR': 1.0, 'GTNR': 1.0, 'GFPR': 0.0, 'GFNR': 0.0, 'PPV': 0.8072164948453608, 'NPV': 0.8389722310884137, 'FDR': 0.19278350515463918, 'FOR': 0.16102776891158635, 'ACC': 0.8347153123272526, 'MCC': 0.5100495609735803, 'f1_score': 0.5669804489500363, 'fitness': 0.6470918149797079, 'solution': {'corr_type': 'spearman', 'l2': 0.01, 'dropout': 0.18901462978724848, 'privileged_demotion': 0.48750381667818854, 'privileged_promotion': 0.05754577399816557, 'protected_demotion': 0.01935953372685162, 'protected_promotion': 0.0010867016689949383}, 'corr': [0.09828764660355016, 0.0037829536157896484, 1.0, 0.06568957983154713, 0.045735590935061264, 0.26731817947931164, 0.004617564141625225, 0.04330931141985968, 0.06526588547848303, 0.08548623527523289, 0.10721786657313076, 0.03350770548110993, 0.002224676040859242, 0.0023503150020039287, 0.011822758851466062, 0.005641415011067604, 0.010887869791813241, 0.01533990889014207, 0.021238054981893427, 0.016339016094891707, 0.025828702234757313, 0.006730319731932148, 0.021311569678597483, 0.03482473925560466, 0.011861679758057516, 0.004759427268267704, 0.007929308998787788, 0.04924973842579414, 0.050375823761234895, 0.23330787134776784, 0.01653650082543306, 0.441934694571611, 0.04541921229341878, 0.1859279833449354, 0.10592609849942339, 0.17820532345178983, 0.27963684097389896, 0.013567937016635726, 0.23146304132386536, 0.032868165863172934, 0.10112813951389585, 0.09644084264631325, 0.032835228330950865, 0.16621452821138746, 0.09720802730801704, 0.03378280845189595, 0.06156975649976553, 0.02249008850362281, 0.025658459353215705, 0.13157442102715577, 0.5850494472351552, 0.17744064790373001, 0.04323143196271417, 0.1088913291055742, 0.3214277268439588, 0.31542278309713945, 0.016505181587421452, 0.00022358945733737614, 0.10988062662944316, 0.01098322601616171, 0.09991661817240377, 0.009368725759436968, 0.00030966229021844286, 0.005751447179251478, 0.00876544407104285, 0.003148598239755335, 0.016522829345888283, 0.002506984497564473, 0.003877771925495147, 0.0011956245628818106, 0.005184760729579929, 0.010775143991041779, 0.012590086319126224, 0.0021266583543747344, 0.0026267817993744086, 0.0, 0.011169751297482291, 0.0014704563077389667, 0.0015564109510662525, 0.02533451973562618, 0.011488445394503655, 0.006104791333142752, 0.005789343201988462, 0.02147905551016737, 0.0039094167861278, 0.003583887532998047, 0.03974253653189705, 0.008245597975611271, 0.006118873899186387, 0.00759697439553884, 0.015586861775129655, 0.0028765586057401355, 0.012973699584686816, 0.010367693821068093, 0.0013820150858642516, 0.001230865142260408, 0.010389820478347246, 0.006943240015367684, 0.012203429825923987, 0.012053082311049314, 0.0034828902811077306, 0.005252243444263216]}, {'overall_acc': 0.8269762299613046, 'bal_acc': 0.680055901975963, 'avg_odds_diff': 0.12065559881569768, 'disp_imp': 0.812561669829222, 'stat_par_diff': 0.023519887615033874, 'eq_opp_diff': 0.22668516085073248, 'theil_ind': 0.17339475141118996, 'TPR': 0.38895089285714285, 'TNR': 0.9711609110947832, 'FPR': 0.02883908890521675, 'FNR': 0.6110491071428571, 'GTPR': 1.0, 'GTNR': 1.0, 'GFPR': 0.0, 'GFNR': 0.0, 'PPV': 0.8161592505854801, 'NPV': 0.828423691632717, 'FDR': 0.18384074941451992, 'FOR': 0.171576308367283, 'ACC': 0.8269762299613046, 'MCC': 0.4817903341899203, 'f1_score': 0.5268329554043839, 'fitness': 0.6002910691105721, 'solution': {'corr_type': 'spearman', 'l2': 0.01, 'dropout': 0.19506829986731983, 'privileged_demotion': 0.5252811866368075, 'privileged_promotion': 0.03154134277330889, 'protected_demotion': 0.0067224273213408875, 'protected_promotion': 0.008032743491778738}, 'corr': [0.09828764660355016, 0.0037829536157896484, 1.0, 0.06568957983154713, 0.045735590935061264, 0.26731817947931164, 0.004617564141625225, 0.04330931141985968, 0.06526588547848303, 0.08548623527523289, 0.10721786657313076, 0.03350770548110993, 0.002224676040859242, 0.0023503150020039287, 0.011822758851466062, 0.005641415011067604, 0.010887869791813241, 0.01533990889014207, 0.021238054981893427, 0.016339016094891707, 0.025828702234757313, 0.006730319731932148, 0.021311569678597483, 0.03482473925560466, 0.011861679758057516, 0.004759427268267704, 0.007929308998787788, 0.04924973842579414, 0.050375823761234895, 0.23330787134776784, 0.01653650082543306, 0.441934694571611, 0.04541921229341878, 0.1859279833449354, 0.10592609849942339, 0.17820532345178983, 0.27963684097389896, 0.013567937016635726, 0.23146304132386536, 0.032868165863172934, 0.10112813951389585, 0.09644084264631325, 0.032835228330950865, 0.16621452821138746, 0.09720802730801704, 0.03378280845189595, 0.06156975649976553, 0.02249008850362281, 0.025658459353215705, 0.13157442102715577, 0.5850494472351552, 0.17744064790373001, 0.04323143196271417, 0.1088913291055742, 0.3214277268439588, 0.31542278309713945, 0.016505181587421452, 0.00022358945733737614, 0.10988062662944316, 0.01098322601616171, 0.09991661817240377, 0.009368725759436968, 0.00030966229021844286, 0.005751447179251478, 0.00876544407104285, 0.003148598239755335, 0.016522829345888283, 0.002506984497564473, 0.003877771925495147, 0.0011956245628818106, 0.005184760729579929, 0.010775143991041779, 0.012590086319126224, 0.0021266583543747344, 0.0026267817993744086, 0.0, 0.011169751297482291, 0.0014704563077389667, 0.0015564109510662525, 0.02533451973562618, 0.011488445394503655, 0.006104791333142752, 0.005789343201988462, 0.02147905551016737, 0.0039094167861278, 0.003583887532998047, 0.03974253653189705, 0.008245597975611271, 0.006118873899186387, 0.00759697439553884, 0.015586861775129655, 0.0028765586057401355, 0.012973699584686816, 0.010367693821068093, 0.0013820150858642516, 0.001230865142260408, 0.010389820478347246, 0.006943240015367684, 0.012203429825923987, 0.012053082311049314, 0.0034828902811077306, 0.005252243444263216]}, {'overall_acc': 0.43090105030403536, 'bal_acc': 0.4922613034008607, 'avg_odds_diff': 0.5623596086063422, 'disp_imp': 0.10161962054604351, 'stat_par_diff': 0.785832827362882, 'eq_opp_diff': 0.186362972696744, 'theil_ind': 0.15586155238545465, 'TPR': 0.6138392857142857, 'TNR': 0.37068332108743574, 'FPR': 0.6293166789125643, 'FNR': 0.3861607142857143, 'GTPR': 1.0, 'GTNR': 1.0, 'GFPR': 0.0, 'GFNR': 0.0, 'PPV': 0.24304021210782148, 'NPV': 0.744649446494465, 'FDR': 0.7569597878921785, 'FOR': 0.25535055350553504, 'ACC': 0.43090105030403536, 'MCC': -0.01380333272139228, 'f1_score': 0.34821145932257047, 'fitness': 0.24453807760729135, 'solution': {'corr_type': 'spearman', 'l2': 0.0001, 'dropout': 0.06797311079854239, 'privileged_demotion': 0.8167147390694817, 'privileged_promotion': 0.3988268201431214, 'protected_demotion': 0.19947331975369634, 'protected_promotion': 0.288265113670817}, 'corr': [0.09828764660355016, 0.0037829536157896484, 1.0, 0.06568957983154713, 0.045735590935061264, 0.26731817947931164, 0.004617564141625225, 0.04330931141985968, 0.06526588547848303, 0.08548623527523289, 0.10721786657313076, 0.03350770548110993, 0.002224676040859242, 0.0023503150020039287, 0.011822758851466062, 0.005641415011067604, 0.010887869791813241, 0.01533990889014207, 0.021238054981893427, 0.016339016094891707, 0.025828702234757313, 0.006730319731932148, 0.021311569678597483, 0.03482473925560466, 0.011861679758057516, 0.004759427268267704, 0.007929308998787788, 0.04924973842579414, 0.050375823761234895, 0.23330787134776784, 0.01653650082543306, 0.441934694571611, 0.04541921229341878, 0.1859279833449354, 0.10592609849942339, 0.17820532345178983, 0.27963684097389896, 0.013567937016635726, 0.23146304132386536, 0.032868165863172934, 0.10112813951389585, 0.09644084264631325, 0.032835228330950865, 0.16621452821138746, 0.09720802730801704, 0.03378280845189595, 0.06156975649976553, 0.02249008850362281, 0.025658459353215705, 0.13157442102715577, 0.5850494472351552, 0.17744064790373001, 0.04323143196271417, 0.1088913291055742, 0.3214277268439588, 0.31542278309713945, 0.016505181587421452, 0.00022358945733737614, 0.10988062662944316, 0.01098322601616171, 0.09991661817240377, 0.009368725759436968, 0.00030966229021844286, 0.005751447179251478, 0.00876544407104285, 0.003148598239755335, 0.016522829345888283, 0.002506984497564473, 0.003877771925495147, 0.0011956245628818106, 0.005184760729579929, 0.010775143991041779, 0.012590086319126224, 0.0021266583543747344, 0.0026267817993744086, 0.0, 0.011169751297482291, 0.0014704563077389667, 0.0015564109510662525, 0.02533451973562618, 0.011488445394503655, 0.006104791333142752, 0.005789343201988462, 0.02147905551016737, 0.0039094167861278, 0.003583887532998047, 0.03974253653189705, 0.008245597975611271, 0.006118873899186387, 0.00759697439553884, 0.015586861775129655, 0.0028765586057401355, 0.012973699584686816, 0.010367693821068093, 0.0013820150858642516, 0.001230865142260408, 0.010389820478347246, 0.006943240015367684, 0.012203429825923987, 0.012053082311049314, 0.0034828902811077306, 0.005252243444263216]}, {'overall_acc': 0.4427860696517413, 'bal_acc': 0.34686470852576884, 'avg_odds_diff': 0.3924590172063062, 'disp_imp': 0.08298957833689442, 'stat_par_diff': 0.5007274069312, 'eq_opp_diff': 0.08137927678006521, 'theil_ind': 0.2931637730231699, 'TPR': 0.15680803571428573, 'TNR': 0.536921381337252, 'FPR': 0.46307861866274797, 'FNR': 0.8431919642857143, 'GTPR': 1.0, 'GTNR': 1.0, 'GFPR': 0.0, 'GFNR': 0.0, 'PPV': 0.10028551034975018, 'NPV': 0.6592241768155165, 'FDR': 0.8997144896502498, 'FOR': 0.3407758231844835, 'ACC': 0.4427860696517413, 'MCC': -0.2713947462744108, 'f1_score': 0.12233347845015238, 'fitness': 0.3614067928716761, 'solution': {'corr_type': 'spearman', 'l2': 0.01, 'dropout': 0.1774822650957034, 'privileged_demotion': 0.5492061631061214, 'privileged_promotion': 0.972412501412348, 'protected_demotion': 0.17667178439227713, 'protected_promotion': 0.019000822604342216}, 'corr': [0.09828764660355016, 0.0037829536157896484, 1.0, 0.06568957983154713, 0.045735590935061264, 0.26731817947931164, 0.004617564141625225, 0.04330931141985968, 0.06526588547848303, 0.08548623527523289, 0.10721786657313076, 0.03350770548110993, 0.002224676040859242, 0.0023503150020039287, 0.011822758851466062, 0.005641415011067604, 0.010887869791813241, 0.01533990889014207, 0.021238054981893427, 0.016339016094891707, 0.025828702234757313, 0.006730319731932148, 0.021311569678597483, 0.03482473925560466, 0.011861679758057516, 0.004759427268267704, 0.007929308998787788, 0.04924973842579414, 0.050375823761234895, 0.23330787134776784, 0.01653650082543306, 0.441934694571611, 0.04541921229341878, 0.1859279833449354, 0.10592609849942339, 0.17820532345178983, 0.27963684097389896, 0.013567937016635726, 0.23146304132386536, 0.032868165863172934, 0.10112813951389585, 0.09644084264631325, 0.032835228330950865, 0.16621452821138746, 0.09720802730801704, 0.03378280845189595, 0.06156975649976553, 0.02249008850362281, 0.025658459353215705, 0.13157442102715577, 0.5850494472351552, 0.17744064790373001, 0.04323143196271417, 0.1088913291055742, 0.3214277268439588, 0.31542278309713945, 0.016505181587421452, 0.00022358945733737614, 0.10988062662944316, 0.01098322601616171, 0.09991661817240377, 0.009368725759436968, 0.00030966229021844286, 0.005751447179251478, 0.00876544407104285, 0.003148598239755335, 0.016522829345888283, 0.002506984497564473, 0.003877771925495147, 0.0011956245628818106, 0.005184760729579929, 0.010775143991041779, 0.012590086319126224, 0.0021266583543747344, 0.0026267817993744086, 0.0, 0.011169751297482291, 0.0014704563077389667, 0.0015564109510662525, 0.02533451973562618, 0.011488445394503655, 0.006104791333142752, 0.005789343201988462, 0.02147905551016737, 0.0039094167861278, 0.003583887532998047, 0.03974253653189705, 0.008245597975611271, 0.006118873899186387, 0.00759697439553884, 0.015586861775129655, 0.0028765586057401355, 0.012973699584686816, 0.010367693821068093, 0.0013820150858642516, 0.001230865142260408, 0.010389820478347246, 0.006943240015367684, 0.012203429825923987, 0.012053082311049314, 0.0034828902811077306, 0.005252243444263216]}, {'overall_acc': 0.7951907131011609, 'bal_acc': 0.5979131268368847, 'avg_odds_diff': 0.16537136427036817, 'disp_imp': 1.4801470588235293, 'stat_par_diff': 0.02487707894329559, 'eq_opp_diff': 0.31005499586314306, 'theil_ind': 0.2225837244747047, 'TPR': 0.20703125, 'TNR': 0.9887950036737693, 'FPR': 0.011204996326230713, 'FNR': 0.79296875, 'GTPR': 1.0, 'GTNR': 1.0, 'GFPR': 0.0, 'GFNR': 0.0, 'PPV': 0.8587962962962963, 'NPV': 0.7911522633744856, 'FDR': 0.1412037037037037, 'FOR': 0.2088477366255144, 'ACC': 0.7951907131011609, 'MCC': 0.3567590104271951, 'f1_score': 0.33363309352517984, 'fitness': 0.4851357172380178, 'solution': {'corr_type': 'spearman', 'l2': 0.01, 'dropout': 0.18545529280067152, 'privileged_demotion': 0.8008548094869088, 'privileged_promotion': 0.13188176032099874, 'protected_demotion': 0.20408001753134253, 'protected_promotion': 0.01491835606797929}, 'corr': [0.09828764660355016, 0.0037829536157896484, 1.0, 0.06568957983154713, 0.045735590935061264, 0.26731817947931164, 0.004617564141625225, 0.04330931141985968, 0.06526588547848303, 0.08548623527523289, 0.10721786657313076, 0.03350770548110993, 0.002224676040859242, 0.0023503150020039287, 0.011822758851466062, 0.005641415011067604, 0.010887869791813241, 0.01533990889014207, 0.021238054981893427, 0.016339016094891707, 0.025828702234757313, 0.006730319731932148, 0.021311569678597483, 0.03482473925560466, 0.011861679758057516, 0.004759427268267704, 0.007929308998787788, 0.04924973842579414, 0.050375823761234895, 0.23330787134776784, 0.01653650082543306, 0.441934694571611, 0.04541921229341878, 0.1859279833449354, 0.10592609849942339, 0.17820532345178983, 0.27963684097389896, 0.013567937016635726, 0.23146304132386536, 0.032868165863172934, 0.10112813951389585, 0.09644084264631325, 0.032835228330950865, 0.16621452821138746, 0.09720802730801704, 0.03378280845189595, 0.06156975649976553, 0.02249008850362281, 0.025658459353215705, 0.13157442102715577, 0.5850494472351552, 0.17744064790373001, 0.04323143196271417, 0.1088913291055742, 0.3214277268439588, 0.31542278309713945, 0.016505181587421452, 0.00022358945733737614, 0.10988062662944316, 0.01098322601616171, 0.09991661817240377, 0.009368725759436968, 0.00030966229021844286, 0.005751447179251478, 0.00876544407104285, 0.003148598239755335, 0.016522829345888283, 0.002506984497564473, 0.003877771925495147, 0.0011956245628818106, 0.005184760729579929, 0.010775143991041779, 0.012590086319126224, 0.0021266583543747344, 0.0026267817993744086, 0.0, 0.011169751297482291, 0.0014704563077389667, 0.0015564109510662525, 0.02533451973562618, 0.011488445394503655, 0.006104791333142752, 0.005789343201988462, 0.02147905551016737, 0.0039094167861278, 0.003583887532998047, 0.03974253653189705, 0.008245597975611271, 0.006118873899186387, 0.00759697439553884, 0.015586861775129655, 0.0028765586057401355, 0.012973699584686816, 0.010367693821068093, 0.0013820150858642516, 0.001230865142260408, 0.010389820478347246, 0.006943240015367684, 0.012203429825923987, 0.012053082311049314, 0.0034828902811077306, 0.005252243444263216]}, {'overall_acc': 0.8448037589828634, 'bal_acc': 0.7285898384197543, 'avg_odds_diff': 0.04311047406422545, 'disp_imp': 0.5552066772655008, 'stat_par_diff': 0.07993856923461554, 'eq_opp_diff': 0.08046430135786242, 'theil_ind': 0.14525520290584487, 'TPR': 0.49832589285714285, 'TNR': 0.9588537839823659, 'FPR': 0.041146216017634095, 'FNR': 0.5016741071428571, 'GTPR': 1.0, 'GTNR': 1.0, 'GFPR': 0.0, 'GFNR': 0.0, 'PPV': 0.7994628469113697, 'NPV': 0.8530805687203792, 'FDR': 0.20053715308863027, 'FOR': 0.14691943127962084, 'ACC': 0.8448037589828634, 'MCC': 0.5461955582776852, 'f1_score': 0.613956686146442, 'fitness': 0.764339457625001, 'solution': {'corr_type': 'spearman', 'l2': 0.01, 'dropout': 0.17667278538584918, 'privileged_demotion': 0.412393082878895, 'privileged_promotion': 0.1255374059541569, 'protected_demotion': 0.22702646749027566, 'protected_promotion': 0.3100494058598463}, 'corr': [0.09828764660355016, 0.0037829536157896484, 1.0, 0.06568957983154713, 0.045735590935061264, 0.26731817947931164, 0.004617564141625225, 0.04330931141985968, 0.06526588547848303, 0.08548623527523289, 0.10721786657313076, 0.03350770548110993, 0.002224676040859242, 0.0023503150020039287, 0.011822758851466062, 0.005641415011067604, 0.010887869791813241, 0.01533990889014207, 0.021238054981893427, 0.016339016094891707, 0.025828702234757313, 0.006730319731932148, 0.021311569678597483, 0.03482473925560466, 0.011861679758057516, 0.004759427268267704, 0.007929308998787788, 0.04924973842579414, 0.050375823761234895, 0.23330787134776784, 0.01653650082543306, 0.441934694571611, 0.04541921229341878, 0.1859279833449354, 0.10592609849942339, 0.17820532345178983, 0.27963684097389896, 0.013567937016635726, 0.23146304132386536, 0.032868165863172934, 0.10112813951389585, 0.09644084264631325, 0.032835228330950865, 0.16621452821138746, 0.09720802730801704, 0.03378280845189595, 0.06156975649976553, 0.02249008850362281, 0.025658459353215705, 0.13157442102715577, 0.5850494472351552, 0.17744064790373001, 0.04323143196271417, 0.1088913291055742, 0.3214277268439588, 0.31542278309713945, 0.016505181587421452, 0.00022358945733737614, 0.10988062662944316, 0.01098322601616171, 0.09991661817240377, 0.009368725759436968, 0.00030966229021844286, 0.005751447179251478, 0.00876544407104285, 0.003148598239755335, 0.016522829345888283, 0.002506984497564473, 0.003877771925495147, 0.0011956245628818106, 0.005184760729579929, 0.010775143991041779, 0.012590086319126224, 0.0021266583543747344, 0.0026267817993744086, 0.0, 0.011169751297482291, 0.0014704563077389667, 0.0015564109510662525, 0.02533451973562618, 0.011488445394503655, 0.006104791333142752, 0.005789343201988462, 0.02147905551016737, 0.0039094167861278, 0.003583887532998047, 0.03974253653189705, 0.008245597975611271, 0.006118873899186387, 0.00759697439553884, 0.015586861775129655, 0.0028765586057401355, 0.012973699584686816, 0.010367693821068093, 0.0013820150858642516, 0.001230865142260408, 0.010389820478347246, 0.006943240015367684, 0.012203429825923987, 0.012053082311049314, 0.0034828902811077306, 0.005252243444263216]}, {'overall_acc': 0.8405196241017137, 'bal_acc': 0.7165711595990343, 'avg_odds_diff': 0.08321269437651226, 'disp_imp': 0.665747396215344, 'stat_par_diff': 0.054254318606616905, 'eq_opp_diff': 0.16062685550201977, 'theil_ind': 0.15216535402958847, 'TPR': 0.47098214285714285, 'TNR': 0.9621601763409258, 'FPR': 0.03783982365907421, 'FNR': 0.5290178571428571, 'GTPR': 1.0, 'GTNR': 1.0, 'GFPR': 0.0, 'GFNR': 0.0, 'PPV': 0.8038095238095239, 'NPV': 0.8467507274490785, 'FDR': 0.1961904761904762, 'FOR': 0.15324927255092144, 'ACC': 0.8405196241017137, 'MCC': 0.5308344148679787, 'f1_score': 0.593947923997185, 'fitness': 0.6798927685996938, 'solution': {'corr_type': 'spearman', 'l2': 0.01, 'dropout': 0.1759950776274759, 'privileged_demotion': 0.41218527920869524, 'privileged_promotion': 0.14482483945027352, 'protected_demotion': 0.20664266588625615, 'protected_promotion': 0.29863380320931576}, 'corr': [0.09828764660355016, 0.0037829536157896484, 1.0, 0.06568957983154713, 0.045735590935061264, 0.26731817947931164, 0.004617564141625225, 0.04330931141985968, 0.06526588547848303, 0.08548623527523289, 0.10721786657313076, 0.03350770548110993, 0.002224676040859242, 0.0023503150020039287, 0.011822758851466062, 0.005641415011067604, 0.010887869791813241, 0.01533990889014207, 0.021238054981893427, 0.016339016094891707, 0.025828702234757313, 0.006730319731932148, 0.021311569678597483, 0.03482473925560466, 0.011861679758057516, 0.004759427268267704, 0.007929308998787788, 0.04924973842579414, 0.050375823761234895, 0.23330787134776784, 0.01653650082543306, 0.441934694571611, 0.04541921229341878, 0.1859279833449354, 0.10592609849942339, 0.17820532345178983, 0.27963684097389896, 0.013567937016635726, 0.23146304132386536, 0.032868165863172934, 0.10112813951389585, 0.09644084264631325, 0.032835228330950865, 0.16621452821138746, 0.09720802730801704, 0.03378280845189595, 0.06156975649976553, 0.02249008850362281, 0.025658459353215705, 0.13157442102715577, 0.5850494472351552, 0.17744064790373001, 0.04323143196271417, 0.1088913291055742, 0.3214277268439588, 0.31542278309713945, 0.016505181587421452, 0.00022358945733737614, 0.10988062662944316, 0.01098322601616171, 0.09991661817240377, 0.009368725759436968, 0.00030966229021844286, 0.005751447179251478, 0.00876544407104285, 0.003148598239755335, 0.016522829345888283, 0.002506984497564473, 0.003877771925495147, 0.0011956245628818106, 0.005184760729579929, 0.010775143991041779, 0.012590086319126224, 0.0021266583543747344, 0.0026267817993744086, 0.0, 0.011169751297482291, 0.0014704563077389667, 0.0015564109510662525, 0.02533451973562618, 0.011488445394503655, 0.006104791333142752, 0.005789343201988462, 0.02147905551016737, 0.0039094167861278, 0.003583887532998047, 0.03974253653189705, 0.008245597975611271, 0.006118873899186387, 0.00759697439553884, 0.015586861775129655, 0.0028765586057401355, 0.012973699584686816, 0.010367693821068093, 0.0013820150858642516, 0.001230865142260408, 0.010389820478347246, 0.006943240015367684, 0.012203429825923987, 0.012053082311049314, 0.0034828902811077306, 0.005252243444263216]}, {'overall_acc': 0.41182974018794916, 'bal_acc': 0.37402087488191454, 'avg_odds_diff': 0.48539837416057585, 'disp_imp': 0.15117504628970235, 'stat_par_diff': 0.5676012238532328, 'eq_opp_diff': 0.17984133936827762, 'theil_ind': 0.24719597735253415, 'TPR': 0.29910714285714285, 'TNR': 0.44893460690668624, 'FPR': 0.5510653930933137, 'FNR': 0.7008928571428571, 'GTPR': 1.0, 'GTNR': 1.0, 'GFPR': 0.0, 'GFNR': 0.0, 'PPV': 0.1515837104072398, 'NPV': 0.6605405405405406, 'FDR': 0.8484162895927602, 'FOR': 0.33945945945945943, 'ACC': 0.41182974018794916, 'MCC': -0.21757032194903606, 'f1_score': 0.20120120120120122, 'fitness': 0.23198840081967154, 'solution': {'corr_type': 'spearman', 'l2': 0.01, 'dropout': 0.17566836736712244, 'privileged_demotion': 0.8370302621835879, 'privileged_promotion': 0.9798992773718912, 'protected_demotion': 0.2019108932984419, 'protected_promotion': 0.3095716323470269}, 'corr': [0.09828764660355016, 0.0037829536157896484, 1.0, 0.06568957983154713, 0.045735590935061264, 0.26731817947931164, 0.004617564141625225, 0.04330931141985968, 0.06526588547848303, 0.08548623527523289, 0.10721786657313076, 0.03350770548110993, 0.002224676040859242, 0.0023503150020039287, 0.011822758851466062, 0.005641415011067604, 0.010887869791813241, 0.01533990889014207, 0.021238054981893427, 0.016339016094891707, 0.025828702234757313, 0.006730319731932148, 0.021311569678597483, 0.03482473925560466, 0.011861679758057516, 0.004759427268267704, 0.007929308998787788, 0.04924973842579414, 0.050375823761234895, 0.23330787134776784, 0.01653650082543306, 0.441934694571611, 0.04541921229341878, 0.1859279833449354, 0.10592609849942339, 0.17820532345178983, 0.27963684097389896, 0.013567937016635726, 0.23146304132386536, 0.032868165863172934, 0.10112813951389585, 0.09644084264631325, 0.032835228330950865, 0.16621452821138746, 0.09720802730801704, 0.03378280845189595, 0.06156975649976553, 0.02249008850362281, 0.025658459353215705, 0.13157442102715577, 0.5850494472351552, 0.17744064790373001, 0.04323143196271417, 0.1088913291055742, 0.3214277268439588, 0.31542278309713945, 0.016505181587421452, 0.00022358945733737614, 0.10988062662944316, 0.01098322601616171, 0.09991661817240377, 0.009368725759436968, 0.00030966229021844286, 0.005751447179251478, 0.00876544407104285, 0.003148598239755335, 0.016522829345888283, 0.002506984497564473, 0.003877771925495147, 0.0011956245628818106, 0.005184760729579929, 0.010775143991041779, 0.012590086319126224, 0.0021266583543747344, 0.0026267817993744086, 0.0, 0.011169751297482291, 0.0014704563077389667, 0.0015564109510662525, 0.02533451973562618, 0.011488445394503655, 0.006104791333142752, 0.005789343201988462, 0.02147905551016737, 0.0039094167861278, 0.003583887532998047, 0.03974253653189705, 0.008245597975611271, 0.006118873899186387, 0.00759697439553884, 0.015586861775129655, 0.0028765586057401355, 0.012973699584686816, 0.010367693821068093, 0.0013820150858642516, 0.001230865142260408, 0.010389820478347246, 0.006943240015367684, 0.012203429825923987, 0.012053082311049314, 0.0034828902811077306, 0.005252243444263216]}, {'overall_acc': 0.8441127694859039, 'bal_acc': 0.7241999711346698, 'avg_odds_diff': 0.06607074460279419, 'disp_imp': 0.3392093815017968, 'stat_par_diff': 0.12477588485303048, 'eq_opp_diff': 0.10197109067017085, 'theil_ind': 0.1477791088798816, 'TPR': 0.48660714285714285, 'TNR': 0.9617927994121969, 'FPR': 0.03820720058780309, 'FNR': 0.5133928571428571, 'GTPR': 1.0, 'GTNR': 1.0, 'GFPR': 0.0, 'GFNR': 0.0, 'PPV': 0.8074074074074075, 'NPV': 0.8505523066926576, 'FDR': 0.1925925925925926, 'FOR': 0.14944769330734242, 'ACC': 0.8441127694859039, 'MCC': 0.5431658106122111, 'f1_score': 0.607242339832869, 'fitness': 0.742141678815733, 'solution': {'corr_type': 'spearman', 'l2': 0.001, 'dropout': 0.1696747902409525, 'privileged_demotion': 0.4031027479163237, 'privileged_promotion': 0.15080381422361666, 'protected_demotion': 0.4499302592228897, 'protected_promotion': 0.30251165594475793}, 'corr': [0.09828764660355016, 0.0037829536157896484, 1.0, 0.06568957983154713, 0.045735590935061264, 0.26731817947931164, 0.004617564141625225, 0.04330931141985968, 0.06526588547848303, 0.08548623527523289, 0.10721786657313076, 0.03350770548110993, 0.002224676040859242, 0.0023503150020039287, 0.011822758851466062, 0.005641415011067604, 0.010887869791813241, 0.01533990889014207, 0.021238054981893427, 0.016339016094891707, 0.025828702234757313, 0.006730319731932148, 0.021311569678597483, 0.03482473925560466, 0.011861679758057516, 0.004759427268267704, 0.007929308998787788, 0.04924973842579414, 0.050375823761234895, 0.23330787134776784, 0.01653650082543306, 0.441934694571611, 0.04541921229341878, 0.1859279833449354, 0.10592609849942339, 0.17820532345178983, 0.27963684097389896, 0.013567937016635726, 0.23146304132386536, 0.032868165863172934, 0.10112813951389585, 0.09644084264631325, 0.032835228330950865, 0.16621452821138746, 0.09720802730801704, 0.03378280845189595, 0.06156975649976553, 0.02249008850362281, 0.025658459353215705, 0.13157442102715577, 0.5850494472351552, 0.17744064790373001, 0.04323143196271417, 0.1088913291055742, 0.3214277268439588, 0.31542278309713945, 0.016505181587421452, 0.00022358945733737614, 0.10988062662944316, 0.01098322601616171, 0.09991661817240377, 0.009368725759436968, 0.00030966229021844286, 0.005751447179251478, 0.00876544407104285, 0.003148598239755335, 0.016522829345888283, 0.002506984497564473, 0.003877771925495147, 0.0011956245628818106, 0.005184760729579929, 0.010775143991041779, 0.012590086319126224, 0.0021266583543747344, 0.0026267817993744086, 0.0, 0.011169751297482291, 0.0014704563077389667, 0.0015564109510662525, 0.02533451973562618, 0.011488445394503655, 0.006104791333142752, 0.005789343201988462, 0.02147905551016737, 0.0039094167861278, 0.003583887532998047, 0.03974253653189705, 0.008245597975611271, 0.006118873899186387, 0.00759697439553884, 0.015586861775129655, 0.0028765586057401355, 0.012973699584686816, 0.010367693821068093, 0.0013820150858642516, 0.001230865142260408, 0.010389820478347246, 0.006943240015367684, 0.012203429825923987, 0.012053082311049314, 0.0034828902811077306, 0.005252243444263216]}, {'overall_acc': 0.8512990602542841, 'bal_acc': 0.7716514576991708, 'avg_odds_diff': 0.12968049876626908, 'disp_imp': 0.28410284022075655, 'stat_par_diff': 0.18994964105860923, 'eq_opp_diff': 0.186362972696744, 'theil_ind': 0.12033588280149997, 'TPR': 0.6138392857142857, 'TNR': 0.9294636296840558, 'FPR': 0.07053637031594416, 'FNR': 0.3861607142857143, 'GTPR': 1.0, 'GTNR': 1.0, 'GFPR': 0.0, 'GFNR': 0.0, 'PPV': 0.7412398921832885, 'NPV': 0.8796940194714882, 'FDR': 0.2587601078167116, 'FOR': 0.12030598052851182, 'ACC': 0.8512990602542841, 'MCC': 0.5808228684131991, 'f1_score': 0.6715506715506715, 'fitness': 0.6649360875575401, 'solution': {'corr_type': 'spearman', 'l2': 0.001, 'dropout': 0.17801965994215604, 'privileged_demotion': 0.4121533706935627, 'privileged_promotion': 0.4084057810513984, 'protected_demotion': 0.44310558932017124, 'protected_promotion': 0.31142205741852114}, 'corr': [0.09828764660355016, 0.0037829536157896484, 1.0, 0.06568957983154713, 0.045735590935061264, 0.26731817947931164, 0.004617564141625225, 0.04330931141985968, 0.06526588547848303, 0.08548623527523289, 0.10721786657313076, 0.03350770548110993, 0.002224676040859242, 0.0023503150020039287, 0.011822758851466062, 0.005641415011067604, 0.010887869791813241, 0.01533990889014207, 0.021238054981893427, 0.016339016094891707, 0.025828702234757313, 0.006730319731932148, 0.021311569678597483, 0.03482473925560466, 0.011861679758057516, 0.004759427268267704, 0.007929308998787788, 0.04924973842579414, 0.050375823761234895, 0.23330787134776784, 0.01653650082543306, 0.441934694571611, 0.04541921229341878, 0.1859279833449354, 0.10592609849942339, 0.17820532345178983, 0.27963684097389896, 0.013567937016635726, 0.23146304132386536, 0.032868165863172934, 0.10112813951389585, 0.09644084264631325, 0.032835228330950865, 0.16621452821138746, 0.09720802730801704, 0.03378280845189595, 0.06156975649976553, 0.02249008850362281, 0.025658459353215705, 0.13157442102715577, 0.5850494472351552, 0.17744064790373001, 0.04323143196271417, 0.1088913291055742, 0.3214277268439588, 0.31542278309713945, 0.016505181587421452, 0.00022358945733737614, 0.10988062662944316, 0.01098322601616171, 0.09991661817240377, 0.009368725759436968, 0.00030966229021844286, 0.005751447179251478, 0.00876544407104285, 0.003148598239755335, 0.016522829345888283, 0.002506984497564473, 0.003877771925495147, 0.0011956245628818106, 0.005184760729579929, 0.010775143991041779, 0.012590086319126224, 0.0021266583543747344, 0.0026267817993744086, 0.0, 0.011169751297482291, 0.0014704563077389667, 0.0015564109510662525, 0.02533451973562618, 0.011488445394503655, 0.006104791333142752, 0.005789343201988462, 0.02147905551016737, 0.0039094167861278, 0.003583887532998047, 0.03974253653189705, 0.008245597975611271, 0.006118873899186387, 0.00759697439553884, 0.015586861775129655, 0.0028765586057401355, 0.012973699584686816, 0.010367693821068093, 0.0013820150858642516, 0.001230865142260408, 0.010389820478347246, 0.006943240015367684, 0.012203429825923987, 0.012053082311049314, 0.0034828902811077306, 0.005252243444263216]}, {'overall_acc': 0.8425925925925926, 'bal_acc': 0.8042358641886218, 'avg_odds_diff': 0.2209562743360245, 'disp_imp': 0.21808070442583335, 'stat_par_diff': 0.28121242425324716, 'eq_opp_diff': 0.29052903100209276, 'theil_ind': 0.09958071107182936, 'TPR': 0.7282366071428571, 'TNR': 0.8802351212343865, 'FPR': 0.11976487876561352, 'FNR': 0.27176339285714285, 'GTPR': 1.0, 'GTNR': 1.0, 'GFPR': 0.0, 'GFNR': 0.0, 'PPV': 0.6668369954011242, 'NPV': 0.9077476794847509, 'FDR': 0.3331630045988758, 'FOR': 0.0922523205152491, 'ACC': 0.8425925925925926, 'MCC': 0.5912854896129999, 'f1_score': 0.696185649506535, 'fitness': 0.5520635615904999, 'solution': {'corr_type': 'spearman', 'l2': 0.001, 'dropout': 0.11830072651633303, 'privileged_demotion': 0.21230711745820938, 'privileged_promotion': 0.43362359280614016, 'protected_demotion': 0.475804591816432, 'protected_promotion': 0.40018690957109326}, 'corr': [0.09828764660355016, 0.0037829536157896484, 1.0, 0.06568957983154713, 0.045735590935061264, 0.26731817947931164, 0.004617564141625225, 0.04330931141985968, 0.06526588547848303, 0.08548623527523289, 0.10721786657313076, 0.03350770548110993, 0.002224676040859242, 0.0023503150020039287, 0.011822758851466062, 0.005641415011067604, 0.010887869791813241, 0.01533990889014207, 0.021238054981893427, 0.016339016094891707, 0.025828702234757313, 0.006730319731932148, 0.021311569678597483, 0.03482473925560466, 0.011861679758057516, 0.004759427268267704, 0.007929308998787788, 0.04924973842579414, 0.050375823761234895, 0.23330787134776784, 0.01653650082543306, 0.441934694571611, 0.04541921229341878, 0.1859279833449354, 0.10592609849942339, 0.17820532345178983, 0.27963684097389896, 0.013567937016635726, 0.23146304132386536, 0.032868165863172934, 0.10112813951389585, 0.09644084264631325, 0.032835228330950865, 0.16621452821138746, 0.09720802730801704, 0.03378280845189595, 0.06156975649976553, 0.02249008850362281, 0.025658459353215705, 0.13157442102715577, 0.5850494472351552, 0.17744064790373001, 0.04323143196271417, 0.1088913291055742, 0.3214277268439588, 0.31542278309713945, 0.016505181587421452, 0.00022358945733737614, 0.10988062662944316, 0.01098322601616171, 0.09991661817240377, 0.009368725759436968, 0.00030966229021844286, 0.005751447179251478, 0.00876544407104285, 0.003148598239755335, 0.016522829345888283, 0.002506984497564473, 0.003877771925495147, 0.0011956245628818106, 0.005184760729579929, 0.010775143991041779, 0.012590086319126224, 0.0021266583543747344, 0.0026267817993744086, 0.0, 0.011169751297482291, 0.0014704563077389667, 0.0015564109510662525, 0.02533451973562618, 0.011488445394503655, 0.006104791333142752, 0.005789343201988462, 0.02147905551016737, 0.0039094167861278, 0.003583887532998047, 0.03974253653189705, 0.008245597975611271, 0.006118873899186387, 0.00759697439553884, 0.015586861775129655, 0.0028765586057401355, 0.012973699584686816, 0.010367693821068093, 0.0013820150858642516, 0.001230865142260408, 0.010389820478347246, 0.006943240015367684, 0.012203429825923987, 0.012053082311049314, 0.0034828902811077306, 0.005252243444263216]}, {'overall_acc': 0.8467385295743505, 'bal_acc': 0.7966966417812533, 'avg_odds_diff': 0.20275329938713949, 'disp_imp': 0.23090654909130015, 'stat_par_diff': 0.2554305510911104, 'eq_opp_diff': 0.2805567722781914, 'theil_ind': 0.10480454008563146, 'TPR': 0.6975446428571429, 'TNR': 0.8958486407053637, 'FPR': 0.1041513592946363, 'FNR': 0.30245535714285715, 'GTPR': 1.0, 'GTNR': 1.0, 'GFPR': 0.0, 'GFNR': 0.0, 'PPV': 0.6879471656576774, 'NPV': 0.8999815464107769, 'FDR': 0.3120528343423225, 'FOR': 0.10001845358922311, 'ACC': 0.8467385295743505, 'MCC': 0.5906546782638529, 'f1_score': 0.6927126627874757, 'fitness': 0.566181757296159, 'solution': {'corr_type': 'spearman', 'l2': 0.001, 'dropout': 0.16414490419095532, 'privileged_demotion': 0.1914114180405908, 'privileged_promotion': 0.3509903600526879, 'protected_demotion': 0.45238624127096067, 'protected_promotion': 0.38811674613032365}, 'corr': [0.09828764660355016, 0.0037829536157896484, 1.0, 0.06568957983154713, 0.045735590935061264, 0.26731817947931164, 0.004617564141625225, 0.04330931141985968, 0.06526588547848303, 0.08548623527523289, 0.10721786657313076, 0.03350770548110993, 0.002224676040859242, 0.0023503150020039287, 0.011822758851466062, 0.005641415011067604, 0.010887869791813241, 0.01533990889014207, 0.021238054981893427, 0.016339016094891707, 0.025828702234757313, 0.006730319731932148, 0.021311569678597483, 0.03482473925560466, 0.011861679758057516, 0.004759427268267704, 0.007929308998787788, 0.04924973842579414, 0.050375823761234895, 0.23330787134776784, 0.01653650082543306, 0.441934694571611, 0.04541921229341878, 0.1859279833449354, 0.10592609849942339, 0.17820532345178983, 0.27963684097389896, 0.013567937016635726, 0.23146304132386536, 0.032868165863172934, 0.10112813951389585, 0.09644084264631325, 0.032835228330950865, 0.16621452821138746, 0.09720802730801704, 0.03378280845189595, 0.06156975649976553, 0.02249008850362281, 0.025658459353215705, 0.13157442102715577, 0.5850494472351552, 0.17744064790373001, 0.04323143196271417, 0.1088913291055742, 0.3214277268439588, 0.31542278309713945, 0.016505181587421452, 0.00022358945733737614, 0.10988062662944316, 0.01098322601616171, 0.09991661817240377, 0.009368725759436968, 0.00030966229021844286, 0.005751447179251478, 0.00876544407104285, 0.003148598239755335, 0.016522829345888283, 0.002506984497564473, 0.003877771925495147, 0.0011956245628818106, 0.005184760729579929, 0.010775143991041779, 0.012590086319126224, 0.0021266583543747344, 0.0026267817993744086, 0.0, 0.011169751297482291, 0.0014704563077389667, 0.0015564109510662525, 0.02533451973562618, 0.011488445394503655, 0.006104791333142752, 0.005789343201988462, 0.02147905551016737, 0.0039094167861278, 0.003583887532998047, 0.03974253653189705, 0.008245597975611271, 0.006118873899186387, 0.00759697439553884, 0.015586861775129655, 0.0028765586057401355, 0.012973699584686816, 0.010367693821068093, 0.0013820150858642516, 0.001230865142260408, 0.010389820478347246, 0.006943240015367684, 0.012203429825923987, 0.012053082311049314, 0.0034828902811077306, 0.005252243444263216]}, {'overall_acc': 0.8518518518518519, 'bal_acc': 0.781190342250971, 'avg_odds_diff': 0.16343900972153436, 'disp_imp': 0.2480066514238204, 'stat_par_diff': 0.21535531030870153, 'eq_opp_diff': 0.23600038935124346, 'theil_ind': 0.1147143492172315, 'TPR': 0.6411830357142857, 'TNR': 0.9211976487876561, 'FPR': 0.07880235121234387, 'FNR': 0.3588169642857143, 'GTPR': 1.0, 'GTNR': 1.0, 'GFPR': 0.0, 'GFNR': 0.0, 'PPV': 0.7281368821292775, 'NPV': 0.8863556026864616, 'FDR': 0.2718631178707224, 'FOR': 0.11364439731353836, 'ACC': 0.8518518518518519, 'MCC': 0.5878594255704117, 'f1_score': 0.6818991097922847, 'fitness': 0.6158514625006084, 'solution': {'corr_type': 'spearman', 'l2': 0.001, 'dropout': 0.17214194381297337, 'privileged_demotion': 0.39805538492031806, 'privileged_promotion': 0.40763017753839165, 'protected_demotion': 0.48871767558785256, 'protected_promotion': 0.33558699676732145}, 'corr': [0.09828764660355016, 0.0037829536157896484, 1.0, 0.06568957983154713, 0.045735590935061264, 0.26731817947931164, 0.004617564141625225, 0.04330931141985968, 0.06526588547848303, 0.08548623527523289, 0.10721786657313076, 0.03350770548110993, 0.002224676040859242, 0.0023503150020039287, 0.011822758851466062, 0.005641415011067604, 0.010887869791813241, 0.01533990889014207, 0.021238054981893427, 0.016339016094891707, 0.025828702234757313, 0.006730319731932148, 0.021311569678597483, 0.03482473925560466, 0.011861679758057516, 0.004759427268267704, 0.007929308998787788, 0.04924973842579414, 0.050375823761234895, 0.23330787134776784, 0.01653650082543306, 0.441934694571611, 0.04541921229341878, 0.1859279833449354, 0.10592609849942339, 0.17820532345178983, 0.27963684097389896, 0.013567937016635726, 0.23146304132386536, 0.032868165863172934, 0.10112813951389585, 0.09644084264631325, 0.032835228330950865, 0.16621452821138746, 0.09720802730801704, 0.03378280845189595, 0.06156975649976553, 0.02249008850362281, 0.025658459353215705, 0.13157442102715577, 0.5850494472351552, 0.17744064790373001, 0.04323143196271417, 0.1088913291055742, 0.3214277268439588, 0.31542278309713945, 0.016505181587421452, 0.00022358945733737614, 0.10988062662944316, 0.01098322601616171, 0.09991661817240377, 0.009368725759436968, 0.00030966229021844286, 0.005751447179251478, 0.00876544407104285, 0.003148598239755335, 0.016522829345888283, 0.002506984497564473, 0.003877771925495147, 0.0011956245628818106, 0.005184760729579929, 0.010775143991041779, 0.012590086319126224, 0.0021266583543747344, 0.0026267817993744086, 0.0, 0.011169751297482291, 0.0014704563077389667, 0.0015564109510662525, 0.02533451973562618, 0.011488445394503655, 0.006104791333142752, 0.005789343201988462, 0.02147905551016737, 0.0039094167861278, 0.003583887532998047, 0.03974253653189705, 0.008245597975611271, 0.006118873899186387, 0.00759697439553884, 0.015586861775129655, 0.0028765586057401355, 0.012973699584686816, 0.010367693821068093, 0.0013820150858642516, 0.001230865142260408, 0.010389820478347246, 0.006943240015367684, 0.012203429825923987, 0.012053082311049314, 0.0034828902811077306, 0.005252243444263216]}, {'overall_acc': 0.8503316749585407, 'bal_acc': 0.7966513346935027, 'avg_odds_diff': 0.2016792128006443, 'disp_imp': 0.22499447839210776, 'stat_par_diff': 0.25064942795576034, 'eq_opp_diff': 0.2850975811553998, 'theil_ind': 0.10527299025754883, 'TPR': 0.6902901785714286, 'TNR': 0.9030124908155768, 'FPR': 0.09698750918442321, 'FNR': 0.30970982142857145, 'GTPR': 1.0, 'GTNR': 1.0, 'GFPR': 0.0, 'GFNR': 0.0, 'PPV': 0.7008498583569405, 'NPV': 0.8985560226649607, 'FDR': 0.2991501416430595, 'FOR': 0.10144397733503929, 'ACC': 0.8503316749585407, 'MCC': 0.5963464674638089, 'f1_score': 0.6955299409614843, 'fitness': 0.5652340938031408, 'solution': {'corr_type': 'spearman', 'l2': 0.001, 'dropout': 0.17414063253463383, 'privileged_demotion': 0.24440379570261936, 'privileged_promotion': 0.37081985822679914, 'protected_demotion': 0.44710111883271453, 'protected_promotion': 0.26485059147613865}, 'corr': [0.09828764660355016, 0.0037829536157896484, 1.0, 0.06568957983154713, 0.045735590935061264, 0.26731817947931164, 0.004617564141625225, 0.04330931141985968, 0.06526588547848303, 0.08548623527523289, 0.10721786657313076, 0.03350770548110993, 0.002224676040859242, 0.0023503150020039287, 0.011822758851466062, 0.005641415011067604, 0.010887869791813241, 0.01533990889014207, 0.021238054981893427, 0.016339016094891707, 0.025828702234757313, 0.006730319731932148, 0.021311569678597483, 0.03482473925560466, 0.011861679758057516, 0.004759427268267704, 0.007929308998787788, 0.04924973842579414, 0.050375823761234895, 0.23330787134776784, 0.01653650082543306, 0.441934694571611, 0.04541921229341878, 0.1859279833449354, 0.10592609849942339, 0.17820532345178983, 0.27963684097389896, 0.013567937016635726, 0.23146304132386536, 0.032868165863172934, 0.10112813951389585, 0.09644084264631325, 0.032835228330950865, 0.16621452821138746, 0.09720802730801704, 0.03378280845189595, 0.06156975649976553, 0.02249008850362281, 0.025658459353215705, 0.13157442102715577, 0.5850494472351552, 0.17744064790373001, 0.04323143196271417, 0.1088913291055742, 0.3214277268439588, 0.31542278309713945, 0.016505181587421452, 0.00022358945733737614, 0.10988062662944316, 0.01098322601616171, 0.09991661817240377, 0.009368725759436968, 0.00030966229021844286, 0.005751447179251478, 0.00876544407104285, 0.003148598239755335, 0.016522829345888283, 0.002506984497564473, 0.003877771925495147, 0.0011956245628818106, 0.005184760729579929, 0.010775143991041779, 0.012590086319126224, 0.0021266583543747344, 0.0026267817993744086, 0.0, 0.011169751297482291, 0.0014704563077389667, 0.0015564109510662525, 0.02533451973562618, 0.011488445394503655, 0.006104791333142752, 0.005789343201988462, 0.02147905551016737, 0.0039094167861278, 0.003583887532998047, 0.03974253653189705, 0.008245597975611271, 0.006118873899186387, 0.00759697439553884, 0.015586861775129655, 0.0028765586057401355, 0.012973699584686816, 0.010367693821068093, 0.0013820150858642516, 0.001230865142260408, 0.010389820478347246, 0.006943240015367684, 0.012203429825923987, 0.012053082311049314, 0.0034828902811077306, 0.005252243444263216]}, {'overall_acc': 0.8445273631840796, 'bal_acc': 0.8062703779390155, 'avg_odds_diff': 0.14421000110277277, 'disp_imp': 0.3063025210084034, 'stat_par_diff': 0.2397966594045025, 'eq_opp_diff': 0.16669586800992842, 'theil_ind': 0.0986161927819109, 'TPR': 0.73046875, 'TNR': 0.8820720058780308, 'FPR': 0.11792799412196914, 'FNR': 0.26953125, 'GTPR': 1.0, 'GTNR': 1.0, 'GFPR': 0.0, 'GFNR': 0.0, 'PPV': 0.6709379805228088, 'NPV': 0.9086092715231788, 'FDR': 0.32906201947719116, 'FOR': 0.0913907284768212, 'ACC': 0.8445273631840796, 'MCC': 0.5958156693435352, 'f1_score': 0.6994389527117286, 'fitness': 0.6778314951741512, 'solution': {'corr_type': 'spearman', 'l2': 0.001, 'dropout': 0.1505302996135308, 'privileged_demotion': 0.28354550303469134, 'privileged_promotion': 0.48850042988706094, 'protected_demotion': 0.10270464251088814, 'protected_promotion': 0.24220461014234734}, 'corr': [0.09828764660355016, 0.0037829536157896484, 1.0, 0.06568957983154713, 0.045735590935061264, 0.26731817947931164, 0.004617564141625225, 0.04330931141985968, 0.06526588547848303, 0.08548623527523289, 0.10721786657313076, 0.03350770548110993, 0.002224676040859242, 0.0023503150020039287, 0.011822758851466062, 0.005641415011067604, 0.010887869791813241, 0.01533990889014207, 0.021238054981893427, 0.016339016094891707, 0.025828702234757313, 0.006730319731932148, 0.021311569678597483, 0.03482473925560466, 0.011861679758057516, 0.004759427268267704, 0.007929308998787788, 0.04924973842579414, 0.050375823761234895, 0.23330787134776784, 0.01653650082543306, 0.441934694571611, 0.04541921229341878, 0.1859279833449354, 0.10592609849942339, 0.17820532345178983, 0.27963684097389896, 0.013567937016635726, 0.23146304132386536, 0.032868165863172934, 0.10112813951389585, 0.09644084264631325, 0.032835228330950865, 0.16621452821138746, 0.09720802730801704, 0.03378280845189595, 0.06156975649976553, 0.02249008850362281, 0.025658459353215705, 0.13157442102715577, 0.5850494472351552, 0.17744064790373001, 0.04323143196271417, 0.1088913291055742, 0.3214277268439588, 0.31542278309713945, 0.016505181587421452, 0.00022358945733737614, 0.10988062662944316, 0.01098322601616171, 0.09991661817240377, 0.009368725759436968, 0.00030966229021844286, 0.005751447179251478, 0.00876544407104285, 0.003148598239755335, 0.016522829345888283, 0.002506984497564473, 0.003877771925495147, 0.0011956245628818106, 0.005184760729579929, 0.010775143991041779, 0.012590086319126224, 0.0021266583543747344, 0.0026267817993744086, 0.0, 0.011169751297482291, 0.0014704563077389667, 0.0015564109510662525, 0.02533451973562618, 0.011488445394503655, 0.006104791333142752, 0.005789343201988462, 0.02147905551016737, 0.0039094167861278, 0.003583887532998047, 0.03974253653189705, 0.008245597975611271, 0.006118873899186387, 0.00759697439553884, 0.015586861775129655, 0.0028765586057401355, 0.012973699584686816, 0.010367693821068093, 0.0013820150858642516, 0.001230865142260408, 0.010389820478347246, 0.006943240015367684, 0.012203429825923987, 0.012053082311049314, 0.0034828902811077306, 0.005252243444263216]}, {'overall_acc': 0.8532338308457711, 'bal_acc': 0.7879111669465729, 'avg_odds_diff': 0.0636376417262417, 'disp_imp': 0.3826759605576334, 'stat_par_diff': 0.17291569937021561, 'eq_opp_diff': 0.06013529955711294, 'theil_ind': 0.110829140943137, 'TPR': 0.6584821428571429, 'TNR': 0.917340191036003, 'FPR': 0.08265980896399706, 'FNR': 0.34151785714285715, 'GTPR': 1.0, 'GTNR': 1.0, 'GFPR': 0.0, 'GFNR': 0.0, 'PPV': 0.7239263803680982, 'NPV': 0.8908312522297538, 'FDR': 0.27607361963190186, 'FOR': 0.10916874777024617, 'ACC': 0.8532338308457711, 'MCC': 0.594971574767333, 'f1_score': 0.689655172413793, 'fitness': 0.7930985312886581, 'solution': {'corr_type': 'spearman', 'l2': 0.001, 'dropout': 0.15665145531464447, 'privileged_demotion': 0.32209059567500475, 'privileged_promotion': 0.33481668476645077, 'protected_demotion': 0.09527992356697901, 'protected_promotion': 0.10228814096808081}, 'corr': [0.09828764660355016, 0.0037829536157896484, 1.0, 0.06568957983154713, 0.045735590935061264, 0.26731817947931164, 0.004617564141625225, 0.04330931141985968, 0.06526588547848303, 0.08548623527523289, 0.10721786657313076, 0.03350770548110993, 0.002224676040859242, 0.0023503150020039287, 0.011822758851466062, 0.005641415011067604, 0.010887869791813241, 0.01533990889014207, 0.021238054981893427, 0.016339016094891707, 0.025828702234757313, 0.006730319731932148, 0.021311569678597483, 0.03482473925560466, 0.011861679758057516, 0.004759427268267704, 0.007929308998787788, 0.04924973842579414, 0.050375823761234895, 0.23330787134776784, 0.01653650082543306, 0.441934694571611, 0.04541921229341878, 0.1859279833449354, 0.10592609849942339, 0.17820532345178983, 0.27963684097389896, 0.013567937016635726, 0.23146304132386536, 0.032868165863172934, 0.10112813951389585, 0.09644084264631325, 0.032835228330950865, 0.16621452821138746, 0.09720802730801704, 0.03378280845189595, 0.06156975649976553, 0.02249008850362281, 0.025658459353215705, 0.13157442102715577, 0.5850494472351552, 0.17744064790373001, 0.04323143196271417, 0.1088913291055742, 0.3214277268439588, 0.31542278309713945, 0.016505181587421452, 0.00022358945733737614, 0.10988062662944316, 0.01098322601616171, 0.09991661817240377, 0.009368725759436968, 0.00030966229021844286, 0.005751447179251478, 0.00876544407104285, 0.003148598239755335, 0.016522829345888283, 0.002506984497564473, 0.003877771925495147, 0.0011956245628818106, 0.005184760729579929, 0.010775143991041779, 0.012590086319126224, 0.0021266583543747344, 0.0026267817993744086, 0.0, 0.011169751297482291, 0.0014704563077389667, 0.0015564109510662525, 0.02533451973562618, 0.011488445394503655, 0.006104791333142752, 0.005789343201988462, 0.02147905551016737, 0.0039094167861278, 0.003583887532998047, 0.03974253653189705, 0.008245597975611271, 0.006118873899186387, 0.00759697439553884, 0.015586861775129655, 0.0028765586057401355, 0.012973699584686816, 0.010367693821068093, 0.0013820150858642516, 0.001230865142260408, 0.010389820478347246, 0.006943240015367684, 0.012203429825923987, 0.012053082311049314, 0.0034828902811077306, 0.005252243444263216]}, {'overall_acc': 0.8391376451077943, 'bal_acc': 0.8092395297575312, 'avg_odds_diff': 0.242949261458494, 'disp_imp': 0.2124235294117647, 'stat_par_diff': 0.29886781670773954, 'eq_opp_diff': 0.32051394364140745, 'theil_ind': 0.09590671118118299, 'TPR': 0.75, 'TNR': 0.8684790595150624, 'FPR': 0.13152094048493754, 'FNR': 0.25, 'GTPR': 1.0, 'GTNR': 1.0, 'GFPR': 0.0, 'GFNR': 0.0, 'PPV': 0.6524271844660194, 'NPV': 0.9134466769706336, 'FDR': 0.34757281553398056, 'FOR': 0.0865533230293663, 'ACC': 0.8391376451077943, 'MCC': 0.5915920330983996, 'f1_score': 0.6978193146417445, 'fitness': 0.5186237014663868, 'solution': {'corr_type': 'spearman', 'l2': 0.001, 'dropout': 0.15938479187460097, 'privileged_demotion': 0.19675857779810235, 'privileged_promotion': 0.5191869722300958, 'protected_demotion': 0.4679931047042344, 'protected_promotion': 0.3764705989964972}, 'corr': [0.09828764660355016, 0.0037829536157896484, 1.0, 0.06568957983154713, 0.045735590935061264, 0.26731817947931164, 0.004617564141625225, 0.04330931141985968, 0.06526588547848303, 0.08548623527523289, 0.10721786657313076, 0.03350770548110993, 0.002224676040859242, 0.0023503150020039287, 0.011822758851466062, 0.005641415011067604, 0.010887869791813241, 0.01533990889014207, 0.021238054981893427, 0.016339016094891707, 0.025828702234757313, 0.006730319731932148, 0.021311569678597483, 0.03482473925560466, 0.011861679758057516, 0.004759427268267704, 0.007929308998787788, 0.04924973842579414, 0.050375823761234895, 0.23330787134776784, 0.01653650082543306, 0.441934694571611, 0.04541921229341878, 0.1859279833449354, 0.10592609849942339, 0.17820532345178983, 0.27963684097389896, 0.013567937016635726, 0.23146304132386536, 0.032868165863172934, 0.10112813951389585, 0.09644084264631325, 0.032835228330950865, 0.16621452821138746, 0.09720802730801704, 0.03378280845189595, 0.06156975649976553, 0.02249008850362281, 0.025658459353215705, 0.13157442102715577, 0.5850494472351552, 0.17744064790373001, 0.04323143196271417, 0.1088913291055742, 0.3214277268439588, 0.31542278309713945, 0.016505181587421452, 0.00022358945733737614, 0.10988062662944316, 0.01098322601616171, 0.09991661817240377, 0.009368725759436968, 0.00030966229021844286, 0.005751447179251478, 0.00876544407104285, 0.003148598239755335, 0.016522829345888283, 0.002506984497564473, 0.003877771925495147, 0.0011956245628818106, 0.005184760729579929, 0.010775143991041779, 0.012590086319126224, 0.0021266583543747344, 0.0026267817993744086, 0.0, 0.011169751297482291, 0.0014704563077389667, 0.0015564109510662525, 0.02533451973562618, 0.011488445394503655, 0.006104791333142752, 0.005789343201988462, 0.02147905551016737, 0.0039094167861278, 0.003583887532998047, 0.03974253653189705, 0.008245597975611271, 0.006118873899186387, 0.00759697439553884, 0.015586861775129655, 0.0028765586057401355, 0.012973699584686816, 0.010367693821068093, 0.0013820150858642516, 0.001230865142260408, 0.010389820478347246, 0.006943240015367684, 0.012203429825923987, 0.012053082311049314, 0.0034828902811077306, 0.005252243444263216]}, {'overall_acc': 0.8373410724156993, 'bal_acc': 0.8039277349900283, 'avg_odds_diff': 0.12714016240021817, 'disp_imp': 0.33896849099023524, 'stat_par_diff': 0.23452504256104384, 'eq_opp_diff': 0.1316299216430623, 'theil_ind': 0.09892554363022724, 'TPR': 0.7377232142857143, 'TNR': 0.8701322556943424, 'FPR': 0.12986774430565762, 'FNR': 0.2622767857142857, 'GTPR': 1.0, 'GTNR': 1.0, 'GFPR': 0.0, 'GFNR': 0.0, 'PPV': 0.6515524889107935, 'NPV': 0.909736892644517, 'FDR': 0.3484475110892065, 'FOR': 0.090263107355483, 'ACC': 0.8373410724156993, 'MCC': 0.5841085693774049, 'f1_score': 0.6919654540696154, 'fitness': 0.705711150772637, 'solution': {'corr_type': 'spearman', 'l2': 0.001, 'dropout': 0.150292205284006, 'privileged_demotion': 0.3209625359195619, 'privileged_promotion': 0.5427131154134305, 'protected_demotion': 0.11019722450637177, 'protected_promotion': 0.2415416994835914}, 'corr': [0.09828764660355016, 0.0037829536157896484, 1.0, 0.06568957983154713, 0.045735590935061264, 0.26731817947931164, 0.004617564141625225, 0.04330931141985968, 0.06526588547848303, 0.08548623527523289, 0.10721786657313076, 0.03350770548110993, 0.002224676040859242, 0.0023503150020039287, 0.011822758851466062, 0.005641415011067604, 0.010887869791813241, 0.01533990889014207, 0.021238054981893427, 0.016339016094891707, 0.025828702234757313, 0.006730319731932148, 0.021311569678597483, 0.03482473925560466, 0.011861679758057516, 0.004759427268267704, 0.007929308998787788, 0.04924973842579414, 0.050375823761234895, 0.23330787134776784, 0.01653650082543306, 0.441934694571611, 0.04541921229341878, 0.1859279833449354, 0.10592609849942339, 0.17820532345178983, 0.27963684097389896, 0.013567937016635726, 0.23146304132386536, 0.032868165863172934, 0.10112813951389585, 0.09644084264631325, 0.032835228330950865, 0.16621452821138746, 0.09720802730801704, 0.03378280845189595, 0.06156975649976553, 0.02249008850362281, 0.025658459353215705, 0.13157442102715577, 0.5850494472351552, 0.17744064790373001, 0.04323143196271417, 0.1088913291055742, 0.3214277268439588, 0.31542278309713945, 0.016505181587421452, 0.00022358945733737614, 0.10988062662944316, 0.01098322601616171, 0.09991661817240377, 0.009368725759436968, 0.00030966229021844286, 0.005751447179251478, 0.00876544407104285, 0.003148598239755335, 0.016522829345888283, 0.002506984497564473, 0.003877771925495147, 0.0011956245628818106, 0.005184760729579929, 0.010775143991041779, 0.012590086319126224, 0.0021266583543747344, 0.0026267817993744086, 0.0, 0.011169751297482291, 0.0014704563077389667, 0.0015564109510662525, 0.02533451973562618, 0.011488445394503655, 0.006104791333142752, 0.005789343201988462, 0.02147905551016737, 0.0039094167861278, 0.003583887532998047, 0.03974253653189705, 0.008245597975611271, 0.006118873899186387, 0.00759697439553884, 0.015586861775129655, 0.0028765586057401355, 0.012973699584686816, 0.010367693821068093, 0.0013820150858642516, 0.001230865142260408, 0.010389820478347246, 0.006943240015367684, 0.012203429825923987, 0.012053082311049314, 0.0034828902811077306, 0.005252243444263216]}, {'overall_acc': 0.8369264787175235, 'bal_acc': 0.8115134945418285, 'avg_odds_diff': 0.1906247716643284, 'disp_imp': 0.26255380200860834, 'stat_par_diff': 0.28148624355631746, 'eq_opp_diff': 0.22027546600476955, 'theil_ind': 0.09409332437363857, 'TPR': 0.7611607142857143, 'TNR': 0.8618662747979426, 'FPR': 0.1381337252020573, 'FNR': 0.23883928571428573, 'GTPR': 1.0, 'GTNR': 1.0, 'GFPR': 0.0, 'GFNR': 0.0, 'PPV': 0.6446124763705104, 'NPV': 0.91640625, 'FDR': 0.3553875236294896, 'FOR': 0.08359375, 'ACC': 0.8369264787175235, 'MCC': 0.5912104599126838, 'f1_score': 0.6980552712384852, 'fitness': 0.6166510127127539, 'solution': {'corr_type': 'spearman', 'l2': 0.001, 'dropout': 0.1547051680232313, 'privileged_demotion': 0.31049298812879056, 'privileged_promotion': 0.5629271105141029, 'protected_demotion': 0.11320622563812187, 'protected_promotion': 0.10421376987359451}, 'corr': [0.09828764660355016, 0.0037829536157896484, 1.0, 0.06568957983154713, 0.045735590935061264, 0.26731817947931164, 0.004617564141625225, 0.04330931141985968, 0.06526588547848303, 0.08548623527523289, 0.10721786657313076, 0.03350770548110993, 0.002224676040859242, 0.0023503150020039287, 0.011822758851466062, 0.005641415011067604, 0.010887869791813241, 0.01533990889014207, 0.021238054981893427, 0.016339016094891707, 0.025828702234757313, 0.006730319731932148, 0.021311569678597483, 0.03482473925560466, 0.011861679758057516, 0.004759427268267704, 0.007929308998787788, 0.04924973842579414, 0.050375823761234895, 0.23330787134776784, 0.01653650082543306, 0.441934694571611, 0.04541921229341878, 0.1859279833449354, 0.10592609849942339, 0.17820532345178983, 0.27963684097389896, 0.013567937016635726, 0.23146304132386536, 0.032868165863172934, 0.10112813951389585, 0.09644084264631325, 0.032835228330950865, 0.16621452821138746, 0.09720802730801704, 0.03378280845189595, 0.06156975649976553, 0.02249008850362281, 0.025658459353215705, 0.13157442102715577, 0.5850494472351552, 0.17744064790373001, 0.04323143196271417, 0.1088913291055742, 0.3214277268439588, 0.31542278309713945, 0.016505181587421452, 0.00022358945733737614, 0.10988062662944316, 0.01098322601616171, 0.09991661817240377, 0.009368725759436968, 0.00030966229021844286, 0.005751447179251478, 0.00876544407104285, 0.003148598239755335, 0.016522829345888283, 0.002506984497564473, 0.003877771925495147, 0.0011956245628818106, 0.005184760729579929, 0.010775143991041779, 0.012590086319126224, 0.0021266583543747344, 0.0026267817993744086, 0.0, 0.011169751297482291, 0.0014704563077389667, 0.0015564109510662525, 0.02533451973562618, 0.011488445394503655, 0.006104791333142752, 0.005789343201988462, 0.02147905551016737, 0.0039094167861278, 0.003583887532998047, 0.03974253653189705, 0.008245597975611271, 0.006118873899186387, 0.00759697439553884, 0.015586861775129655, 0.0028765586057401355, 0.012973699584686816, 0.010367693821068093, 0.0013820150858642516, 0.001230865142260408, 0.010389820478347246, 0.006943240015367684, 0.012203429825923987, 0.012053082311049314, 0.0034828902811077306, 0.005252243444263216]}, {'overall_acc': 0.8337479270315091, 'bal_acc': 0.6946636451007663, 'avg_odds_diff': 0.07130230920978871, 'disp_imp': 0.6431260982344573, 'stat_par_diff': 0.05077562293891448, 'eq_opp_diff': 0.13887672166252985, 'theil_ind': 0.16483993516182283, 'TPR': 0.41908482142857145, 'TNR': 0.970242468772961, 'FPR': 0.029757531227038943, 'FNR': 0.5809151785714286, 'GTPR': 1.0, 'GTNR': 1.0, 'GFPR': 0.0, 'GFNR': 0.0, 'PPV': 0.8225629791894852, 'NPV': 0.8353629606199588, 'FDR': 0.1774370208105148, 'FOR': 0.16463703938004112, 'ACC': 0.8337479270315091, 'MCC': 0.5061111768172161, 'f1_score': 0.555268022181146, 'fitness': 0.6948712053689793, 'solution': {'corr_type': 'spearman', 'l2': 0.01, 'dropout': 0.12542637132994672, 'privileged_demotion': 0.6180003446719637, 'privileged_promotion': 0.2671320266808568, 'protected_demotion': 0.11537624988091244, 'protected_promotion': 0.1686726158799237}, 'corr': [0.09828764660355016, 0.0037829536157896484, 1.0, 0.06568957983154713, 0.045735590935061264, 0.26731817947931164, 0.004617564141625225, 0.04330931141985968, 0.06526588547848303, 0.08548623527523289, 0.10721786657313076, 0.03350770548110993, 0.002224676040859242, 0.0023503150020039287, 0.011822758851466062, 0.005641415011067604, 0.010887869791813241, 0.01533990889014207, 0.021238054981893427, 0.016339016094891707, 0.025828702234757313, 0.006730319731932148, 0.021311569678597483, 0.03482473925560466, 0.011861679758057516, 0.004759427268267704, 0.007929308998787788, 0.04924973842579414, 0.050375823761234895, 0.23330787134776784, 0.01653650082543306, 0.441934694571611, 0.04541921229341878, 0.1859279833449354, 0.10592609849942339, 0.17820532345178983, 0.27963684097389896, 0.013567937016635726, 0.23146304132386536, 0.032868165863172934, 0.10112813951389585, 0.09644084264631325, 0.032835228330950865, 0.16621452821138746, 0.09720802730801704, 0.03378280845189595, 0.06156975649976553, 0.02249008850362281, 0.025658459353215705, 0.13157442102715577, 0.5850494472351552, 0.17744064790373001, 0.04323143196271417, 0.1088913291055742, 0.3214277268439588, 0.31542278309713945, 0.016505181587421452, 0.00022358945733737614, 0.10988062662944316, 0.01098322601616171, 0.09991661817240377, 0.009368725759436968, 0.00030966229021844286, 0.005751447179251478, 0.00876544407104285, 0.003148598239755335, 0.016522829345888283, 0.002506984497564473, 0.003877771925495147, 0.0011956245628818106, 0.005184760729579929, 0.010775143991041779, 0.012590086319126224, 0.0021266583543747344, 0.0026267817993744086, 0.0, 0.011169751297482291, 0.0014704563077389667, 0.0015564109510662525, 0.02533451973562618, 0.011488445394503655, 0.006104791333142752, 0.005789343201988462, 0.02147905551016737, 0.0039094167861278, 0.003583887532998047, 0.03974253653189705, 0.008245597975611271, 0.006118873899186387, 0.00759697439553884, 0.015586861775129655, 0.0028765586057401355, 0.012973699584686816, 0.010367693821068093, 0.0013820150858642516, 0.001230865142260408, 0.010389820478347246, 0.006943240015367684, 0.012203429825923987, 0.012053082311049314, 0.0034828902811077306, 0.005252243444263216]}, {'overall_acc': 0.8414870093974571, 'bal_acc': 0.7947039499580141, 'avg_odds_diff': 0.2313026539300753, 'disp_imp': 0.1999518966465091, 'stat_par_diff': 0.27720751931616605, 'eq_opp_diff': 0.31633815155497147, 'theil_ind': 0.10531356906458293, 'TPR': 0.7020089285714286, 'TNR': 0.8873989713445996, 'FPR': 0.11260102865540043, 'FNR': 0.29799107142857145, 'GTPR': 1.0, 'GTNR': 1.0, 'GFPR': 0.0, 'GFNR': 0.0, 'PPV': 0.672367717797969, 'NPV': 0.9004659832246039, 'FDR': 0.327632282202031, 'FOR': 0.09953401677539608, 'ACC': 0.8414870093974571, 'MCC': 0.5810617081866957, 'f1_score': 0.6868686868686869, 'fitness': 0.5251488578424857, 'solution': {'corr_type': 'spearman', 'l2': 0.01, 'dropout': 0.15641165128518741, 'privileged_demotion': 0.3361597939062097, 'privileged_promotion': 0.6063455899562902, 'protected_demotion': 0.26887435593668224, 'protected_promotion': 0.08591114077632567}, 'corr': [0.09828764660355016, 0.0037829536157896484, 1.0, 0.06568957983154713, 0.045735590935061264, 0.26731817947931164, 0.004617564141625225, 0.04330931141985968, 0.06526588547848303, 0.08548623527523289, 0.10721786657313076, 0.03350770548110993, 0.002224676040859242, 0.0023503150020039287, 0.011822758851466062, 0.005641415011067604, 0.010887869791813241, 0.01533990889014207, 0.021238054981893427, 0.016339016094891707, 0.025828702234757313, 0.006730319731932148, 0.021311569678597483, 0.03482473925560466, 0.011861679758057516, 0.004759427268267704, 0.007929308998787788, 0.04924973842579414, 0.050375823761234895, 0.23330787134776784, 0.01653650082543306, 0.441934694571611, 0.04541921229341878, 0.1859279833449354, 0.10592609849942339, 0.17820532345178983, 0.27963684097389896, 0.013567937016635726, 0.23146304132386536, 0.032868165863172934, 0.10112813951389585, 0.09644084264631325, 0.032835228330950865, 0.16621452821138746, 0.09720802730801704, 0.03378280845189595, 0.06156975649976553, 0.02249008850362281, 0.025658459353215705, 0.13157442102715577, 0.5850494472351552, 0.17744064790373001, 0.04323143196271417, 0.1088913291055742, 0.3214277268439588, 0.31542278309713945, 0.016505181587421452, 0.00022358945733737614, 0.10988062662944316, 0.01098322601616171, 0.09991661817240377, 0.009368725759436968, 0.00030966229021844286, 0.005751447179251478, 0.00876544407104285, 0.003148598239755335, 0.016522829345888283, 0.002506984497564473, 0.003877771925495147, 0.0011956245628818106, 0.005184760729579929, 0.010775143991041779, 0.012590086319126224, 0.0021266583543747344, 0.0026267817993744086, 0.0, 0.011169751297482291, 0.0014704563077389667, 0.0015564109510662525, 0.02533451973562618, 0.011488445394503655, 0.006104791333142752, 0.005789343201988462, 0.02147905551016737, 0.0039094167861278, 0.003583887532998047, 0.03974253653189705, 0.008245597975611271, 0.006118873899186387, 0.00759697439553884, 0.015586861775129655, 0.0028765586057401355, 0.012973699584686816, 0.010367693821068093, 0.0013820150858642516, 0.001230865142260408, 0.010389820478347246, 0.006943240015367684, 0.012203429825923987, 0.012053082311049314, 0.0034828902811077306, 0.005252243444263216]}, {'overall_acc': 0.831951354339414, 'bal_acc': 0.7947306011861026, 'avg_odds_diff': 0.17478918812365402, 'disp_imp': 0.27032445265101557, 'stat_par_diff': 0.26345702822719863, 'eq_opp_diff': 0.19913369348323362, 'theil_ind': 0.10378347960340083, 'TPR': 0.7209821428571429, 'TNR': 0.8684790595150624, 'FPR': 0.13152094048493754, 'FNR': 0.27901785714285715, 'GTPR': 1.0, 'GTNR': 1.0, 'GFPR': 0.0, 'GFNR': 0.0, 'PPV': 0.6434262948207171, 'NPV': 0.9043611323641928, 'FDR': 0.3565737051792829, 'FOR': 0.09563886763580719, 'ACC': 0.831951354339414, 'MCC': 0.5682424090762621, 'f1_score': 0.68, 'fitness': 0.6328176608561804, 'solution': {'corr_type': 'spearman', 'l2': 0.01, 'dropout': 0.11857403595912017, 'privileged_demotion': 0.33937822422544034, 'privileged_promotion': 0.6391062658920726, 'protected_demotion': 0.09830255396498819, 'protected_promotion': 0.13346324770157786}, 'corr': [0.09828764660355016, 0.0037829536157896484, 1.0, 0.06568957983154713, 0.045735590935061264, 0.26731817947931164, 0.004617564141625225, 0.04330931141985968, 0.06526588547848303, 0.08548623527523289, 0.10721786657313076, 0.03350770548110993, 0.002224676040859242, 0.0023503150020039287, 0.011822758851466062, 0.005641415011067604, 0.010887869791813241, 0.01533990889014207, 0.021238054981893427, 0.016339016094891707, 0.025828702234757313, 0.006730319731932148, 0.021311569678597483, 0.03482473925560466, 0.011861679758057516, 0.004759427268267704, 0.007929308998787788, 0.04924973842579414, 0.050375823761234895, 0.23330787134776784, 0.01653650082543306, 0.441934694571611, 0.04541921229341878, 0.1859279833449354, 0.10592609849942339, 0.17820532345178983, 0.27963684097389896, 0.013567937016635726, 0.23146304132386536, 0.032868165863172934, 0.10112813951389585, 0.09644084264631325, 0.032835228330950865, 0.16621452821138746, 0.09720802730801704, 0.03378280845189595, 0.06156975649976553, 0.02249008850362281, 0.025658459353215705, 0.13157442102715577, 0.5850494472351552, 0.17744064790373001, 0.04323143196271417, 0.1088913291055742, 0.3214277268439588, 0.31542278309713945, 0.016505181587421452, 0.00022358945733737614, 0.10988062662944316, 0.01098322601616171, 0.09991661817240377, 0.009368725759436968, 0.00030966229021844286, 0.005751447179251478, 0.00876544407104285, 0.003148598239755335, 0.016522829345888283, 0.002506984497564473, 0.003877771925495147, 0.0011956245628818106, 0.005184760729579929, 0.010775143991041779, 0.012590086319126224, 0.0021266583543747344, 0.0026267817993744086, 0.0, 0.011169751297482291, 0.0014704563077389667, 0.0015564109510662525, 0.02533451973562618, 0.011488445394503655, 0.006104791333142752, 0.005789343201988462, 0.02147905551016737, 0.0039094167861278, 0.003583887532998047, 0.03974253653189705, 0.008245597975611271, 0.006118873899186387, 0.00759697439553884, 0.015586861775129655, 0.0028765586057401355, 0.012973699584686816, 0.010367693821068093, 0.0013820150858642516, 0.001230865142260408, 0.010389820478347246, 0.006943240015367684, 0.012203429825923987, 0.012053082311049314, 0.0034828902811077306, 0.005252243444263216]}, {'overall_acc': 0.8466003316749585, 'bal_acc': 0.7488755231841083, 'avg_odds_diff': 0.03826526953456197, 'disp_imp': 0.40013865927150555, 'stat_par_diff': 0.13390954438849006, 'eq_opp_diff': 0.034520854625979425, 'theil_ind': 0.13349375203893737, 'TPR': 0.5552455357142857, 'TNR': 0.942505510653931, 'FPR': 0.057494489346069065, 'FNR': 0.4447544642857143, 'GTPR': 1.0, 'GTNR': 1.0, 'GFPR': 0.0, 'GFNR': 0.0, 'PPV': 0.7607033639143731, 'NPV': 0.86555330634278, 'FDR': 0.2392966360856269, 'FOR': 0.13444669365721998, 'ACC': 0.8466003316749585, 'MCC': 0.5583188272981426, 'f1_score': 0.6419354838709678, 'fitness': 0.8120794770489791, 'solution': {'corr_type': 'spearman', 'l2': 0.001, 'dropout': 0.12758477769630705, 'privileged_demotion': 0.455500200225396, 'privileged_promotion': 0.2555461407305878, 'protected_demotion': 0.2582857523706858, 'protected_promotion': 0.10532586060260668}, 'corr': [0.09828764660355016, 0.0037829536157896484, 1.0, 0.06568957983154713, 0.045735590935061264, 0.26731817947931164, 0.004617564141625225, 0.04330931141985968, 0.06526588547848303, 0.08548623527523289, 0.10721786657313076, 0.03350770548110993, 0.002224676040859242, 0.0023503150020039287, 0.011822758851466062, 0.005641415011067604, 0.010887869791813241, 0.01533990889014207, 0.021238054981893427, 0.016339016094891707, 0.025828702234757313, 0.006730319731932148, 0.021311569678597483, 0.03482473925560466, 0.011861679758057516, 0.004759427268267704, 0.007929308998787788, 0.04924973842579414, 0.050375823761234895, 0.23330787134776784, 0.01653650082543306, 0.441934694571611, 0.04541921229341878, 0.1859279833449354, 0.10592609849942339, 0.17820532345178983, 0.27963684097389896, 0.013567937016635726, 0.23146304132386536, 0.032868165863172934, 0.10112813951389585, 0.09644084264631325, 0.032835228330950865, 0.16621452821138746, 0.09720802730801704, 0.03378280845189595, 0.06156975649976553, 0.02249008850362281, 0.025658459353215705, 0.13157442102715577, 0.5850494472351552, 0.17744064790373001, 0.04323143196271417, 0.1088913291055742, 0.3214277268439588, 0.31542278309713945, 0.016505181587421452, 0.00022358945733737614, 0.10988062662944316, 0.01098322601616171, 0.09991661817240377, 0.009368725759436968, 0.00030966229021844286, 0.005751447179251478, 0.00876544407104285, 0.003148598239755335, 0.016522829345888283, 0.002506984497564473, 0.003877771925495147, 0.0011956245628818106, 0.005184760729579929, 0.010775143991041779, 0.012590086319126224, 0.0021266583543747344, 0.0026267817993744086, 0.0, 0.011169751297482291, 0.0014704563077389667, 0.0015564109510662525, 0.02533451973562618, 0.011488445394503655, 0.006104791333142752, 0.005789343201988462, 0.02147905551016737, 0.0039094167861278, 0.003583887532998047, 0.03974253653189705, 0.008245597975611271, 0.006118873899186387, 0.00759697439553884, 0.015586861775129655, 0.0028765586057401355, 0.012973699584686816, 0.010367693821068093, 0.0013820150858642516, 0.001230865142260408, 0.010389820478347246, 0.006943240015367684, 0.012203429825923987, 0.012053082311049314, 0.0034828902811077306, 0.005252243444263216]}, {'overall_acc': 0.4987562189054726, 'bal_acc': 0.6444201348798153, 'avg_odds_diff': 0.6977417409610058, 'disp_imp': 0.10690526717375236, 'stat_par_diff': 0.8918294701001226, 'eq_opp_diff': 0.4444444444444444, 'theil_ind': 0.0737082489571866, 'TPR': 0.9330357142857143, 'TNR': 0.35580455547391626, 'FPR': 0.6441954445260838, 'FNR': 0.06696428571428571, 'GTPR': 1.0, 'GTNR': 1.0, 'GFPR': 0.0, 'GFNR': 0.0, 'PPV': 0.3228422475381348, 'NPV': 0.9416626154594069, 'FDR': 0.6771577524618653, 'FOR': 0.0583373845405931, 'ACC': 0.4987562189054726, 'MCC': 0.276404876912373, 'f1_score': 0.47970162100129105, 'fitness': 0.054311774461028195, 'solution': {'corr_type': 'spearman', 'l2': 0.01, 'dropout': 0.1172326012309685, 'privileged_demotion': 0.9935692153769714, 'privileged_promotion': 0.24739537554760183, 'protected_demotion': 0.10096699024856855, 'protected_promotion': 0.07132801899678903}, 'corr': [0.09828764660355016, 0.0037829536157896484, 1.0, 0.06568957983154713, 0.045735590935061264, 0.26731817947931164, 0.004617564141625225, 0.04330931141985968, 0.06526588547848303, 0.08548623527523289, 0.10721786657313076, 0.03350770548110993, 0.002224676040859242, 0.0023503150020039287, 0.011822758851466062, 0.005641415011067604, 0.010887869791813241, 0.01533990889014207, 0.021238054981893427, 0.016339016094891707, 0.025828702234757313, 0.006730319731932148, 0.021311569678597483, 0.03482473925560466, 0.011861679758057516, 0.004759427268267704, 0.007929308998787788, 0.04924973842579414, 0.050375823761234895, 0.23330787134776784, 0.01653650082543306, 0.441934694571611, 0.04541921229341878, 0.1859279833449354, 0.10592609849942339, 0.17820532345178983, 0.27963684097389896, 0.013567937016635726, 0.23146304132386536, 0.032868165863172934, 0.10112813951389585, 0.09644084264631325, 0.032835228330950865, 0.16621452821138746, 0.09720802730801704, 0.03378280845189595, 0.06156975649976553, 0.02249008850362281, 0.025658459353215705, 0.13157442102715577, 0.5850494472351552, 0.17744064790373001, 0.04323143196271417, 0.1088913291055742, 0.3214277268439588, 0.31542278309713945, 0.016505181587421452, 0.00022358945733737614, 0.10988062662944316, 0.01098322601616171, 0.09991661817240377, 0.009368725759436968, 0.00030966229021844286, 0.005751447179251478, 0.00876544407104285, 0.003148598239755335, 0.016522829345888283, 0.002506984497564473, 0.003877771925495147, 0.0011956245628818106, 0.005184760729579929, 0.010775143991041779, 0.012590086319126224, 0.0021266583543747344, 0.0026267817993744086, 0.0, 0.011169751297482291, 0.0014704563077389667, 0.0015564109510662525, 0.02533451973562618, 0.011488445394503655, 0.006104791333142752, 0.005789343201988462, 0.02147905551016737, 0.0039094167861278, 0.003583887532998047, 0.03974253653189705, 0.008245597975611271, 0.006118873899186387, 0.00759697439553884, 0.015586861775129655, 0.0028765586057401355, 0.012973699584686816, 0.010367693821068093, 0.0013820150858642516, 0.001230865142260408, 0.010389820478347246, 0.006943240015367684, 0.012203429825923987, 0.012053082311049314, 0.0034828902811077306, 0.005252243444263216]}, {'overall_acc': 0.8475677169707021, 'bal_acc': 0.7431545295607221, 'avg_odds_diff': 0.03396746117599043, 'disp_imp': 0.4044542672560354, 'stat_par_diff': 0.12511161112896887, 'eq_opp_diff': 0.033985496666180004, 'theil_ind': 0.1368730590126577, 'TPR': 0.5362723214285714, 'TNR': 0.9500367376928729, 'FPR': 0.04996326230712711, 'FNR': 0.46372767857142855, 'GTPR': 1.0, 'GTNR': 1.0, 'GFPR': 0.0, 'GFNR': 0.0, 'PPV': 0.7793998377939984, 'NPV': 0.8615692153923038, 'FDR': 0.22060016220600162, 'FOR': 0.13843078460769614, 'ACC': 0.8475677169707021, 'MCC': 0.5583091054075633, 'f1_score': 0.6353719008264462, 'fitness': 0.8135822203045221, 'solution': {'corr_type': 'spearman', 'l2': 0.0001, 'dropout': 0.09893039042631432, 'privileged_demotion': 0.4594709549827311, 'privileged_promotion': 0.3415021150825204, 'protected_demotion': 0.2641763512735033, 'protected_promotion': 0.19862237609593864}, 'corr': [0.09828764660355016, 0.0037829536157896484, 1.0, 0.06568957983154713, 0.045735590935061264, 0.26731817947931164, 0.004617564141625225, 0.04330931141985968, 0.06526588547848303, 0.08548623527523289, 0.10721786657313076, 0.03350770548110993, 0.002224676040859242, 0.0023503150020039287, 0.011822758851466062, 0.005641415011067604, 0.010887869791813241, 0.01533990889014207, 0.021238054981893427, 0.016339016094891707, 0.025828702234757313, 0.006730319731932148, 0.021311569678597483, 0.03482473925560466, 0.011861679758057516, 0.004759427268267704, 0.007929308998787788, 0.04924973842579414, 0.050375823761234895, 0.23330787134776784, 0.01653650082543306, 0.441934694571611, 0.04541921229341878, 0.1859279833449354, 0.10592609849942339, 0.17820532345178983, 0.27963684097389896, 0.013567937016635726, 0.23146304132386536, 0.032868165863172934, 0.10112813951389585, 0.09644084264631325, 0.032835228330950865, 0.16621452821138746, 0.09720802730801704, 0.03378280845189595, 0.06156975649976553, 0.02249008850362281, 0.025658459353215705, 0.13157442102715577, 0.5850494472351552, 0.17744064790373001, 0.04323143196271417, 0.1088913291055742, 0.3214277268439588, 0.31542278309713945, 0.016505181587421452, 0.00022358945733737614, 0.10988062662944316, 0.01098322601616171, 0.09991661817240377, 0.009368725759436968, 0.00030966229021844286, 0.005751447179251478, 0.00876544407104285, 0.003148598239755335, 0.016522829345888283, 0.002506984497564473, 0.003877771925495147, 0.0011956245628818106, 0.005184760729579929, 0.010775143991041779, 0.012590086319126224, 0.0021266583543747344, 0.0026267817993744086, 0.0, 0.011169751297482291, 0.0014704563077389667, 0.0015564109510662525, 0.02533451973562618, 0.011488445394503655, 0.006104791333142752, 0.005789343201988462, 0.02147905551016737, 0.0039094167861278, 0.003583887532998047, 0.03974253653189705, 0.008245597975611271, 0.006118873899186387, 0.00759697439553884, 0.015586861775129655, 0.0028765586057401355, 0.012973699584686816, 0.010367693821068093, 0.0013820150858642516, 0.001230865142260408, 0.010389820478347246, 0.006943240015367684, 0.012203429825923987, 0.012053082311049314, 0.0034828902811077306, 0.005252243444263216]}, {'overall_acc': 0.845771144278607, 'bal_acc': 0.7427092490421958, 'avg_odds_diff': 0.06489690664147596, 'disp_imp': 0.35150060024009605, 'stat_par_diff': 0.14148600545257567, 'eq_opp_diff': 0.08458169075777489, 'theil_ind': 0.13707432447839155, 'TPR': 0.5385044642857143, 'TNR': 0.9469140337986774, 'FPR': 0.053085966201322554, 'FNR': 0.4614955357142857, 'GTPR': 1.0, 'GTNR': 1.0, 'GFPR': 0.0, 'GFNR': 0.0, 'PPV': 0.7695374800637959, 'NPV': 0.8617519224339686, 'FDR': 0.23046251993620415, 'FOR': 0.13824807756603144, 'ACC': 0.845771144278607, 'MCC': 0.5535698272278375, 'f1_score': 0.633617859487853, 'fitness': 0.7611894535208321, 'solution': {'corr_type': 'spearman', 'l2': 0.0001, 'dropout': 0.09726406672375278, 'privileged_demotion': 0.4691175729952417, 'privileged_promotion': 0.3211883864604221, 'protected_demotion': 0.25826586642999605, 'protected_promotion': 0.07634275715938202}, 'corr': [0.09828764660355016, 0.0037829536157896484, 1.0, 0.06568957983154713, 0.045735590935061264, 0.26731817947931164, 0.004617564141625225, 0.04330931141985968, 0.06526588547848303, 0.08548623527523289, 0.10721786657313076, 0.03350770548110993, 0.002224676040859242, 0.0023503150020039287, 0.011822758851466062, 0.005641415011067604, 0.010887869791813241, 0.01533990889014207, 0.021238054981893427, 0.016339016094891707, 0.025828702234757313, 0.006730319731932148, 0.021311569678597483, 0.03482473925560466, 0.011861679758057516, 0.004759427268267704, 0.007929308998787788, 0.04924973842579414, 0.050375823761234895, 0.23330787134776784, 0.01653650082543306, 0.441934694571611, 0.04541921229341878, 0.1859279833449354, 0.10592609849942339, 0.17820532345178983, 0.27963684097389896, 0.013567937016635726, 0.23146304132386536, 0.032868165863172934, 0.10112813951389585, 0.09644084264631325, 0.032835228330950865, 0.16621452821138746, 0.09720802730801704, 0.03378280845189595, 0.06156975649976553, 0.02249008850362281, 0.025658459353215705, 0.13157442102715577, 0.5850494472351552, 0.17744064790373001, 0.04323143196271417, 0.1088913291055742, 0.3214277268439588, 0.31542278309713945, 0.016505181587421452, 0.00022358945733737614, 0.10988062662944316, 0.01098322601616171, 0.09991661817240377, 0.009368725759436968, 0.00030966229021844286, 0.005751447179251478, 0.00876544407104285, 0.003148598239755335, 0.016522829345888283, 0.002506984497564473, 0.003877771925495147, 0.0011956245628818106, 0.005184760729579929, 0.010775143991041779, 0.012590086319126224, 0.0021266583543747344, 0.0026267817993744086, 0.0, 0.011169751297482291, 0.0014704563077389667, 0.0015564109510662525, 0.02533451973562618, 0.011488445394503655, 0.006104791333142752, 0.005789343201988462, 0.02147905551016737, 0.0039094167861278, 0.003583887532998047, 0.03974253653189705, 0.008245597975611271, 0.006118873899186387, 0.00759697439553884, 0.015586861775129655, 0.0028765586057401355, 0.012973699584686816, 0.010367693821068093, 0.0013820150858642516, 0.001230865142260408, 0.010389820478347246, 0.006943240015367684, 0.012203429825923987, 0.012053082311049314, 0.0034828902811077306, 0.005252243444263216]}, {'overall_acc': 0.5952183526810393, 'bal_acc': 0.5350174586044925, 'avg_odds_diff': 0.42456046960611193, 'disp_imp': 5.459140210592985, 'stat_par_diff': 0.6705406145457575, 'eq_opp_diff': 0.005446050518323864, 'theil_ind': 0.2140480211540935, 'TPR': 0.41573660714285715, 'TNR': 0.6542983100661278, 'FPR': 0.3457016899338722, 'FNR': 0.5842633928571429, 'GTPR': 1.0, 'GTNR': 1.0, 'GFPR': 0.0, 'GFNR': 0.0, 'PPV': 0.2835934526075371, 'NPV': 0.7728357561293122, 'FDR': 0.7164065473924629, 'FOR': 0.2271642438706878, 'ACC': 0.5952183526810393, 'MCC': 0.06286505358347969, 'f1_score': 0.33718035754695636, 'fitness': 0.5897723021627155, 'solution': {'corr_type': 'spearman', 'l2': 0.001, 'dropout': 0.1855201489561348, 'privileged_demotion': 0.45932424454591647, 'privileged_promotion': 0.09875946700651406, 'protected_demotion': 0.5586829561280818, 'protected_promotion': 0.47566108958553865}, 'corr': [0.09828764660355016, 0.0037829536157896484, 1.0, 0.06568957983154713, 0.045735590935061264, 0.26731817947931164, 0.004617564141625225, 0.04330931141985968, 0.06526588547848303, 0.08548623527523289, 0.10721786657313076, 0.03350770548110993, 0.002224676040859242, 0.0023503150020039287, 0.011822758851466062, 0.005641415011067604, 0.010887869791813241, 0.01533990889014207, 0.021238054981893427, 0.016339016094891707, 0.025828702234757313, 0.006730319731932148, 0.021311569678597483, 0.03482473925560466, 0.011861679758057516, 0.004759427268267704, 0.007929308998787788, 0.04924973842579414, 0.050375823761234895, 0.23330787134776784, 0.01653650082543306, 0.441934694571611, 0.04541921229341878, 0.1859279833449354, 0.10592609849942339, 0.17820532345178983, 0.27963684097389896, 0.013567937016635726, 0.23146304132386536, 0.032868165863172934, 0.10112813951389585, 0.09644084264631325, 0.032835228330950865, 0.16621452821138746, 0.09720802730801704, 0.03378280845189595, 0.06156975649976553, 0.02249008850362281, 0.025658459353215705, 0.13157442102715577, 0.5850494472351552, 0.17744064790373001, 0.04323143196271417, 0.1088913291055742, 0.3214277268439588, 0.31542278309713945, 0.016505181587421452, 0.00022358945733737614, 0.10988062662944316, 0.01098322601616171, 0.09991661817240377, 0.009368725759436968, 0.00030966229021844286, 0.005751447179251478, 0.00876544407104285, 0.003148598239755335, 0.016522829345888283, 0.002506984497564473, 0.003877771925495147, 0.0011956245628818106, 0.005184760729579929, 0.010775143991041779, 0.012590086319126224, 0.0021266583543747344, 0.0026267817993744086, 0.0, 0.011169751297482291, 0.0014704563077389667, 0.0015564109510662525, 0.02533451973562618, 0.011488445394503655, 0.006104791333142752, 0.005789343201988462, 0.02147905551016737, 0.0039094167861278, 0.003583887532998047, 0.03974253653189705, 0.008245597975611271, 0.006118873899186387, 0.00759697439553884, 0.015586861775129655, 0.0028765586057401355, 0.012973699584686816, 0.010367693821068093, 0.0013820150858642516, 0.001230865142260408, 0.010389820478347246, 0.006943240015367684, 0.012203429825923987, 0.012053082311049314, 0.0034828902811077306, 0.005252243444263216]}, {'overall_acc': 0.8439745715865119, 'bal_acc': 0.7308463774010707, 'avg_odds_diff': 0.02674153535777472, 'disp_imp': 0.47109812212411395, 'stat_par_diff': 0.1012631403502506, 'eq_opp_diff': 0.031362242663162454, 'theil_ind': 0.14393789630161802, 'TPR': 0.5066964285714286, 'TNR': 0.9549963262307127, 'FPR': 0.04500367376928729, 'FNR': 0.49330357142857145, 'GTPR': 1.0, 'GTNR': 1.0, 'GFPR': 0.0, 'GFNR': 0.0, 'PPV': 0.7875108412836079, 'NPV': 0.8546769686010193, 'FDR': 0.212489158716392, 'FOR': 0.14532303139898076, 'ACC': 0.8439745715865119, 'MCC': 0.5445121293837148, 'f1_score': 0.6166383701188455, 'fitness': 0.8126123289233494, 'solution': {'corr_type': 'spearman', 'l2': 0.001, 'dropout': 0.1854731509492657, 'privileged_demotion': 0.4539229575895111, 'privileged_promotion': 0.16737717565133964, 'protected_demotion': 0.272506568097094, 'protected_promotion': 0.14986536098072256}, 'corr': [0.09828764660355016, 0.0037829536157896484, 1.0, 0.06568957983154713, 0.045735590935061264, 0.26731817947931164, 0.004617564141625225, 0.04330931141985968, 0.06526588547848303, 0.08548623527523289, 0.10721786657313076, 0.03350770548110993, 0.002224676040859242, 0.0023503150020039287, 0.011822758851466062, 0.005641415011067604, 0.010887869791813241, 0.01533990889014207, 0.021238054981893427, 0.016339016094891707, 0.025828702234757313, 0.006730319731932148, 0.021311569678597483, 0.03482473925560466, 0.011861679758057516, 0.004759427268267704, 0.007929308998787788, 0.04924973842579414, 0.050375823761234895, 0.23330787134776784, 0.01653650082543306, 0.441934694571611, 0.04541921229341878, 0.1859279833449354, 0.10592609849942339, 0.17820532345178983, 0.27963684097389896, 0.013567937016635726, 0.23146304132386536, 0.032868165863172934, 0.10112813951389585, 0.09644084264631325, 0.032835228330950865, 0.16621452821138746, 0.09720802730801704, 0.03378280845189595, 0.06156975649976553, 0.02249008850362281, 0.025658459353215705, 0.13157442102715577, 0.5850494472351552, 0.17744064790373001, 0.04323143196271417, 0.1088913291055742, 0.3214277268439588, 0.31542278309713945, 0.016505181587421452, 0.00022358945733737614, 0.10988062662944316, 0.01098322601616171, 0.09991661817240377, 0.009368725759436968, 0.00030966229021844286, 0.005751447179251478, 0.00876544407104285, 0.003148598239755335, 0.016522829345888283, 0.002506984497564473, 0.003877771925495147, 0.0011956245628818106, 0.005184760729579929, 0.010775143991041779, 0.012590086319126224, 0.0021266583543747344, 0.0026267817993744086, 0.0, 0.011169751297482291, 0.0014704563077389667, 0.0015564109510662525, 0.02533451973562618, 0.011488445394503655, 0.006104791333142752, 0.005789343201988462, 0.02147905551016737, 0.0039094167861278, 0.003583887532998047, 0.03974253653189705, 0.008245597975611271, 0.006118873899186387, 0.00759697439553884, 0.015586861775129655, 0.0028765586057401355, 0.012973699584686816, 0.010367693821068093, 0.0013820150858642516, 0.001230865142260408, 0.010389820478347246, 0.006943240015367684, 0.012203429825923987, 0.012053082311049314, 0.0034828902811077306, 0.005252243444263216]}, {'overall_acc': 0.20121614151464898, 'bal_acc': 0.3968913187519681, 'avg_odds_diff': 0.14285817463875156, 'disp_imp': 0.985995358692362, 'stat_par_diff': 0.013219519744752772, 'eq_opp_diff': 0.26967440502263107, 'theil_ind': 0.08475386169659048, 'TPR': 0.7845982142857143, 'TNR': 0.009184423218221896, 'FPR': 0.9908155767817781, 'FNR': 0.21540178571428573, 'GTPR': 1.0, 'GTNR': 1.0, 'GFPR': 0.0, 'GFNR': 0.0, 'PPV': 0.20676470588235293, 'NPV': 0.11467889908256881, 'FDR': 0.793235294117647, 'FOR': 0.8853211009174312, 'ACC': 0.20121614151464898, 'MCC': -0.37407233269645995, 'f1_score': 0.3272811918063314, 'fitness': -0.06845826350798209, 'solution': {'corr_type': 'spearman', 'l2': 0.001, 'dropout': 0.18505583640628703, 'privileged_demotion': 0.9821723767223245, 'privileged_promotion': 0.09692931987499123, 'protected_demotion': 0.5656476853910481, 'protected_promotion': 0.4589067292873914}, 'corr': [0.09828764660355016, 0.0037829536157896484, 1.0, 0.06568957983154713, 0.045735590935061264, 0.26731817947931164, 0.004617564141625225, 0.04330931141985968, 0.06526588547848303, 0.08548623527523289, 0.10721786657313076, 0.03350770548110993, 0.002224676040859242, 0.0023503150020039287, 0.011822758851466062, 0.005641415011067604, 0.010887869791813241, 0.01533990889014207, 0.021238054981893427, 0.016339016094891707, 0.025828702234757313, 0.006730319731932148, 0.021311569678597483, 0.03482473925560466, 0.011861679758057516, 0.004759427268267704, 0.007929308998787788, 0.04924973842579414, 0.050375823761234895, 0.23330787134776784, 0.01653650082543306, 0.441934694571611, 0.04541921229341878, 0.1859279833449354, 0.10592609849942339, 0.17820532345178983, 0.27963684097389896, 0.013567937016635726, 0.23146304132386536, 0.032868165863172934, 0.10112813951389585, 0.09644084264631325, 0.032835228330950865, 0.16621452821138746, 0.09720802730801704, 0.03378280845189595, 0.06156975649976553, 0.02249008850362281, 0.025658459353215705, 0.13157442102715577, 0.5850494472351552, 0.17744064790373001, 0.04323143196271417, 0.1088913291055742, 0.3214277268439588, 0.31542278309713945, 0.016505181587421452, 0.00022358945733737614, 0.10988062662944316, 0.01098322601616171, 0.09991661817240377, 0.009368725759436968, 0.00030966229021844286, 0.005751447179251478, 0.00876544407104285, 0.003148598239755335, 0.016522829345888283, 0.002506984497564473, 0.003877771925495147, 0.0011956245628818106, 0.005184760729579929, 0.010775143991041779, 0.012590086319126224, 0.0021266583543747344, 0.0026267817993744086, 0.0, 0.011169751297482291, 0.0014704563077389667, 0.0015564109510662525, 0.02533451973562618, 0.011488445394503655, 0.006104791333142752, 0.005789343201988462, 0.02147905551016737, 0.0039094167861278, 0.003583887532998047, 0.03974253653189705, 0.008245597975611271, 0.006118873899186387, 0.00759697439553884, 0.015586861775129655, 0.0028765586057401355, 0.012973699584686816, 0.010367693821068093, 0.0013820150858642516, 0.001230865142260408, 0.010389820478347246, 0.006943240015367684, 0.012203429825923987, 0.012053082311049314, 0.0034828902811077306, 0.005252243444263216]}, {'overall_acc': 0.8413488114980652, 'bal_acc': 0.7337806776136244, 'avg_odds_diff': 0.07307619112163866, 'disp_imp': 0.6458823529411765, 'stat_par_diff': 0.06736907270497756, 'eq_opp_diff': 0.14575850489122505, 'theil_ind': 0.14215045838912213, 'TPR': 0.5206473214285714, 'TNR': 0.9469140337986774, 'FPR': 0.053085966201322554, 'FNR': 0.47935267857142855, 'GTPR': 1.0, 'GTNR': 1.0, 'GFPR': 0.0, 'GFNR': 0.0, 'PPV': 0.7635024549918167, 'NPV': 0.857166611240439, 'FDR': 0.23649754500818332, 'FOR': 0.14283338875956103, 'ACC': 0.8413488114980652, 'MCC': 0.5387029513147154, 'f1_score': 0.6191108161911081, 'fitness': 0.6955903066068401, 'solution': {'corr_type': 'spearman', 'l2': 0.001, 'dropout': 0.07732644981644687, 'privileged_demotion': 0.45483971747929214, 'privileged_promotion': 0.2075963362991504, 'protected_demotion': 0.06269955021346364, 'protected_promotion': 0.2103304361423181}, 'corr': [0.09828764660355016, 0.0037829536157896484, 1.0, 0.06568957983154713, 0.045735590935061264, 0.26731817947931164, 0.004617564141625225, 0.04330931141985968, 0.06526588547848303, 0.08548623527523289, 0.10721786657313076, 0.03350770548110993, 0.002224676040859242, 0.0023503150020039287, 0.011822758851466062, 0.005641415011067604, 0.010887869791813241, 0.01533990889014207, 0.021238054981893427, 0.016339016094891707, 0.025828702234757313, 0.006730319731932148, 0.021311569678597483, 0.03482473925560466, 0.011861679758057516, 0.004759427268267704, 0.007929308998787788, 0.04924973842579414, 0.050375823761234895, 0.23330787134776784, 0.01653650082543306, 0.441934694571611, 0.04541921229341878, 0.1859279833449354, 0.10592609849942339, 0.17820532345178983, 0.27963684097389896, 0.013567937016635726, 0.23146304132386536, 0.032868165863172934, 0.10112813951389585, 0.09644084264631325, 0.032835228330950865, 0.16621452821138746, 0.09720802730801704, 0.03378280845189595, 0.06156975649976553, 0.02249008850362281, 0.025658459353215705, 0.13157442102715577, 0.5850494472351552, 0.17744064790373001, 0.04323143196271417, 0.1088913291055742, 0.3214277268439588, 0.31542278309713945, 0.016505181587421452, 0.00022358945733737614, 0.10988062662944316, 0.01098322601616171, 0.09991661817240377, 0.009368725759436968, 0.00030966229021844286, 0.005751447179251478, 0.00876544407104285, 0.003148598239755335, 0.016522829345888283, 0.002506984497564473, 0.003877771925495147, 0.0011956245628818106, 0.005184760729579929, 0.010775143991041779, 0.012590086319126224, 0.0021266583543747344, 0.0026267817993744086, 0.0, 0.011169751297482291, 0.0014704563077389667, 0.0015564109510662525, 0.02533451973562618, 0.011488445394503655, 0.006104791333142752, 0.005789343201988462, 0.02147905551016737, 0.0039094167861278, 0.003583887532998047, 0.03974253653189705, 0.008245597975611271, 0.006118873899186387, 0.00759697439553884, 0.015586861775129655, 0.0028765586057401355, 0.012973699584686816, 0.010367693821068093, 0.0013820150858642516, 0.001230865142260408, 0.010389820478347246, 0.006943240015367684, 0.012203429825923987, 0.012053082311049314, 0.0034828902811077306, 0.005252243444263216]}, {'overall_acc': 0.43850193477059146, 'bal_acc': 0.48701818679804765, 'avg_odds_diff': 0.46294222067119445, 'disp_imp': 0.15279960707269155, 'stat_par_diff': 0.6981987451932807, 'eq_opp_diff': 0.050367450236044164, 'theil_ind': 0.16501365010539767, 'TPR': 0.5831473214285714, 'TNR': 0.3908890521675239, 'FPR': 0.6091109478324761, 'FNR': 0.41685267857142855, 'GTPR': 1.0, 'GTNR': 1.0, 'GFPR': 0.0, 'GFNR': 0.0, 'PPV': 0.23962393946342583, 'NPV': 0.7401739130434782, 'FDR': 0.7603760605365741, 'FOR': 0.25982608695652176, 'ACC': 0.43850193477059146, 'MCC': -0.02290242367233916, 'f1_score': 0.33967170485941817, 'fitness': 0.3881344845345473, 'solution': {'corr_type': 'spearman', 'l2': 0.001, 'dropout': 0.06438893181483832, 'privileged_demotion': 0.6024969341594393, 'privileged_promotion': 0.4703291318943905, 'protected_demotion': 0.060408730079230914, 'protected_promotion': 0.2150578021006373}, 'corr': [0.09828764660355016, 0.0037829536157896484, 1.0, 0.06568957983154713, 0.045735590935061264, 0.26731817947931164, 0.004617564141625225, 0.04330931141985968, 0.06526588547848303, 0.08548623527523289, 0.10721786657313076, 0.03350770548110993, 0.002224676040859242, 0.0023503150020039287, 0.011822758851466062, 0.005641415011067604, 0.010887869791813241, 0.01533990889014207, 0.021238054981893427, 0.016339016094891707, 0.025828702234757313, 0.006730319731932148, 0.021311569678597483, 0.03482473925560466, 0.011861679758057516, 0.004759427268267704, 0.007929308998787788, 0.04924973842579414, 0.050375823761234895, 0.23330787134776784, 0.01653650082543306, 0.441934694571611, 0.04541921229341878, 0.1859279833449354, 0.10592609849942339, 0.17820532345178983, 0.27963684097389896, 0.013567937016635726, 0.23146304132386536, 0.032868165863172934, 0.10112813951389585, 0.09644084264631325, 0.032835228330950865, 0.16621452821138746, 0.09720802730801704, 0.03378280845189595, 0.06156975649976553, 0.02249008850362281, 0.025658459353215705, 0.13157442102715577, 0.5850494472351552, 0.17744064790373001, 0.04323143196271417, 0.1088913291055742, 0.3214277268439588, 0.31542278309713945, 0.016505181587421452, 0.00022358945733737614, 0.10988062662944316, 0.01098322601616171, 0.09991661817240377, 0.009368725759436968, 0.00030966229021844286, 0.005751447179251478, 0.00876544407104285, 0.003148598239755335, 0.016522829345888283, 0.002506984497564473, 0.003877771925495147, 0.0011956245628818106, 0.005184760729579929, 0.010775143991041779, 0.012590086319126224, 0.0021266583543747344, 0.0026267817993744086, 0.0, 0.011169751297482291, 0.0014704563077389667, 0.0015564109510662525, 0.02533451973562618, 0.011488445394503655, 0.006104791333142752, 0.005789343201988462, 0.02147905551016737, 0.0039094167861278, 0.003583887532998047, 0.03974253653189705, 0.008245597975611271, 0.006118873899186387, 0.00759697439553884, 0.015586861775129655, 0.0028765586057401355, 0.012973699584686816, 0.010367693821068093, 0.0013820150858642516, 0.001230865142260408, 0.010389820478347246, 0.006943240015367684, 0.012203429825923987, 0.012053082311049314, 0.0034828902811077306, 0.005252243444263216]}, {'overall_acc': 0.849502487562189, 'bal_acc': 0.8058332977983625, 'avg_odds_diff': 0.17773934405181396, 'disp_imp': 0.2599486656587321, 'stat_par_diff': 0.25057799683322024, 'eq_opp_diff': 0.23204847422981456, 'theil_ind': 0.0995893267721709, 'TPR': 0.7193080357142857, 'TNR': 0.8923585598824394, 'FPR': 0.10764144011756062, 'FNR': 0.2806919642857143, 'GTPR': 1.0, 'GTNR': 1.0, 'GFPR': 0.0, 'GFNR': 0.0, 'PPV': 0.6874666666666667, 'NPV': 0.906174221227383, 'FDR': 0.31253333333333333, 'FOR': 0.09382577877261705, 'ACC': 0.849502487562189, 'MCC': 0.6025863431120643, 'f1_score': 0.7030269975456777, 'fitness': 0.6174540133323745, 'solution': {'corr_type': 'spearman', 'l2': 0.001, 'dropout': 0.10077463317210474, 'privileged_demotion': 0.14062490319201235, 'privileged_promotion': 0.3404319700385975, 'protected_demotion': 0.2709775833102772, 'protected_promotion': 0.21102937040881686}, 'corr': [0.09828764660355016, 0.0037829536157896484, 1.0, 0.06568957983154713, 0.045735590935061264, 0.26731817947931164, 0.004617564141625225, 0.04330931141985968, 0.06526588547848303, 0.08548623527523289, 0.10721786657313076, 0.03350770548110993, 0.002224676040859242, 0.0023503150020039287, 0.011822758851466062, 0.005641415011067604, 0.010887869791813241, 0.01533990889014207, 0.021238054981893427, 0.016339016094891707, 0.025828702234757313, 0.006730319731932148, 0.021311569678597483, 0.03482473925560466, 0.011861679758057516, 0.004759427268267704, 0.007929308998787788, 0.04924973842579414, 0.050375823761234895, 0.23330787134776784, 0.01653650082543306, 0.441934694571611, 0.04541921229341878, 0.1859279833449354, 0.10592609849942339, 0.17820532345178983, 0.27963684097389896, 0.013567937016635726, 0.23146304132386536, 0.032868165863172934, 0.10112813951389585, 0.09644084264631325, 0.032835228330950865, 0.16621452821138746, 0.09720802730801704, 0.03378280845189595, 0.06156975649976553, 0.02249008850362281, 0.025658459353215705, 0.13157442102715577, 0.5850494472351552, 0.17744064790373001, 0.04323143196271417, 0.1088913291055742, 0.3214277268439588, 0.31542278309713945, 0.016505181587421452, 0.00022358945733737614, 0.10988062662944316, 0.01098322601616171, 0.09991661817240377, 0.009368725759436968, 0.00030966229021844286, 0.005751447179251478, 0.00876544407104285, 0.003148598239755335, 0.016522829345888283, 0.002506984497564473, 0.003877771925495147, 0.0011956245628818106, 0.005184760729579929, 0.010775143991041779, 0.012590086319126224, 0.0021266583543747344, 0.0026267817993744086, 0.0, 0.011169751297482291, 0.0014704563077389667, 0.0015564109510662525, 0.02533451973562618, 0.011488445394503655, 0.006104791333142752, 0.005789343201988462, 0.02147905551016737, 0.0039094167861278, 0.003583887532998047, 0.03974253653189705, 0.008245597975611271, 0.006118873899186387, 0.00759697439553884, 0.015586861775129655, 0.0028765586057401355, 0.012973699584686816, 0.010367693821068093, 0.0013820150858642516, 0.001230865142260408, 0.010389820478347246, 0.006943240015367684, 0.012203429825923987, 0.012053082311049314, 0.0034828902811077306, 0.005252243444263216]}, {'overall_acc': 0.8337479270315091, 'bal_acc': 0.692230387976278, 'avg_odds_diff': 0.045101567194270914, 'disp_imp': 0.5291639127561136, 'stat_par_diff': 0.06784766122599617, 'eq_opp_diff': 0.0820071056601937, 'theil_ind': 0.16623678514762913, 'TPR': 0.41183035714285715, 'TNR': 0.9726304188096988, 'FPR': 0.027369581190301247, 'FNR': 0.5881696428571429, 'GTPR': 1.0, 'GTNR': 1.0, 'GFPR': 0.0, 'GFNR': 0.0, 'PPV': 0.8320180383314544, 'NPV': 0.8339896046621516, 'FDR': 0.16798196166854565, 'FOR': 0.16601039533784848, 'ACC': 0.8337479270315091, 'MCC': 0.5060176036618238, 'f1_score': 0.5509518477043672, 'fitness': 0.7517408213713155, 'solution': {'corr_type': 'spearman', 'l2': 0.001, 'dropout': 0.07671512901757918, 'privileged_demotion': 0.5919818341219008, 'privileged_promotion': 0.22540564976643784, 'protected_demotion': 0.31790656505797593, 'protected_promotion': 0.20435210380390018}, 'corr': [0.09828764660355016, 0.0037829536157896484, 1.0, 0.06568957983154713, 0.045735590935061264, 0.26731817947931164, 0.004617564141625225, 0.04330931141985968, 0.06526588547848303, 0.08548623527523289, 0.10721786657313076, 0.03350770548110993, 0.002224676040859242, 0.0023503150020039287, 0.011822758851466062, 0.005641415011067604, 0.010887869791813241, 0.01533990889014207, 0.021238054981893427, 0.016339016094891707, 0.025828702234757313, 0.006730319731932148, 0.021311569678597483, 0.03482473925560466, 0.011861679758057516, 0.004759427268267704, 0.007929308998787788, 0.04924973842579414, 0.050375823761234895, 0.23330787134776784, 0.01653650082543306, 0.441934694571611, 0.04541921229341878, 0.1859279833449354, 0.10592609849942339, 0.17820532345178983, 0.27963684097389896, 0.013567937016635726, 0.23146304132386536, 0.032868165863172934, 0.10112813951389585, 0.09644084264631325, 0.032835228330950865, 0.16621452821138746, 0.09720802730801704, 0.03378280845189595, 0.06156975649976553, 0.02249008850362281, 0.025658459353215705, 0.13157442102715577, 0.5850494472351552, 0.17744064790373001, 0.04323143196271417, 0.1088913291055742, 0.3214277268439588, 0.31542278309713945, 0.016505181587421452, 0.00022358945733737614, 0.10988062662944316, 0.01098322601616171, 0.09991661817240377, 0.009368725759436968, 0.00030966229021844286, 0.005751447179251478, 0.00876544407104285, 0.003148598239755335, 0.016522829345888283, 0.002506984497564473, 0.003877771925495147, 0.0011956245628818106, 0.005184760729579929, 0.010775143991041779, 0.012590086319126224, 0.0021266583543747344, 0.0026267817993744086, 0.0, 0.011169751297482291, 0.0014704563077389667, 0.0015564109510662525, 0.02533451973562618, 0.011488445394503655, 0.006104791333142752, 0.005789343201988462, 0.02147905551016737, 0.0039094167861278, 0.003583887532998047, 0.03974253653189705, 0.008245597975611271, 0.006118873899186387, 0.00759697439553884, 0.015586861775129655, 0.0028765586057401355, 0.012973699584686816, 0.010367693821068093, 0.0013820150858642516, 0.001230865142260408, 0.010389820478347246, 0.006943240015367684, 0.012203429825923987, 0.012053082311049314, 0.0034828902811077306, 0.005252243444263216]}, {'overall_acc': 0.8467385295743505, 'bal_acc': 0.7345549982943214, 'avg_odds_diff': 0.048100751362585834, 'disp_imp': 0.38006002400960387, 'stat_par_diff': 0.12295915330309416, 'eq_opp_diff': 0.06678347203971385, 'theil_ind': 0.14183649511756483, 'TPR': 0.5122767857142857, 'TNR': 0.9568332108743571, 'FPR': 0.04316678912564291, 'FNR': 0.4877232142857143, 'GTPR': 1.0, 'GTNR': 1.0, 'GFPR': 0.0, 'GFNR': 0.0, 'PPV': 0.7961838681699913, 'NPV': 0.8563208942955779, 'FDR': 0.20381613183000868, 'FOR': 0.14367910570442216, 'ACC': 0.8467385295743505, 'MCC': 0.5532598909141131, 'f1_score': 0.6234295415959252, 'fitness': 0.7799550575346366, 'solution': {'corr_type': 'spearman', 'l2': 0.001, 'dropout': 0.07484938411266373, 'privileged_demotion': 0.4435022553194686, 'privileged_promotion': 0.2308256972692817, 'protected_demotion': 0.32098318739719706, 'protected_promotion': 0.19737293215609275}, 'corr': [0.09828764660355016, 0.0037829536157896484, 1.0, 0.06568957983154713, 0.045735590935061264, 0.26731817947931164, 0.004617564141625225, 0.04330931141985968, 0.06526588547848303, 0.08548623527523289, 0.10721786657313076, 0.03350770548110993, 0.002224676040859242, 0.0023503150020039287, 0.011822758851466062, 0.005641415011067604, 0.010887869791813241, 0.01533990889014207, 0.021238054981893427, 0.016339016094891707, 0.025828702234757313, 0.006730319731932148, 0.021311569678597483, 0.03482473925560466, 0.011861679758057516, 0.004759427268267704, 0.007929308998787788, 0.04924973842579414, 0.050375823761234895, 0.23330787134776784, 0.01653650082543306, 0.441934694571611, 0.04541921229341878, 0.1859279833449354, 0.10592609849942339, 0.17820532345178983, 0.27963684097389896, 0.013567937016635726, 0.23146304132386536, 0.032868165863172934, 0.10112813951389585, 0.09644084264631325, 0.032835228330950865, 0.16621452821138746, 0.09720802730801704, 0.03378280845189595, 0.06156975649976553, 0.02249008850362281, 0.025658459353215705, 0.13157442102715577, 0.5850494472351552, 0.17744064790373001, 0.04323143196271417, 0.1088913291055742, 0.3214277268439588, 0.31542278309713945, 0.016505181587421452, 0.00022358945733737614, 0.10988062662944316, 0.01098322601616171, 0.09991661817240377, 0.009368725759436968, 0.00030966229021844286, 0.005751447179251478, 0.00876544407104285, 0.003148598239755335, 0.016522829345888283, 0.002506984497564473, 0.003877771925495147, 0.0011956245628818106, 0.005184760729579929, 0.010775143991041779, 0.012590086319126224, 0.0021266583543747344, 0.0026267817993744086, 0.0, 0.011169751297482291, 0.0014704563077389667, 0.0015564109510662525, 0.02533451973562618, 0.011488445394503655, 0.006104791333142752, 0.005789343201988462, 0.02147905551016737, 0.0039094167861278, 0.003583887532998047, 0.03974253653189705, 0.008245597975611271, 0.006118873899186387, 0.00759697439553884, 0.015586861775129655, 0.0028765586057401355, 0.012973699584686816, 0.010367693821068093, 0.0013820150858642516, 0.001230865142260408, 0.010389820478347246, 0.006943240015367684, 0.012203429825923987, 0.012053082311049314, 0.0034828902811077306, 0.005252243444263216]}, {'overall_acc': 0.8446655610834716, 'bal_acc': 0.7288723414374935, 'avg_odds_diff': 0.047488692640792245, 'disp_imp': 0.373837066207236, 'stat_par_diff': 0.12115194590282986, 'eq_opp_diff': 0.06475397868301946, 'theil_ind': 0.1450907694670828, 'TPR': 0.4994419642857143, 'TNR': 0.9583027185892726, 'FPR': 0.041697281410727406, 'FNR': 0.5005580357142857, 'GTPR': 1.0, 'GTNR': 1.0, 'GFPR': 0.0, 'GFNR': 0.0, 'PPV': 0.7976827094474154, 'NPV': 0.8532875368007851, 'FDR': 0.20231729055258468, 'FOR': 0.1467124631992149, 'ACC': 0.8446655610834716, 'MCC': 0.5458737664789679, 'f1_score': 0.6142759094028827, 'fitness': 0.7799115824004521, 'solution': {'corr_type': 'spearman', 'l2': 0.0001, 'dropout': 0.10654247897839138, 'privileged_demotion': 0.3628804179362051, 'privileged_promotion': 0.17412127564310548, 'protected_demotion': 0.29240984614639354, 'protected_promotion': 0.15067883929375936}, 'corr': [0.09828764660355016, 0.0037829536157896484, 1.0, 0.06568957983154713, 0.045735590935061264, 0.26731817947931164, 0.004617564141625225, 0.04330931141985968, 0.06526588547848303, 0.08548623527523289, 0.10721786657313076, 0.03350770548110993, 0.002224676040859242, 0.0023503150020039287, 0.011822758851466062, 0.005641415011067604, 0.010887869791813241, 0.01533990889014207, 0.021238054981893427, 0.016339016094891707, 0.025828702234757313, 0.006730319731932148, 0.021311569678597483, 0.03482473925560466, 0.011861679758057516, 0.004759427268267704, 0.007929308998787788, 0.04924973842579414, 0.050375823761234895, 0.23330787134776784, 0.01653650082543306, 0.441934694571611, 0.04541921229341878, 0.1859279833449354, 0.10592609849942339, 0.17820532345178983, 0.27963684097389896, 0.013567937016635726, 0.23146304132386536, 0.032868165863172934, 0.10112813951389585, 0.09644084264631325, 0.032835228330950865, 0.16621452821138746, 0.09720802730801704, 0.03378280845189595, 0.06156975649976553, 0.02249008850362281, 0.025658459353215705, 0.13157442102715577, 0.5850494472351552, 0.17744064790373001, 0.04323143196271417, 0.1088913291055742, 0.3214277268439588, 0.31542278309713945, 0.016505181587421452, 0.00022358945733737614, 0.10988062662944316, 0.01098322601616171, 0.09991661817240377, 0.009368725759436968, 0.00030966229021844286, 0.005751447179251478, 0.00876544407104285, 0.003148598239755335, 0.016522829345888283, 0.002506984497564473, 0.003877771925495147, 0.0011956245628818106, 0.005184760729579929, 0.010775143991041779, 0.012590086319126224, 0.0021266583543747344, 0.0026267817993744086, 0.0, 0.011169751297482291, 0.0014704563077389667, 0.0015564109510662525, 0.02533451973562618, 0.011488445394503655, 0.006104791333142752, 0.005789343201988462, 0.02147905551016737, 0.0039094167861278, 0.003583887532998047, 0.03974253653189705, 0.008245597975611271, 0.006118873899186387, 0.00759697439553884, 0.015586861775129655, 0.0028765586057401355, 0.012973699584686816, 0.010367693821068093, 0.0013820150858642516, 0.001230865142260408, 0.010389820478347246, 0.006943240015367684, 0.012203429825923987, 0.012053082311049314, 0.0034828902811077306, 0.005252243444263216]}, {'overall_acc': 0.8315367606412383, 'bal_acc': 0.6836482825128583, 'avg_odds_diff': 0.04624389088866987, 'disp_imp': 0.5862624434389141, 'stat_par_diff': 0.05442813433813112, 'eq_opp_diff': 0.08953131844064827, 'theil_ind': 0.17120790482278286, 'TPR': 0.390625, 'TNR': 0.9766715650257164, 'FPR': 0.023328434974283614, 'FNR': 0.609375, 'GTPR': 1.0, 'GTNR': 1.0, 'GFPR': 0.0, 'GFNR': 0.0, 'PPV': 0.8464328899637243, 'NPV': 0.8296146044624746, 'FDR': 0.15356711003627568, 'FOR': 0.17038539553752535, 'ACC': 0.8315367606412383, 'MCC': 0.49830705643908463, 'f1_score': 0.5345551737304315, 'fitness': 0.74200544220059, 'solution': {'corr_type': 'spearman', 'l2': 0.001, 'dropout': 0.10332389647625062, 'privileged_demotion': 0.5876928383676665, 'privileged_promotion': 0.17707147794216116, 'protected_demotion': 0.31192421436318435, 'protected_promotion': 0.14551511751255342}, 'corr': [0.09828764660355016, 0.0037829536157896484, 1.0, 0.06568957983154713, 0.045735590935061264, 0.26731817947931164, 0.004617564141625225, 0.04330931141985968, 0.06526588547848303, 0.08548623527523289, 0.10721786657313076, 0.03350770548110993, 0.002224676040859242, 0.0023503150020039287, 0.011822758851466062, 0.005641415011067604, 0.010887869791813241, 0.01533990889014207, 0.021238054981893427, 0.016339016094891707, 0.025828702234757313, 0.006730319731932148, 0.021311569678597483, 0.03482473925560466, 0.011861679758057516, 0.004759427268267704, 0.007929308998787788, 0.04924973842579414, 0.050375823761234895, 0.23330787134776784, 0.01653650082543306, 0.441934694571611, 0.04541921229341878, 0.1859279833449354, 0.10592609849942339, 0.17820532345178983, 0.27963684097389896, 0.013567937016635726, 0.23146304132386536, 0.032868165863172934, 0.10112813951389585, 0.09644084264631325, 0.032835228330950865, 0.16621452821138746, 0.09720802730801704, 0.03378280845189595, 0.06156975649976553, 0.02249008850362281, 0.025658459353215705, 0.13157442102715577, 0.5850494472351552, 0.17744064790373001, 0.04323143196271417, 0.1088913291055742, 0.3214277268439588, 0.31542278309713945, 0.016505181587421452, 0.00022358945733737614, 0.10988062662944316, 0.01098322601616171, 0.09991661817240377, 0.009368725759436968, 0.00030966229021844286, 0.005751447179251478, 0.00876544407104285, 0.003148598239755335, 0.016522829345888283, 0.002506984497564473, 0.003877771925495147, 0.0011956245628818106, 0.005184760729579929, 0.010775143991041779, 0.012590086319126224, 0.0021266583543747344, 0.0026267817993744086, 0.0, 0.011169751297482291, 0.0014704563077389667, 0.0015564109510662525, 0.02533451973562618, 0.011488445394503655, 0.006104791333142752, 0.005789343201988462, 0.02147905551016737, 0.0039094167861278, 0.003583887532998047, 0.03974253653189705, 0.008245597975611271, 0.006118873899186387, 0.00759697439553884, 0.015586861775129655, 0.0028765586057401355, 0.012973699584686816, 0.010367693821068093, 0.0013820150858642516, 0.001230865142260408, 0.010389820478347246, 0.006943240015367684, 0.012203429825923987, 0.012053082311049314, 0.0034828902811077306, 0.005252243444263216]}, {'overall_acc': 0.8348535102266446, 'bal_acc': 0.6944625308334208, 'avg_odds_diff': 0.04771816261534445, 'disp_imp': 0.33657090743274054, 'stat_par_diff': 0.10392514018357799, 'eq_opp_diff': 0.07151408964812378, 'theil_ind': 0.1649327839298462, 'TPR': 0.41629464285714285, 'TNR': 0.9726304188096988, 'FPR': 0.027369581190301247, 'FNR': 0.5837053571428571, 'GTPR': 1.0, 'GTNR': 1.0, 'GFPR': 0.0, 'GFNR': 0.0, 'PPV': 0.8335195530726257, 'NPV': 0.8350417915155338, 'FDR': 0.1664804469273743, 'FOR': 0.16495820848446618, 'ACC': 0.8348535102266446, 'MCC': 0.5099218196665215, 'f1_score': 0.5552660960178638, 'fitness': 0.7633394205785208, 'solution': {'corr_type': 'spearman', 'l2': 0.0001, 'dropout': 0.1434948082198758, 'privileged_demotion': 0.43431527095174627, 'privileged_promotion': 0.15471815666908412, 'protected_demotion': 0.3838870388837882, 'protected_promotion': 0.14036139538874803}, 'corr': [0.09828764660355016, 0.0037829536157896484, 1.0, 0.06568957983154713, 0.045735590935061264, 0.26731817947931164, 0.004617564141625225, 0.04330931141985968, 0.06526588547848303, 0.08548623527523289, 0.10721786657313076, 0.03350770548110993, 0.002224676040859242, 0.0023503150020039287, 0.011822758851466062, 0.005641415011067604, 0.010887869791813241, 0.01533990889014207, 0.021238054981893427, 0.016339016094891707, 0.025828702234757313, 0.006730319731932148, 0.021311569678597483, 0.03482473925560466, 0.011861679758057516, 0.004759427268267704, 0.007929308998787788, 0.04924973842579414, 0.050375823761234895, 0.23330787134776784, 0.01653650082543306, 0.441934694571611, 0.04541921229341878, 0.1859279833449354, 0.10592609849942339, 0.17820532345178983, 0.27963684097389896, 0.013567937016635726, 0.23146304132386536, 0.032868165863172934, 0.10112813951389585, 0.09644084264631325, 0.032835228330950865, 0.16621452821138746, 0.09720802730801704, 0.03378280845189595, 0.06156975649976553, 0.02249008850362281, 0.025658459353215705, 0.13157442102715577, 0.5850494472351552, 0.17744064790373001, 0.04323143196271417, 0.1088913291055742, 0.3214277268439588, 0.31542278309713945, 0.016505181587421452, 0.00022358945733737614, 0.10988062662944316, 0.01098322601616171, 0.09991661817240377, 0.009368725759436968, 0.00030966229021844286, 0.005751447179251478, 0.00876544407104285, 0.003148598239755335, 0.016522829345888283, 0.002506984497564473, 0.003877771925495147, 0.0011956245628818106, 0.005184760729579929, 0.010775143991041779, 0.012590086319126224, 0.0021266583543747344, 0.0026267817993744086, 0.0, 0.011169751297482291, 0.0014704563077389667, 0.0015564109510662525, 0.02533451973562618, 0.011488445394503655, 0.006104791333142752, 0.005789343201988462, 0.02147905551016737, 0.0039094167861278, 0.003583887532998047, 0.03974253653189705, 0.008245597975611271, 0.006118873899186387, 0.00759697439553884, 0.015586861775129655, 0.0028765586057401355, 0.012973699584686816, 0.010367693821068093, 0.0013820150858642516, 0.001230865142260408, 0.010389820478347246, 0.006943240015367684, 0.012203429825923987, 0.012053082311049314, 0.0034828902811077306, 0.005252243444263216]}, {'overall_acc': 0.8423161967938088, 'bal_acc': 0.7196368708670096, 'avg_odds_diff': 0.05842536318725843, 'disp_imp': 0.34229876160990713, 'stat_par_diff': 0.12139719275688417, 'eq_opp_diff': 0.08578381272205188, 'theil_ind': 0.1504009358380723, 'TPR': 0.4765625, 'TNR': 0.9627112417340191, 'FPR': 0.037288758265980895, 'FNR': 0.5234375, 'GTPR': 1.0, 'GTNR': 1.0, 'GFPR': 0.0, 'GFNR': 0.0, 'PPV': 0.8079470198675497, 'NPV': 0.8481955008901116, 'FDR': 0.19205298013245034, 'FOR': 0.15180449910988833, 'ACC': 0.8423161967938088, 'MCC': 0.5368670042049607, 'f1_score': 0.5995085995085995, 'fitness': 0.7565323840717568, 'solution': {'corr_type': 'spearman', 'l2': 0.0001, 'dropout': 0.1413655228972126, 'privileged_demotion': 0.357690565848907, 'privileged_promotion': 0.1674537200782153, 'protected_demotion': 0.3229619596918114, 'protected_promotion': 0.14866515165863067}, 'corr': [0.09828764660355016, 0.0037829536157896484, 1.0, 0.06568957983154713, 0.045735590935061264, 0.26731817947931164, 0.004617564141625225, 0.04330931141985968, 0.06526588547848303, 0.08548623527523289, 0.10721786657313076, 0.03350770548110993, 0.002224676040859242, 0.0023503150020039287, 0.011822758851466062, 0.005641415011067604, 0.010887869791813241, 0.01533990889014207, 0.021238054981893427, 0.016339016094891707, 0.025828702234757313, 0.006730319731932148, 0.021311569678597483, 0.03482473925560466, 0.011861679758057516, 0.004759427268267704, 0.007929308998787788, 0.04924973842579414, 0.050375823761234895, 0.23330787134776784, 0.01653650082543306, 0.441934694571611, 0.04541921229341878, 0.1859279833449354, 0.10592609849942339, 0.17820532345178983, 0.27963684097389896, 0.013567937016635726, 0.23146304132386536, 0.032868165863172934, 0.10112813951389585, 0.09644084264631325, 0.032835228330950865, 0.16621452821138746, 0.09720802730801704, 0.03378280845189595, 0.06156975649976553, 0.02249008850362281, 0.025658459353215705, 0.13157442102715577, 0.5850494472351552, 0.17744064790373001, 0.04323143196271417, 0.1088913291055742, 0.3214277268439588, 0.31542278309713945, 0.016505181587421452, 0.00022358945733737614, 0.10988062662944316, 0.01098322601616171, 0.09991661817240377, 0.009368725759436968, 0.00030966229021844286, 0.005751447179251478, 0.00876544407104285, 0.003148598239755335, 0.016522829345888283, 0.002506984497564473, 0.003877771925495147, 0.0011956245628818106, 0.005184760729579929, 0.010775143991041779, 0.012590086319126224, 0.0021266583543747344, 0.0026267817993744086, 0.0, 0.011169751297482291, 0.0014704563077389667, 0.0015564109510662525, 0.02533451973562618, 0.011488445394503655, 0.006104791333142752, 0.005789343201988462, 0.02147905551016737, 0.0039094167861278, 0.003583887532998047, 0.03974253653189705, 0.008245597975611271, 0.006118873899186387, 0.00759697439553884, 0.015586861775129655, 0.0028765586057401355, 0.012973699584686816, 0.010367693821068093, 0.0013820150858642516, 0.001230865142260408, 0.010389820478347246, 0.006943240015367684, 0.012203429825923987, 0.012053082311049314, 0.0034828902811077306, 0.005252243444263216]}, {'overall_acc': 0.8403814262023217, 'bal_acc': 0.7099282384932297, 'avg_odds_diff': 0.026927762651603418, 'disp_imp': 0.47396839332748025, 'stat_par_diff': 0.0855959141397907, 'eq_opp_diff': 0.03971869372657805, 'theil_ind': 0.15598363015450786, 'TPR': 0.45145089285714285, 'TNR': 0.9684055841293167, 'FPR': 0.03159441587068332, 'FNR': 0.5485491071428571, 'GTPR': 1.0, 'GTNR': 1.0, 'GFPR': 0.0, 'GFNR': 0.0, 'PPV': 0.8246687054026504, 'NPV': 0.842845723421263, 'FDR': 0.17533129459734964, 'FOR': 0.157154276578737, 'ACC': 0.8403814262023217, 'MCC': 0.5293961242997884, 'f1_score': 0.5834835917778578, 'fitness': 0.8006627324757436, 'solution': {'corr_type': 'spearman', 'l2': 0.001, 'dropout': 0.05486257443753784, 'privileged_demotion': 0.5128050083719553, 'privileged_promotion': 0.24973330917520847, 'protected_demotion': 0.15858802316297888, 'protected_promotion': 0.04862221214213236}, 'corr': [0.09828764660355016, 0.0037829536157896484, 1.0, 0.06568957983154713, 0.045735590935061264, 0.26731817947931164, 0.004617564141625225, 0.04330931141985968, 0.06526588547848303, 0.08548623527523289, 0.10721786657313076, 0.03350770548110993, 0.002224676040859242, 0.0023503150020039287, 0.011822758851466062, 0.005641415011067604, 0.010887869791813241, 0.01533990889014207, 0.021238054981893427, 0.016339016094891707, 0.025828702234757313, 0.006730319731932148, 0.021311569678597483, 0.03482473925560466, 0.011861679758057516, 0.004759427268267704, 0.007929308998787788, 0.04924973842579414, 0.050375823761234895, 0.23330787134776784, 0.01653650082543306, 0.441934694571611, 0.04541921229341878, 0.1859279833449354, 0.10592609849942339, 0.17820532345178983, 0.27963684097389896, 0.013567937016635726, 0.23146304132386536, 0.032868165863172934, 0.10112813951389585, 0.09644084264631325, 0.032835228330950865, 0.16621452821138746, 0.09720802730801704, 0.03378280845189595, 0.06156975649976553, 0.02249008850362281, 0.025658459353215705, 0.13157442102715577, 0.5850494472351552, 0.17744064790373001, 0.04323143196271417, 0.1088913291055742, 0.3214277268439588, 0.31542278309713945, 0.016505181587421452, 0.00022358945733737614, 0.10988062662944316, 0.01098322601616171, 0.09991661817240377, 0.009368725759436968, 0.00030966229021844286, 0.005751447179251478, 0.00876544407104285, 0.003148598239755335, 0.016522829345888283, 0.002506984497564473, 0.003877771925495147, 0.0011956245628818106, 0.005184760729579929, 0.010775143991041779, 0.012590086319126224, 0.0021266583543747344, 0.0026267817993744086, 0.0, 0.011169751297482291, 0.0014704563077389667, 0.0015564109510662525, 0.02533451973562618, 0.011488445394503655, 0.006104791333142752, 0.005789343201988462, 0.02147905551016737, 0.0039094167861278, 0.003583887532998047, 0.03974253653189705, 0.008245597975611271, 0.006118873899186387, 0.00759697439553884, 0.015586861775129655, 0.0028765586057401355, 0.012973699584686816, 0.010367693821068093, 0.0013820150858642516, 0.001230865142260408, 0.010389820478347246, 0.006943240015367684, 0.012203429825923987, 0.012053082311049314, 0.0034828902811077306, 0.005252243444263216]}, {'overall_acc': 0.8475677169707021, 'bal_acc': 0.7381008416867849, 'avg_odds_diff': 0.11025743051457997, 'disp_imp': 0.27143097926849824, 'stat_par_diff': 0.15438408514589808, 'eq_opp_diff': 0.17323210201002576, 'theil_ind': 0.13980234431804758, 'TPR': 0.5212053571428571, 'TNR': 0.9549963262307127, 'FPR': 0.04500367376928729, 'FNR': 0.47879464285714285, 'GTPR': 1.0, 'GTNR': 1.0, 'GFPR': 0.0, 'GFNR': 0.0, 'PPV': 0.7921967769296013, 'NPV': 0.858345715700842, 'FDR': 0.20780322307039864, 'FOR': 0.141654284299158, 'ACC': 0.8475677169707021, 'MCC': 0.5565873068051905, 'f1_score': 0.6287445304611241, 'fitness': 0.6743356149606763, 'solution': {'corr_type': 'spearman', 'l2': 0.001, 'dropout': 0.05207209218606776, 'privileged_demotion': 0.4465372530833881, 'privileged_promotion': 0.27867480944364786, 'protected_demotion': 0.36542418113079495, 'protected_promotion': 0.05320152906156539}, 'corr': [0.09828764660355016, 0.0037829536157896484, 1.0, 0.06568957983154713, 0.045735590935061264, 0.26731817947931164, 0.004617564141625225, 0.04330931141985968, 0.06526588547848303, 0.08548623527523289, 0.10721786657313076, 0.03350770548110993, 0.002224676040859242, 0.0023503150020039287, 0.011822758851466062, 0.005641415011067604, 0.010887869791813241, 0.01533990889014207, 0.021238054981893427, 0.016339016094891707, 0.025828702234757313, 0.006730319731932148, 0.021311569678597483, 0.03482473925560466, 0.011861679758057516, 0.004759427268267704, 0.007929308998787788, 0.04924973842579414, 0.050375823761234895, 0.23330787134776784, 0.01653650082543306, 0.441934694571611, 0.04541921229341878, 0.1859279833449354, 0.10592609849942339, 0.17820532345178983, 0.27963684097389896, 0.013567937016635726, 0.23146304132386536, 0.032868165863172934, 0.10112813951389585, 0.09644084264631325, 0.032835228330950865, 0.16621452821138746, 0.09720802730801704, 0.03378280845189595, 0.06156975649976553, 0.02249008850362281, 0.025658459353215705, 0.13157442102715577, 0.5850494472351552, 0.17744064790373001, 0.04323143196271417, 0.1088913291055742, 0.3214277268439588, 0.31542278309713945, 0.016505181587421452, 0.00022358945733737614, 0.10988062662944316, 0.01098322601616171, 0.09991661817240377, 0.009368725759436968, 0.00030966229021844286, 0.005751447179251478, 0.00876544407104285, 0.003148598239755335, 0.016522829345888283, 0.002506984497564473, 0.003877771925495147, 0.0011956245628818106, 0.005184760729579929, 0.010775143991041779, 0.012590086319126224, 0.0021266583543747344, 0.0026267817993744086, 0.0, 0.011169751297482291, 0.0014704563077389667, 0.0015564109510662525, 0.02533451973562618, 0.011488445394503655, 0.006104791333142752, 0.005789343201988462, 0.02147905551016737, 0.0039094167861278, 0.003583887532998047, 0.03974253653189705, 0.008245597975611271, 0.006118873899186387, 0.00759697439553884, 0.015586861775129655, 0.0028765586057401355, 0.012973699584686816, 0.010367693821068093, 0.0013820150858642516, 0.001230865142260408, 0.010389820478347246, 0.006943240015367684, 0.012203429825923987, 0.012053082311049314, 0.0034828902811077306, 0.005252243444263216]}, {'overall_acc': 0.8388612493090105, 'bal_acc': 0.7180894595622966, 'avg_odds_diff': 0.02816571099432188, 'disp_imp': 0.41738290058630245, 'stat_par_diff': 0.10765622581758871, 'eq_opp_diff': 0.031722392563391266, 'theil_ind': 0.15127182732322655, 'TPR': 0.47879464285714285, 'TNR': 0.9573842762674504, 'FPR': 0.0426157237325496, 'FNR': 0.5212053571428571, 'GTPR': 1.0, 'GTNR': 1.0, 'GFPR': 0.0, 'GFNR': 0.0, 'PPV': 0.7871559633027523, 'NPV': 0.8480312398307842, 'FDR': 0.21284403669724772, 'FOR': 0.15196876016921576, 'ACC': 0.8388612493090105, 'MCC': 0.5263603971658196, 'f1_score': 0.5954198473282443, 'fitness': 0.8071388567456192, 'solution': {'corr_type': 'spearman', 'l2': 0.001, 'dropout': 0.08975918232939817, 'privileged_demotion': 0.49663719444727566, 'privileged_promotion': 0.2912127316089208, 'protected_demotion': 0.1506137958273278, 'protected_promotion': 0.04512296431659013}, 'corr': [0.09828764660355016, 0.0037829536157896484, 1.0, 0.06568957983154713, 0.045735590935061264, 0.26731817947931164, 0.004617564141625225, 0.04330931141985968, 0.06526588547848303, 0.08548623527523289, 0.10721786657313076, 0.03350770548110993, 0.002224676040859242, 0.0023503150020039287, 0.011822758851466062, 0.005641415011067604, 0.010887869791813241, 0.01533990889014207, 0.021238054981893427, 0.016339016094891707, 0.025828702234757313, 0.006730319731932148, 0.021311569678597483, 0.03482473925560466, 0.011861679758057516, 0.004759427268267704, 0.007929308998787788, 0.04924973842579414, 0.050375823761234895, 0.23330787134776784, 0.01653650082543306, 0.441934694571611, 0.04541921229341878, 0.1859279833449354, 0.10592609849942339, 0.17820532345178983, 0.27963684097389896, 0.013567937016635726, 0.23146304132386536, 0.032868165863172934, 0.10112813951389585, 0.09644084264631325, 0.032835228330950865, 0.16621452821138746, 0.09720802730801704, 0.03378280845189595, 0.06156975649976553, 0.02249008850362281, 0.025658459353215705, 0.13157442102715577, 0.5850494472351552, 0.17744064790373001, 0.04323143196271417, 0.1088913291055742, 0.3214277268439588, 0.31542278309713945, 0.016505181587421452, 0.00022358945733737614, 0.10988062662944316, 0.01098322601616171, 0.09991661817240377, 0.009368725759436968, 0.00030966229021844286, 0.005751447179251478, 0.00876544407104285, 0.003148598239755335, 0.016522829345888283, 0.002506984497564473, 0.003877771925495147, 0.0011956245628818106, 0.005184760729579929, 0.010775143991041779, 0.012590086319126224, 0.0021266583543747344, 0.0026267817993744086, 0.0, 0.011169751297482291, 0.0014704563077389667, 0.0015564109510662525, 0.02533451973562618, 0.011488445394503655, 0.006104791333142752, 0.005789343201988462, 0.02147905551016737, 0.0039094167861278, 0.003583887532998047, 0.03974253653189705, 0.008245597975611271, 0.006118873899186387, 0.00759697439553884, 0.015586861775129655, 0.0028765586057401355, 0.012973699584686816, 0.010367693821068093, 0.0013820150858642516, 0.001230865142260408, 0.010389820478347246, 0.006943240015367684, 0.012203429825923987, 0.012053082311049314, 0.0034828902811077306, 0.005252243444263216]}, {'overall_acc': 0.8453565505804311, 'bal_acc': 0.7291443889734439, 'avg_odds_diff': 0.03319258411147709, 'disp_imp': 0.508399634798487, 'stat_par_diff': 0.08974368132195198, 'eq_opp_diff': 0.05364286757190828, 'theil_ind': 0.1449404401959123, 'TPR': 0.49888392857142855, 'TNR': 0.9594048493754592, 'FPR': 0.04059515062454078, 'FNR': 0.5011160714285714, 'GTPR': 1.0, 'GTNR': 1.0, 'GFPR': 0.0, 'GFNR': 0.0, 'PPV': 0.8017937219730942, 'NPV': 0.8532919457604966, 'FDR': 0.19820627802690582, 'FOR': 0.14670805423950334, 'ACC': 0.8453565505804311, 'MCC': 0.5479219014751538, 'f1_score': 0.6150670794633643, 'fitness': 0.7917136830085229, 'solution': {'corr_type': 'spearman', 'l2': 0.001, 'dropout': 0.04821475378252078, 'privileged_demotion': 0.4571064283095358, 'privileged_promotion': 0.17736224914500112, 'protected_demotion': 0.16587401639841437, 'protected_promotion': 0.14978363435833014}, 'corr': [0.09828764660355016, 0.0037829536157896484, 1.0, 0.06568957983154713, 0.045735590935061264, 0.26731817947931164, 0.004617564141625225, 0.04330931141985968, 0.06526588547848303, 0.08548623527523289, 0.10721786657313076, 0.03350770548110993, 0.002224676040859242, 0.0023503150020039287, 0.011822758851466062, 0.005641415011067604, 0.010887869791813241, 0.01533990889014207, 0.021238054981893427, 0.016339016094891707, 0.025828702234757313, 0.006730319731932148, 0.021311569678597483, 0.03482473925560466, 0.011861679758057516, 0.004759427268267704, 0.007929308998787788, 0.04924973842579414, 0.050375823761234895, 0.23330787134776784, 0.01653650082543306, 0.441934694571611, 0.04541921229341878, 0.1859279833449354, 0.10592609849942339, 0.17820532345178983, 0.27963684097389896, 0.013567937016635726, 0.23146304132386536, 0.032868165863172934, 0.10112813951389585, 0.09644084264631325, 0.032835228330950865, 0.16621452821138746, 0.09720802730801704, 0.03378280845189595, 0.06156975649976553, 0.02249008850362281, 0.025658459353215705, 0.13157442102715577, 0.5850494472351552, 0.17744064790373001, 0.04323143196271417, 0.1088913291055742, 0.3214277268439588, 0.31542278309713945, 0.016505181587421452, 0.00022358945733737614, 0.10988062662944316, 0.01098322601616171, 0.09991661817240377, 0.009368725759436968, 0.00030966229021844286, 0.005751447179251478, 0.00876544407104285, 0.003148598239755335, 0.016522829345888283, 0.002506984497564473, 0.003877771925495147, 0.0011956245628818106, 0.005184760729579929, 0.010775143991041779, 0.012590086319126224, 0.0021266583543747344, 0.0026267817993744086, 0.0, 0.011169751297482291, 0.0014704563077389667, 0.0015564109510662525, 0.02533451973562618, 0.011488445394503655, 0.006104791333142752, 0.005789343201988462, 0.02147905551016737, 0.0039094167861278, 0.003583887532998047, 0.03974253653189705, 0.008245597975611271, 0.006118873899186387, 0.00759697439553884, 0.015586861775129655, 0.0028765586057401355, 0.012973699584686816, 0.010367693821068093, 0.0013820150858642516, 0.001230865142260408, 0.010389820478347246, 0.006943240015367684, 0.012203429825923987, 0.012053082311049314, 0.0034828902811077306, 0.005252243444263216]}, {'overall_acc': 0.849640685461581, 'bal_acc': 0.7454680611682587, 'avg_odds_diff': 0.07889839856620273, 'disp_imp': 0.3295111847555924, 'stat_par_diff': 0.14451944712311154, 'eq_opp_diff': 0.11576385847082293, 'theil_ind': 0.1355867206141047, 'TPR': 0.5390625, 'TNR': 0.9518736223365173, 'FPR': 0.04812637766348273, 'FNR': 0.4609375, 'GTPR': 1.0, 'GTNR': 1.0, 'GFPR': 0.0, 'GFNR': 0.0, 'PPV': 0.7866449511400652, 'NPV': 0.8625166444740346, 'FDR': 0.21335504885993486, 'FOR': 0.13748335552596538, 'ACC': 0.849640685461581, 'MCC': 0.5645324406272614, 'f1_score': 0.6397350993377483, 'fitness': 0.7338768269907581, 'solution': {'corr_type': 'spearman', 'l2': 0.001, 'dropout': 0.05057161022367795, 'privileged_demotion': 0.44055578427943726, 'privileged_promotion': 0.27690552706050703, 'protected_demotion': 0.33765820439848826, 'protected_promotion': 0.11879460494072239}, 'corr': [0.09828764660355016, 0.0037829536157896484, 1.0, 0.06568957983154713, 0.045735590935061264, 0.26731817947931164, 0.004617564141625225, 0.04330931141985968, 0.06526588547848303, 0.08548623527523289, 0.10721786657313076, 0.03350770548110993, 0.002224676040859242, 0.0023503150020039287, 0.011822758851466062, 0.005641415011067604, 0.010887869791813241, 0.01533990889014207, 0.021238054981893427, 0.016339016094891707, 0.025828702234757313, 0.006730319731932148, 0.021311569678597483, 0.03482473925560466, 0.011861679758057516, 0.004759427268267704, 0.007929308998787788, 0.04924973842579414, 0.050375823761234895, 0.23330787134776784, 0.01653650082543306, 0.441934694571611, 0.04541921229341878, 0.1859279833449354, 0.10592609849942339, 0.17820532345178983, 0.27963684097389896, 0.013567937016635726, 0.23146304132386536, 0.032868165863172934, 0.10112813951389585, 0.09644084264631325, 0.032835228330950865, 0.16621452821138746, 0.09720802730801704, 0.03378280845189595, 0.06156975649976553, 0.02249008850362281, 0.025658459353215705, 0.13157442102715577, 0.5850494472351552, 0.17744064790373001, 0.04323143196271417, 0.1088913291055742, 0.3214277268439588, 0.31542278309713945, 0.016505181587421452, 0.00022358945733737614, 0.10988062662944316, 0.01098322601616171, 0.09991661817240377, 0.009368725759436968, 0.00030966229021844286, 0.005751447179251478, 0.00876544407104285, 0.003148598239755335, 0.016522829345888283, 0.002506984497564473, 0.003877771925495147, 0.0011956245628818106, 0.005184760729579929, 0.010775143991041779, 0.012590086319126224, 0.0021266583543747344, 0.0026267817993744086, 0.0, 0.011169751297482291, 0.0014704563077389667, 0.0015564109510662525, 0.02533451973562618, 0.011488445394503655, 0.006104791333142752, 0.005789343201988462, 0.02147905551016737, 0.0039094167861278, 0.003583887532998047, 0.03974253653189705, 0.008245597975611271, 0.006118873899186387, 0.00759697439553884, 0.015586861775129655, 0.0028765586057401355, 0.012973699584686816, 0.010367693821068093, 0.0013820150858642516, 0.001230865142260408, 0.010389820478347246, 0.006943240015367684, 0.012203429825923987, 0.012053082311049314, 0.0034828902811077306, 0.005252243444263216]}, {'overall_acc': 0.8416252072968491, 'bal_acc': 0.7174930870814527, 'avg_odds_diff': 0.011705603760168083, 'disp_imp': 0.4276220706422639, 'stat_par_diff': 0.10089884162529612, 'eq_opp_diff': 0.001377330023847767, 'theil_ind': 0.15163468503911967, 'TPR': 0.47154017857142855, 'TNR': 0.9634459955914768, 'FPR': 0.03655400440852315, 'FNR': 0.5284598214285714, 'GTPR': 1.0, 'GTNR': 1.0, 'GFPR': 0.0, 'GFNR': 0.0, 'PPV': 0.8093869731800766, 'NPV': 0.8470607235142119, 'FDR': 0.19061302681992337, 'FOR': 0.15293927648578812, 'ACC': 0.8416252072968491, 'MCC': 0.5343647369756914, 'f1_score': 0.5959097320169252, 'fitness': 0.8402478772730013, 'solution': {'corr_type': 'spearman', 'l2': 0.001, 'dropout': 0.045269213525472494, 'privileged_demotion': 0.49832043859693964, 'privileged_promotion': 0.23439254096958928, 'protected_demotion': 0.2352951679223897, 'protected_promotion': 0.11185238352441841}, 'corr': [0.09828764660355016, 0.0037829536157896484, 1.0, 0.06568957983154713, 0.045735590935061264, 0.26731817947931164, 0.004617564141625225, 0.04330931141985968, 0.06526588547848303, 0.08548623527523289, 0.10721786657313076, 0.03350770548110993, 0.002224676040859242, 0.0023503150020039287, 0.011822758851466062, 0.005641415011067604, 0.010887869791813241, 0.01533990889014207, 0.021238054981893427, 0.016339016094891707, 0.025828702234757313, 0.006730319731932148, 0.021311569678597483, 0.03482473925560466, 0.011861679758057516, 0.004759427268267704, 0.007929308998787788, 0.04924973842579414, 0.050375823761234895, 0.23330787134776784, 0.01653650082543306, 0.441934694571611, 0.04541921229341878, 0.1859279833449354, 0.10592609849942339, 0.17820532345178983, 0.27963684097389896, 0.013567937016635726, 0.23146304132386536, 0.032868165863172934, 0.10112813951389585, 0.09644084264631325, 0.032835228330950865, 0.16621452821138746, 0.09720802730801704, 0.03378280845189595, 0.06156975649976553, 0.02249008850362281, 0.025658459353215705, 0.13157442102715577, 0.5850494472351552, 0.17744064790373001, 0.04323143196271417, 0.1088913291055742, 0.3214277268439588, 0.31542278309713945, 0.016505181587421452, 0.00022358945733737614, 0.10988062662944316, 0.01098322601616171, 0.09991661817240377, 0.009368725759436968, 0.00030966229021844286, 0.005751447179251478, 0.00876544407104285, 0.003148598239755335, 0.016522829345888283, 0.002506984497564473, 0.003877771925495147, 0.0011956245628818106, 0.005184760729579929, 0.010775143991041779, 0.012590086319126224, 0.0021266583543747344, 0.0026267817993744086, 0.0, 0.011169751297482291, 0.0014704563077389667, 0.0015564109510662525, 0.02533451973562618, 0.011488445394503655, 0.006104791333142752, 0.005789343201988462, 0.02147905551016737, 0.0039094167861278, 0.003583887532998047, 0.03974253653189705, 0.008245597975611271, 0.006118873899186387, 0.00759697439553884, 0.015586861775129655, 0.0028765586057401355, 0.012973699584686816, 0.010367693821068093, 0.0013820150858642516, 0.001230865142260408, 0.010389820478347246, 0.006943240015367684, 0.012203429825923987, 0.012053082311049314, 0.0034828902811077306, 0.005252243444263216]}, {'overall_acc': 0.8401050304035379, 'bal_acc': 0.7162956269024877, 'avg_odds_diff': 0.01154748552315959, 'disp_imp': 0.44688343227199134, 'stat_par_diff': 0.09761539102586998, 'eq_opp_diff': 0.003640434126636505, 'theil_ind': 0.15232331368207003, 'TPR': 0.47098214285714285, 'TNR': 0.9616091109478325, 'FPR': 0.038390889052167525, 'FNR': 0.5290178571428571, 'GTPR': 1.0, 'GTNR': 1.0, 'GFPR': 0.0, 'GFNR': 0.0, 'PPV': 0.8015194681861348, 'NPV': 0.8466763706938379, 'FDR': 0.19848053181386516, 'FOR': 0.15332362930616206, 'ACC': 0.8401050304035379, 'MCC': 0.5295317277106776, 'f1_score': 0.5933216168717047, 'fitness': 0.8364645962769014, 'solution': {'corr_type': 'spearman', 'l2': 0.001, 'dropout': 0.04253114961253772, 'privileged_demotion': 0.49955010023261187, 'privileged_promotion': 0.28534706873712407, 'protected_demotion': 0.14055874364075885, 'protected_promotion': 0.0439246841279007}, 'corr': [0.09828764660355016, 0.0037829536157896484, 1.0, 0.06568957983154713, 0.045735590935061264, 0.26731817947931164, 0.004617564141625225, 0.04330931141985968, 0.06526588547848303, 0.08548623527523289, 0.10721786657313076, 0.03350770548110993, 0.002224676040859242, 0.0023503150020039287, 0.011822758851466062, 0.005641415011067604, 0.010887869791813241, 0.01533990889014207, 0.021238054981893427, 0.016339016094891707, 0.025828702234757313, 0.006730319731932148, 0.021311569678597483, 0.03482473925560466, 0.011861679758057516, 0.004759427268267704, 0.007929308998787788, 0.04924973842579414, 0.050375823761234895, 0.23330787134776784, 0.01653650082543306, 0.441934694571611, 0.04541921229341878, 0.1859279833449354, 0.10592609849942339, 0.17820532345178983, 0.27963684097389896, 0.013567937016635726, 0.23146304132386536, 0.032868165863172934, 0.10112813951389585, 0.09644084264631325, 0.032835228330950865, 0.16621452821138746, 0.09720802730801704, 0.03378280845189595, 0.06156975649976553, 0.02249008850362281, 0.025658459353215705, 0.13157442102715577, 0.5850494472351552, 0.17744064790373001, 0.04323143196271417, 0.1088913291055742, 0.3214277268439588, 0.31542278309713945, 0.016505181587421452, 0.00022358945733737614, 0.10988062662944316, 0.01098322601616171, 0.09991661817240377, 0.009368725759436968, 0.00030966229021844286, 0.005751447179251478, 0.00876544407104285, 0.003148598239755335, 0.016522829345888283, 0.002506984497564473, 0.003877771925495147, 0.0011956245628818106, 0.005184760729579929, 0.010775143991041779, 0.012590086319126224, 0.0021266583543747344, 0.0026267817993744086, 0.0, 0.011169751297482291, 0.0014704563077389667, 0.0015564109510662525, 0.02533451973562618, 0.011488445394503655, 0.006104791333142752, 0.005789343201988462, 0.02147905551016737, 0.0039094167861278, 0.003583887532998047, 0.03974253653189705, 0.008245597975611271, 0.006118873899186387, 0.00759697439553884, 0.015586861775129655, 0.0028765586057401355, 0.012973699584686816, 0.010367693821068093, 0.0013820150858642516, 0.001230865142260408, 0.010389820478347246, 0.006943240015367684, 0.012203429825923987, 0.012053082311049314, 0.0034828902811077306, 0.005252243444263216]}, {'overall_acc': 0.841901603095633, 'bal_acc': 0.718238296420699, 'avg_odds_diff': 0.027968834192384346, 'disp_imp': 0.5015086505190312, 'stat_par_diff': 0.08575544364679691, 'eq_opp_diff': 0.04461965250401517, 'theil_ind': 0.15120569240688653, 'TPR': 0.4732142857142857, 'TNR': 0.9632623071271125, 'FPR': 0.036737692872887584, 'FNR': 0.5267857142857143, 'GTPR': 1.0, 'GTNR': 1.0, 'GFPR': 0.0, 'GFNR': 0.0, 'PPV': 0.8091603053435115, 'NPV': 0.8474466709760827, 'FDR': 0.19083969465648856, 'FOR': 0.15255332902391727, 'ACC': 0.841901603095633, 'MCC': 0.5353443525992116, 'f1_score': 0.5971830985915493, 'fitness': 0.7972819505916178, 'solution': {'corr_type': 'spearman', 'l2': 0.001, 'dropout': 0.037884576578907925, 'privileged_demotion': 0.5514056993349117, 'privileged_promotion': 0.2879143975626153, 'protected_demotion': 0.15159912486573746, 'protected_promotion': 0.04926151365262824}, 'corr': [0.09828764660355016, 0.0037829536157896484, 1.0, 0.06568957983154713, 0.045735590935061264, 0.26731817947931164, 0.004617564141625225, 0.04330931141985968, 0.06526588547848303, 0.08548623527523289, 0.10721786657313076, 0.03350770548110993, 0.002224676040859242, 0.0023503150020039287, 0.011822758851466062, 0.005641415011067604, 0.010887869791813241, 0.01533990889014207, 0.021238054981893427, 0.016339016094891707, 0.025828702234757313, 0.006730319731932148, 0.021311569678597483, 0.03482473925560466, 0.011861679758057516, 0.004759427268267704, 0.007929308998787788, 0.04924973842579414, 0.050375823761234895, 0.23330787134776784, 0.01653650082543306, 0.441934694571611, 0.04541921229341878, 0.1859279833449354, 0.10592609849942339, 0.17820532345178983, 0.27963684097389896, 0.013567937016635726, 0.23146304132386536, 0.032868165863172934, 0.10112813951389585, 0.09644084264631325, 0.032835228330950865, 0.16621452821138746, 0.09720802730801704, 0.03378280845189595, 0.06156975649976553, 0.02249008850362281, 0.025658459353215705, 0.13157442102715577, 0.5850494472351552, 0.17744064790373001, 0.04323143196271417, 0.1088913291055742, 0.3214277268439588, 0.31542278309713945, 0.016505181587421452, 0.00022358945733737614, 0.10988062662944316, 0.01098322601616171, 0.09991661817240377, 0.009368725759436968, 0.00030966229021844286, 0.005751447179251478, 0.00876544407104285, 0.003148598239755335, 0.016522829345888283, 0.002506984497564473, 0.003877771925495147, 0.0011956245628818106, 0.005184760729579929, 0.010775143991041779, 0.012590086319126224, 0.0021266583543747344, 0.0026267817993744086, 0.0, 0.011169751297482291, 0.0014704563077389667, 0.0015564109510662525, 0.02533451973562618, 0.011488445394503655, 0.006104791333142752, 0.005789343201988462, 0.02147905551016737, 0.0039094167861278, 0.003583887532998047, 0.03974253653189705, 0.008245597975611271, 0.006118873899186387, 0.00759697439553884, 0.015586861775129655, 0.0028765586057401355, 0.012973699584686816, 0.010367693821068093, 0.0013820150858642516, 0.001230865142260408, 0.010389820478347246, 0.006943240015367684, 0.012203429825923987, 0.012053082311049314, 0.0034828902811077306, 0.005252243444263216]}, {'overall_acc': 0.845632946379215, 'bal_acc': 0.7298895983126903, 'avg_odds_diff': 0.019449642650803817, 'disp_imp': 0.4685399731165589, 'stat_par_diff': 0.09884876840839554, 'eq_opp_diff': 0.021146639412079615, 'theil_ind': 0.14451353707401152, 'TPR': 0.5005580357142857, 'TNR': 0.9592211609110948, 'FPR': 0.040778839088905214, 'FNR': 0.4994419642857143, 'GTPR': 1.0, 'GTNR': 1.0, 'GFPR': 0.0, 'GFNR': 0.0, 'PPV': 0.8016085790884718, 'NPV': 0.8536864476050351, 'FDR': 0.19839142091152814, 'FOR': 0.14631355239496485, 'ACC': 0.845632946379215, 'MCC': 0.5488998277698289, 'f1_score': 0.6162830642390931, 'fitness': 0.8244863069671354, 'solution': {'corr_type': 'spearman', 'l2': 0.001, 'dropout': 0.02174331202720811, 'privileged_demotion': 0.507678681149403, 'privileged_promotion': 0.29593421968755695, 'protected_demotion': 0.151327964747345, 'protected_promotion': 0.043035880333435333}, 'corr': [0.09828764660355016, 0.0037829536157896484, 1.0, 0.06568957983154713, 0.045735590935061264, 0.26731817947931164, 0.004617564141625225, 0.04330931141985968, 0.06526588547848303, 0.08548623527523289, 0.10721786657313076, 0.03350770548110993, 0.002224676040859242, 0.0023503150020039287, 0.011822758851466062, 0.005641415011067604, 0.010887869791813241, 0.01533990889014207, 0.021238054981893427, 0.016339016094891707, 0.025828702234757313, 0.006730319731932148, 0.021311569678597483, 0.03482473925560466, 0.011861679758057516, 0.004759427268267704, 0.007929308998787788, 0.04924973842579414, 0.050375823761234895, 0.23330787134776784, 0.01653650082543306, 0.441934694571611, 0.04541921229341878, 0.1859279833449354, 0.10592609849942339, 0.17820532345178983, 0.27963684097389896, 0.013567937016635726, 0.23146304132386536, 0.032868165863172934, 0.10112813951389585, 0.09644084264631325, 0.032835228330950865, 0.16621452821138746, 0.09720802730801704, 0.03378280845189595, 0.06156975649976553, 0.02249008850362281, 0.025658459353215705, 0.13157442102715577, 0.5850494472351552, 0.17744064790373001, 0.04323143196271417, 0.1088913291055742, 0.3214277268439588, 0.31542278309713945, 0.016505181587421452, 0.00022358945733737614, 0.10988062662944316, 0.01098322601616171, 0.09991661817240377, 0.009368725759436968, 0.00030966229021844286, 0.005751447179251478, 0.00876544407104285, 0.003148598239755335, 0.016522829345888283, 0.002506984497564473, 0.003877771925495147, 0.0011956245628818106, 0.005184760729579929, 0.010775143991041779, 0.012590086319126224, 0.0021266583543747344, 0.0026267817993744086, 0.0, 0.011169751297482291, 0.0014704563077389667, 0.0015564109510662525, 0.02533451973562618, 0.011488445394503655, 0.006104791333142752, 0.005789343201988462, 0.02147905551016737, 0.0039094167861278, 0.003583887532998047, 0.03974253653189705, 0.008245597975611271, 0.006118873899186387, 0.00759697439553884, 0.015586861775129655, 0.0028765586057401355, 0.012973699584686816, 0.010367693821068093, 0.0013820150858642516, 0.001230865142260408, 0.010389820478347246, 0.006943240015367684, 0.012203429825923987, 0.012053082311049314, 0.0034828902811077306, 0.005252243444263216]}, {'overall_acc': 0.8467385295743505, 'bal_acc': 0.7399830334181798, 'avg_odds_diff': 0.027018851369324116, 'disp_imp': 0.4208117995470646, 'stat_par_diff': 0.11874471707322881, 'eq_opp_diff': 0.02478707353871612, 'theil_ind': 0.1386936110031265, 'TPR': 0.5284598214285714, 'TNR': 0.9515062454077884, 'FPR': 0.048493754592211606, 'FNR': 0.47154017857142855, 'GTPR': 1.0, 'GTNR': 1.0, 'GFPR': 0.0, 'GFNR': 0.0, 'PPV': 0.781998348472337, 'NPV': 0.8597510373443984, 'FDR': 0.2180016515276631, 'FOR': 0.14024896265560166, 'ACC': 0.8467385295743505, 'MCC': 0.5549936293374078, 'f1_score': 0.6307026307026307, 'fitness': 0.8219514560356344, 'solution': {'corr_type': 'spearman', 'l2': 0.001, 'dropout': 0.021662458385174464, 'privileged_demotion': 0.49637894898151325, 'privileged_promotion': 0.31140245880672734, 'protected_demotion': 0.15974767412697782, 'protected_promotion': 0.049644851906183673}, 'corr': [0.09828764660355016, 0.0037829536157896484, 1.0, 0.06568957983154713, 0.045735590935061264, 0.26731817947931164, 0.004617564141625225, 0.04330931141985968, 0.06526588547848303, 0.08548623527523289, 0.10721786657313076, 0.03350770548110993, 0.002224676040859242, 0.0023503150020039287, 0.011822758851466062, 0.005641415011067604, 0.010887869791813241, 0.01533990889014207, 0.021238054981893427, 0.016339016094891707, 0.025828702234757313, 0.006730319731932148, 0.021311569678597483, 0.03482473925560466, 0.011861679758057516, 0.004759427268267704, 0.007929308998787788, 0.04924973842579414, 0.050375823761234895, 0.23330787134776784, 0.01653650082543306, 0.441934694571611, 0.04541921229341878, 0.1859279833449354, 0.10592609849942339, 0.17820532345178983, 0.27963684097389896, 0.013567937016635726, 0.23146304132386536, 0.032868165863172934, 0.10112813951389585, 0.09644084264631325, 0.032835228330950865, 0.16621452821138746, 0.09720802730801704, 0.03378280845189595, 0.06156975649976553, 0.02249008850362281, 0.025658459353215705, 0.13157442102715577, 0.5850494472351552, 0.17744064790373001, 0.04323143196271417, 0.1088913291055742, 0.3214277268439588, 0.31542278309713945, 0.016505181587421452, 0.00022358945733737614, 0.10988062662944316, 0.01098322601616171, 0.09991661817240377, 0.009368725759436968, 0.00030966229021844286, 0.005751447179251478, 0.00876544407104285, 0.003148598239755335, 0.016522829345888283, 0.002506984497564473, 0.003877771925495147, 0.0011956245628818106, 0.005184760729579929, 0.010775143991041779, 0.012590086319126224, 0.0021266583543747344, 0.0026267817993744086, 0.0, 0.011169751297482291, 0.0014704563077389667, 0.0015564109510662525, 0.02533451973562618, 0.011488445394503655, 0.006104791333142752, 0.005789343201988462, 0.02147905551016737, 0.0039094167861278, 0.003583887532998047, 0.03974253653189705, 0.008245597975611271, 0.006118873899186387, 0.00759697439553884, 0.015586861775129655, 0.0028765586057401355, 0.012973699584686816, 0.010367693821068093, 0.0013820150858642516, 0.001230865142260408, 0.010389820478347246, 0.006943240015367684, 0.012203429825923987, 0.012053082311049314, 0.0034828902811077306, 0.005252243444263216]}, {'overall_acc': 0.845632946379215, 'bal_acc': 0.7347561125616668, 'avg_odds_diff': 0.07262579985604686, 'disp_imp': 0.33089539263981455, 'stat_par_diff': 0.13745014702906055, 'eq_opp_diff': 0.10495449457341699, 'theil_ind': 0.14170171048884064, 'TPR': 0.5150669642857143, 'TNR': 0.9544452608376194, 'FPR': 0.045554739162380606, 'FNR': 0.4849330357142857, 'GTPR': 1.0, 'GTNR': 1.0, 'GFPR': 0.0, 'GFNR': 0.0, 'PPV': 0.7882152006831767, 'NPV': 0.8567188788128607, 'FDR': 0.21178479931682323, 'FOR': 0.14328112118713932, 'ACC': 0.845632946379215, 'MCC': 0.5502766892410158, 'f1_score': 0.6230172122848464, 'fitness': 0.740678451805798, 'solution': {'corr_type': 'spearman', 'l2': 0.001, 'dropout': 0.013642281630336324, 'privileged_demotion': 0.49643411938458604, 'privileged_promotion': 0.3581744374002186, 'protected_demotion': 0.24011343639640165, 'protected_promotion': 0.03819812516558388}, 'corr': [0.09828764660355016, 0.0037829536157896484, 1.0, 0.06568957983154713, 0.045735590935061264, 0.26731817947931164, 0.004617564141625225, 0.04330931141985968, 0.06526588547848303, 0.08548623527523289, 0.10721786657313076, 0.03350770548110993, 0.002224676040859242, 0.0023503150020039287, 0.011822758851466062, 0.005641415011067604, 0.010887869791813241, 0.01533990889014207, 0.021238054981893427, 0.016339016094891707, 0.025828702234757313, 0.006730319731932148, 0.021311569678597483, 0.03482473925560466, 0.011861679758057516, 0.004759427268267704, 0.007929308998787788, 0.04924973842579414, 0.050375823761234895, 0.23330787134776784, 0.01653650082543306, 0.441934694571611, 0.04541921229341878, 0.1859279833449354, 0.10592609849942339, 0.17820532345178983, 0.27963684097389896, 0.013567937016635726, 0.23146304132386536, 0.032868165863172934, 0.10112813951389585, 0.09644084264631325, 0.032835228330950865, 0.16621452821138746, 0.09720802730801704, 0.03378280845189595, 0.06156975649976553, 0.02249008850362281, 0.025658459353215705, 0.13157442102715577, 0.5850494472351552, 0.17744064790373001, 0.04323143196271417, 0.1088913291055742, 0.3214277268439588, 0.31542278309713945, 0.016505181587421452, 0.00022358945733737614, 0.10988062662944316, 0.01098322601616171, 0.09991661817240377, 0.009368725759436968, 0.00030966229021844286, 0.005751447179251478, 0.00876544407104285, 0.003148598239755335, 0.016522829345888283, 0.002506984497564473, 0.003877771925495147, 0.0011956245628818106, 0.005184760729579929, 0.010775143991041779, 0.012590086319126224, 0.0021266583543747344, 0.0026267817993744086, 0.0, 0.011169751297482291, 0.0014704563077389667, 0.0015564109510662525, 0.02533451973562618, 0.011488445394503655, 0.006104791333142752, 0.005789343201988462, 0.02147905551016737, 0.0039094167861278, 0.003583887532998047, 0.03974253653189705, 0.008245597975611271, 0.006118873899186387, 0.00759697439553884, 0.015586861775129655, 0.0028765586057401355, 0.012973699584686816, 0.010367693821068093, 0.0013820150858642516, 0.001230865142260408, 0.010389820478347246, 0.006943240015367684, 0.012203429825923987, 0.012053082311049314, 0.0034828902811077306, 0.005252243444263216]}, {'overall_acc': 0.8449419568822554, 'bal_acc': 0.732050807901228, 'avg_odds_diff': 0.0700548854482625, 'disp_imp': 0.3447307623955927, 'stat_par_diff': 0.13169041751491126, 'eq_opp_diff': 0.10579159974692165, 'theil_ind': 0.1432566093229452, 'TPR': 0.5083705357142857, 'TNR': 0.9557310800881704, 'FPR': 0.04426891991182954, 'FNR': 0.4916294642857143, 'GTPR': 1.0, 'GTNR': 1.0, 'GFPR': 0.0, 'GFNR': 0.0, 'PPV': 0.7907986111111112, 'NPV': 0.8551939513477975, 'FDR': 0.2092013888888889, 'FOR': 0.1448060486522025, 'ACC': 0.8449419568822554, 'MCC': 0.5475456072634942, 'f1_score': 0.6188858695652174, 'fitness': 0.7391503571353337, 'solution': {'corr_type': 'spearman', 'l2': 0.001, 'dropout': 0.08755486388371994, 'privileged_demotion': 0.5035382147056587, 'privileged_promotion': 0.32103056520761386, 'protected_demotion': 0.24587580712599486, 'protected_promotion': 0.040648151483491435}, 'corr': [0.09828764660355016, 0.0037829536157896484, 1.0, 0.06568957983154713, 0.045735590935061264, 0.26731817947931164, 0.004617564141625225, 0.04330931141985968, 0.06526588547848303, 0.08548623527523289, 0.10721786657313076, 0.03350770548110993, 0.002224676040859242, 0.0023503150020039287, 0.011822758851466062, 0.005641415011067604, 0.010887869791813241, 0.01533990889014207, 0.021238054981893427, 0.016339016094891707, 0.025828702234757313, 0.006730319731932148, 0.021311569678597483, 0.03482473925560466, 0.011861679758057516, 0.004759427268267704, 0.007929308998787788, 0.04924973842579414, 0.050375823761234895, 0.23330787134776784, 0.01653650082543306, 0.441934694571611, 0.04541921229341878, 0.1859279833449354, 0.10592609849942339, 0.17820532345178983, 0.27963684097389896, 0.013567937016635726, 0.23146304132386536, 0.032868165863172934, 0.10112813951389585, 0.09644084264631325, 0.032835228330950865, 0.16621452821138746, 0.09720802730801704, 0.03378280845189595, 0.06156975649976553, 0.02249008850362281, 0.025658459353215705, 0.13157442102715577, 0.5850494472351552, 0.17744064790373001, 0.04323143196271417, 0.1088913291055742, 0.3214277268439588, 0.31542278309713945, 0.016505181587421452, 0.00022358945733737614, 0.10988062662944316, 0.01098322601616171, 0.09991661817240377, 0.009368725759436968, 0.00030966229021844286, 0.005751447179251478, 0.00876544407104285, 0.003148598239755335, 0.016522829345888283, 0.002506984497564473, 0.003877771925495147, 0.0011956245628818106, 0.005184760729579929, 0.010775143991041779, 0.012590086319126224, 0.0021266583543747344, 0.0026267817993744086, 0.0, 0.011169751297482291, 0.0014704563077389667, 0.0015564109510662525, 0.02533451973562618, 0.011488445394503655, 0.006104791333142752, 0.005789343201988462, 0.02147905551016737, 0.0039094167861278, 0.003583887532998047, 0.03974253653189705, 0.008245597975611271, 0.006118873899186387, 0.00759697439553884, 0.015586861775129655, 0.0028765586057401355, 0.012973699584686816, 0.010367693821068093, 0.0013820150858642516, 0.001230865142260408, 0.010389820478347246, 0.006943240015367684, 0.012203429825923987, 0.012053082311049314, 0.0034828902811077306, 0.005252243444263216]}, {'overall_acc': 0.8490878938640133, 'bal_acc': 0.7480954622389, 'avg_odds_diff': 0.05955703903427947, 'disp_imp': 0.36446645263100613, 'stat_par_diff': 0.13904306106170458, 'eq_opp_diff': 0.07830826884703362, 'theil_ind': 0.13404664573007813, 'TPR': 0.5479910714285714, 'TNR': 0.9481998530492285, 'FPR': 0.051800146950771495, 'FNR': 0.45200892857142855, 'GTPR': 1.0, 'GTNR': 1.0, 'GFPR': 0.0, 'GFNR': 0.0, 'PPV': 0.7768987341772152, 'NPV': 0.8643670462156732, 'FDR': 0.2231012658227848, 'FOR': 0.13563295378432685, 'ACC': 0.8490878938640133, 'MCC': 0.5640835580028237, 'f1_score': 0.6426701570680627, 'fitness': 0.7707796250169796, 'solution': {'corr_type': 'spearman', 'l2': 0.001, 'dropout': 0.028651939060984167, 'privileged_demotion': 0.5105273565083392, 'privileged_promotion': 0.37030750327692963, 'protected_demotion': 0.2424578199377004, 'protected_promotion': 0.04013694782984127}, 'corr': [0.09828764660355016, 0.0037829536157896484, 1.0, 0.06568957983154713, 0.045735590935061264, 0.26731817947931164, 0.004617564141625225, 0.04330931141985968, 0.06526588547848303, 0.08548623527523289, 0.10721786657313076, 0.03350770548110993, 0.002224676040859242, 0.0023503150020039287, 0.011822758851466062, 0.005641415011067604, 0.010887869791813241, 0.01533990889014207, 0.021238054981893427, 0.016339016094891707, 0.025828702234757313, 0.006730319731932148, 0.021311569678597483, 0.03482473925560466, 0.011861679758057516, 0.004759427268267704, 0.007929308998787788, 0.04924973842579414, 0.050375823761234895, 0.23330787134776784, 0.01653650082543306, 0.441934694571611, 0.04541921229341878, 0.1859279833449354, 0.10592609849942339, 0.17820532345178983, 0.27963684097389896, 0.013567937016635726, 0.23146304132386536, 0.032868165863172934, 0.10112813951389585, 0.09644084264631325, 0.032835228330950865, 0.16621452821138746, 0.09720802730801704, 0.03378280845189595, 0.06156975649976553, 0.02249008850362281, 0.025658459353215705, 0.13157442102715577, 0.5850494472351552, 0.17744064790373001, 0.04323143196271417, 0.1088913291055742, 0.3214277268439588, 0.31542278309713945, 0.016505181587421452, 0.00022358945733737614, 0.10988062662944316, 0.01098322601616171, 0.09991661817240377, 0.009368725759436968, 0.00030966229021844286, 0.005751447179251478, 0.00876544407104285, 0.003148598239755335, 0.016522829345888283, 0.002506984497564473, 0.003877771925495147, 0.0011956245628818106, 0.005184760729579929, 0.010775143991041779, 0.012590086319126224, 0.0021266583543747344, 0.0026267817993744086, 0.0, 0.011169751297482291, 0.0014704563077389667, 0.0015564109510662525, 0.02533451973562618, 0.011488445394503655, 0.006104791333142752, 0.005789343201988462, 0.02147905551016737, 0.0039094167861278, 0.003583887532998047, 0.03974253653189705, 0.008245597975611271, 0.006118873899186387, 0.00759697439553884, 0.015586861775129655, 0.0028765586057401355, 0.012973699584686816, 0.010367693821068093, 0.0013820150858642516, 0.001230865142260408, 0.010389820478347246, 0.006943240015367684, 0.012203429825923987, 0.012053082311049314, 0.0034828902811077306, 0.005252243444263216]}, {'overall_acc': 0.8481205085682698, 'bal_acc': 0.7423988647396872, 'avg_odds_diff': 0.027084225044999726, 'disp_imp': 0.47243899563833547, 'stat_par_diff': 0.10655856756788934, 'eq_opp_diff': 0.03100695965347733, 'theil_ind': 0.1373266610534269, 'TPR': 0.5329241071428571, 'TNR': 0.9518736223365173, 'FPR': 0.04812637766348273, 'FNR': 0.46707589285714285, 'GTPR': 1.0, 'GTNR': 1.0, 'GFPR': 0.0, 'GFNR': 0.0, 'PPV': 0.7847165160230074, 'NPV': 0.8609403555407875, 'FDR': 0.2152834839769926, 'FOR': 0.13905964445921248, 'ACC': 0.8481205085682698, 'MCC': 0.5594756342834636, 'f1_score': 0.6347623795280823, 'fitness': 0.8171135489147925, 'solution': {'corr_type': 'spearman', 'l2': 0.001, 'dropout': 0.024157687212199127, 'privileged_demotion': 0.5007640677879568, 'privileged_promotion': 0.2901357445503862, 'protected_demotion': 0.15175630130260506, 'protected_promotion': 0.054023874535173794}, 'corr': [0.09828764660355016, 0.0037829536157896484, 1.0, 0.06568957983154713, 0.045735590935061264, 0.26731817947931164, 0.004617564141625225, 0.04330931141985968, 0.06526588547848303, 0.08548623527523289, 0.10721786657313076, 0.03350770548110993, 0.002224676040859242, 0.0023503150020039287, 0.011822758851466062, 0.005641415011067604, 0.010887869791813241, 0.01533990889014207, 0.021238054981893427, 0.016339016094891707, 0.025828702234757313, 0.006730319731932148, 0.021311569678597483, 0.03482473925560466, 0.011861679758057516, 0.004759427268267704, 0.007929308998787788, 0.04924973842579414, 0.050375823761234895, 0.23330787134776784, 0.01653650082543306, 0.441934694571611, 0.04541921229341878, 0.1859279833449354, 0.10592609849942339, 0.17820532345178983, 0.27963684097389896, 0.013567937016635726, 0.23146304132386536, 0.032868165863172934, 0.10112813951389585, 0.09644084264631325, 0.032835228330950865, 0.16621452821138746, 0.09720802730801704, 0.03378280845189595, 0.06156975649976553, 0.02249008850362281, 0.025658459353215705, 0.13157442102715577, 0.5850494472351552, 0.17744064790373001, 0.04323143196271417, 0.1088913291055742, 0.3214277268439588, 0.31542278309713945, 0.016505181587421452, 0.00022358945733737614, 0.10988062662944316, 0.01098322601616171, 0.09991661817240377, 0.009368725759436968, 0.00030966229021844286, 0.005751447179251478, 0.00876544407104285, 0.003148598239755335, 0.016522829345888283, 0.002506984497564473, 0.003877771925495147, 0.0011956245628818106, 0.005184760729579929, 0.010775143991041779, 0.012590086319126224, 0.0021266583543747344, 0.0026267817993744086, 0.0, 0.011169751297482291, 0.0014704563077389667, 0.0015564109510662525, 0.02533451973562618, 0.011488445394503655, 0.006104791333142752, 0.005789343201988462, 0.02147905551016737, 0.0039094167861278, 0.003583887532998047, 0.03974253653189705, 0.008245597975611271, 0.006118873899186387, 0.00759697439553884, 0.015586861775129655, 0.0028765586057401355, 0.012973699584686816, 0.010367693821068093, 0.0013820150858642516, 0.001230865142260408, 0.010389820478347246, 0.006943240015367684, 0.012203429825923987, 0.012053082311049314, 0.0034828902811077306, 0.005252243444263216]}, {'overall_acc': 0.8432835820895522, 'bal_acc': 0.72757955186575, 'avg_odds_diff': 0.016874026191880588, 'disp_imp': 0.4142022136550181, 'stat_par_diff': 0.11215638653761442, 'eq_opp_diff': 0.0019710906701708164, 'theil_ind': 0.14582114868230805, 'TPR': 0.49832589285714285, 'TNR': 0.9568332108743571, 'FPR': 0.04316678912564291, 'FNR': 0.5016741071428571, 'GTPR': 1.0, 'GTNR': 1.0, 'GFPR': 0.0, 'GFNR': 0.0, 'PPV': 0.7916666666666666, 'NPV': 0.8528159790438768, 'FDR': 0.20833333333333334, 'FOR': 0.14718402095612312, 'ACC': 0.8432835820895522, 'MCC': 0.5416106935725299, 'f1_score': 0.6116438356164383, 'fitness': 0.8413124914193815, 'solution': {'corr_type': 'spearman', 'l2': 0.001, 'dropout': 0.01702130710416286, 'privileged_demotion': 0.5615243071020706, 'privileged_promotion': 0.3690332535664321, 'protected_demotion': 0.13875982460893138, 'protected_promotion': 0.08336178373978281}, 'corr': [0.09828764660355016, 0.0037829536157896484, 1.0, 0.06568957983154713, 0.045735590935061264, 0.26731817947931164, 0.004617564141625225, 0.04330931141985968, 0.06526588547848303, 0.08548623527523289, 0.10721786657313076, 0.03350770548110993, 0.002224676040859242, 0.0023503150020039287, 0.011822758851466062, 0.005641415011067604, 0.010887869791813241, 0.01533990889014207, 0.021238054981893427, 0.016339016094891707, 0.025828702234757313, 0.006730319731932148, 0.021311569678597483, 0.03482473925560466, 0.011861679758057516, 0.004759427268267704, 0.007929308998787788, 0.04924973842579414, 0.050375823761234895, 0.23330787134776784, 0.01653650082543306, 0.441934694571611, 0.04541921229341878, 0.1859279833449354, 0.10592609849942339, 0.17820532345178983, 0.27963684097389896, 0.013567937016635726, 0.23146304132386536, 0.032868165863172934, 0.10112813951389585, 0.09644084264631325, 0.032835228330950865, 0.16621452821138746, 0.09720802730801704, 0.03378280845189595, 0.06156975649976553, 0.02249008850362281, 0.025658459353215705, 0.13157442102715577, 0.5850494472351552, 0.17744064790373001, 0.04323143196271417, 0.1088913291055742, 0.3214277268439588, 0.31542278309713945, 0.016505181587421452, 0.00022358945733737614, 0.10988062662944316, 0.01098322601616171, 0.09991661817240377, 0.009368725759436968, 0.00030966229021844286, 0.005751447179251478, 0.00876544407104285, 0.003148598239755335, 0.016522829345888283, 0.002506984497564473, 0.003877771925495147, 0.0011956245628818106, 0.005184760729579929, 0.010775143991041779, 0.012590086319126224, 0.0021266583543747344, 0.0026267817993744086, 0.0, 0.011169751297482291, 0.0014704563077389667, 0.0015564109510662525, 0.02533451973562618, 0.011488445394503655, 0.006104791333142752, 0.005789343201988462, 0.02147905551016737, 0.0039094167861278, 0.003583887532998047, 0.03974253653189705, 0.008245597975611271, 0.006118873899186387, 0.00759697439553884, 0.015586861775129655, 0.0028765586057401355, 0.012973699584686816, 0.010367693821068093, 0.0013820150858642516, 0.001230865142260408, 0.010389820478347246, 0.006943240015367684, 0.012203429825923987, 0.012053082311049314, 0.0034828902811077306, 0.005252243444263216]}, {'overall_acc': 0.8409342177998894, 'bal_acc': 0.7215260329195969, 'avg_odds_diff': 0.035888052150974147, 'disp_imp': 0.5097154983752238, 'stat_par_diff': 0.0880150481564818, 'eq_opp_diff': 0.056986421375383234, 'theil_ind': 0.14930064803346163, 'TPR': 0.4849330357142857, 'TNR': 0.9581190301249082, 'FPR': 0.04188096987509184, 'FNR': 0.5150669642857143, 'GTPR': 1.0, 'GTNR': 1.0, 'GFPR': 0.0, 'GFNR': 0.0, 'PPV': 0.7921604375569735, 'NPV': 0.8496497800944779, 'FDR': 0.20783956244302643, 'FOR': 0.15035021990552208, 'ACC': 0.8409342177998894, 'MCC': 0.5332497940057531, 'f1_score': 0.6015922464520594, 'fitness': 0.7839477964245062, 'solution': {'corr_type': 'spearman', 'l2': 0.001, 'dropout': 0.022564970346971084, 'privileged_demotion': 0.5557537045675034, 'privileged_promotion': 0.3077175935042559, 'protected_demotion': 0.14429108247813394, 'protected_promotion': 0.08408169378309516}, 'corr': [0.09828764660355016, 0.0037829536157896484, 1.0, 0.06568957983154713, 0.045735590935061264, 0.26731817947931164, 0.004617564141625225, 0.04330931141985968, 0.06526588547848303, 0.08548623527523289, 0.10721786657313076, 0.03350770548110993, 0.002224676040859242, 0.0023503150020039287, 0.011822758851466062, 0.005641415011067604, 0.010887869791813241, 0.01533990889014207, 0.021238054981893427, 0.016339016094891707, 0.025828702234757313, 0.006730319731932148, 0.021311569678597483, 0.03482473925560466, 0.011861679758057516, 0.004759427268267704, 0.007929308998787788, 0.04924973842579414, 0.050375823761234895, 0.23330787134776784, 0.01653650082543306, 0.441934694571611, 0.04541921229341878, 0.1859279833449354, 0.10592609849942339, 0.17820532345178983, 0.27963684097389896, 0.013567937016635726, 0.23146304132386536, 0.032868165863172934, 0.10112813951389585, 0.09644084264631325, 0.032835228330950865, 0.16621452821138746, 0.09720802730801704, 0.03378280845189595, 0.06156975649976553, 0.02249008850362281, 0.025658459353215705, 0.13157442102715577, 0.5850494472351552, 0.17744064790373001, 0.04323143196271417, 0.1088913291055742, 0.3214277268439588, 0.31542278309713945, 0.016505181587421452, 0.00022358945733737614, 0.10988062662944316, 0.01098322601616171, 0.09991661817240377, 0.009368725759436968, 0.00030966229021844286, 0.005751447179251478, 0.00876544407104285, 0.003148598239755335, 0.016522829345888283, 0.002506984497564473, 0.003877771925495147, 0.0011956245628818106, 0.005184760729579929, 0.010775143991041779, 0.012590086319126224, 0.0021266583543747344, 0.0026267817993744086, 0.0, 0.011169751297482291, 0.0014704563077389667, 0.0015564109510662525, 0.02533451973562618, 0.011488445394503655, 0.006104791333142752, 0.005789343201988462, 0.02147905551016737, 0.0039094167861278, 0.003583887532998047, 0.03974253653189705, 0.008245597975611271, 0.006118873899186387, 0.00759697439553884, 0.015586861775129655, 0.0028765586057401355, 0.012973699584686816, 0.010367693821068093, 0.0013820150858642516, 0.001230865142260408, 0.010389820478347246, 0.006943240015367684, 0.012203429825923987, 0.012053082311049314, 0.0034828902811077306, 0.005252243444263216]}, {'overall_acc': 0.4749861802100608, 'bal_acc': 0.5653582417077779, 'avg_odds_diff': 0.6655469785447186, 'disp_imp': 0.07629470392808287, 'stat_par_diff': 0.8440658594949819, 'eq_opp_diff': 0.3924368520951964, 'theil_ind': 0.12236787047803915, 'TPR': 0.7444196428571429, 'TNR': 0.38629684055841296, 'FPR': 0.613703159441587, 'FNR': 0.25558035714285715, 'GTPR': 1.0, 'GTNR': 1.0, 'GFPR': 0.0, 'GFNR': 0.0, 'PPV': 0.2853475935828877, 'NPV': 0.8211636079656385, 'FDR': 0.7146524064171123, 'FOR': 0.17883639203436158, 'ACC': 0.4749861802100608, 'MCC': 0.11799478679496328, 'f1_score': 0.4125560538116592, 'fitness': 0.08254932811486437, 'solution': {'corr_type': 'spearman', 'l2': 0.001, 'dropout': 0.012349196851841932, 'privileged_demotion': 0.7139113400732009, 'privileged_promotion': 0.3697083120010551, 'protected_demotion': 0.2525003778092857, 'protected_promotion': 0.0905846312545453}, 'corr': [0.09828764660355016, 0.0037829536157896484, 1.0, 0.06568957983154713, 0.045735590935061264, 0.26731817947931164, 0.004617564141625225, 0.04330931141985968, 0.06526588547848303, 0.08548623527523289, 0.10721786657313076, 0.03350770548110993, 0.002224676040859242, 0.0023503150020039287, 0.011822758851466062, 0.005641415011067604, 0.010887869791813241, 0.01533990889014207, 0.021238054981893427, 0.016339016094891707, 0.025828702234757313, 0.006730319731932148, 0.021311569678597483, 0.03482473925560466, 0.011861679758057516, 0.004759427268267704, 0.007929308998787788, 0.04924973842579414, 0.050375823761234895, 0.23330787134776784, 0.01653650082543306, 0.441934694571611, 0.04541921229341878, 0.1859279833449354, 0.10592609849942339, 0.17820532345178983, 0.27963684097389896, 0.013567937016635726, 0.23146304132386536, 0.032868165863172934, 0.10112813951389585, 0.09644084264631325, 0.032835228330950865, 0.16621452821138746, 0.09720802730801704, 0.03378280845189595, 0.06156975649976553, 0.02249008850362281, 0.025658459353215705, 0.13157442102715577, 0.5850494472351552, 0.17744064790373001, 0.04323143196271417, 0.1088913291055742, 0.3214277268439588, 0.31542278309713945, 0.016505181587421452, 0.00022358945733737614, 0.10988062662944316, 0.01098322601616171, 0.09991661817240377, 0.009368725759436968, 0.00030966229021844286, 0.005751447179251478, 0.00876544407104285, 0.003148598239755335, 0.016522829345888283, 0.002506984497564473, 0.003877771925495147, 0.0011956245628818106, 0.005184760729579929, 0.010775143991041779, 0.012590086319126224, 0.0021266583543747344, 0.0026267817993744086, 0.0, 0.011169751297482291, 0.0014704563077389667, 0.0015564109510662525, 0.02533451973562618, 0.011488445394503655, 0.006104791333142752, 0.005789343201988462, 0.02147905551016737, 0.0039094167861278, 0.003583887532998047, 0.03974253653189705, 0.008245597975611271, 0.006118873899186387, 0.00759697439553884, 0.015586861775129655, 0.0028765586057401355, 0.012973699584686816, 0.010367693821068093, 0.0013820150858642516, 0.001230865142260408, 0.010389820478347246, 0.006943240015367684, 0.012203429825923987, 0.012053082311049314, 0.0034828902811077306, 0.005252243444263216]}, {'overall_acc': 0.5205914870093975, 'bal_acc': 0.6484498005668101, 'avg_odds_diff': 0.6820767011985291, 'disp_imp': 0.09765257039783547, 'stat_par_diff': 0.8576044382537471, 'eq_opp_diff': 0.45997955905971677, 'theil_ind': 0.08273373297835881, 'TPR': 0.9017857142857143, 'TNR': 0.39511388684790594, 'FPR': 0.6048861131520941, 'FNR': 0.09821428571428571, 'GTPR': 1.0, 'GTNR': 1.0, 'GFPR': 0.0, 'GFNR': 0.0, 'PPV': 0.32919128132002445, 'NPV': 0.9243661366566395, 'FDR': 0.6708087186799756, 'FOR': 0.07563386334336054, 'ACC': 0.5205914870093975, 'MCC': 0.2743740079922698, 'f1_score': 0.48231607222802564, 'fitness': 0.06061192794968073, 'solution': {'corr_type': 'spearman', 'l2': 0.001, 'dropout': 0.014486576203288444, 'privileged_demotion': 0.5685842291003577, 'privileged_promotion': 0.44667161774108927, 'protected_demotion': 0.13468518864161094, 'protected_promotion': 0.10102478901816792}, 'corr': [0.09828764660355016, 0.0037829536157896484, 1.0, 0.06568957983154713, 0.045735590935061264, 0.26731817947931164, 0.004617564141625225, 0.04330931141985968, 0.06526588547848303, 0.08548623527523289, 0.10721786657313076, 0.03350770548110993, 0.002224676040859242, 0.0023503150020039287, 0.011822758851466062, 0.005641415011067604, 0.010887869791813241, 0.01533990889014207, 0.021238054981893427, 0.016339016094891707, 0.025828702234757313, 0.006730319731932148, 0.021311569678597483, 0.03482473925560466, 0.011861679758057516, 0.004759427268267704, 0.007929308998787788, 0.04924973842579414, 0.050375823761234895, 0.23330787134776784, 0.01653650082543306, 0.441934694571611, 0.04541921229341878, 0.1859279833449354, 0.10592609849942339, 0.17820532345178983, 0.27963684097389896, 0.013567937016635726, 0.23146304132386536, 0.032868165863172934, 0.10112813951389585, 0.09644084264631325, 0.032835228330950865, 0.16621452821138746, 0.09720802730801704, 0.03378280845189595, 0.06156975649976553, 0.02249008850362281, 0.025658459353215705, 0.13157442102715577, 0.5850494472351552, 0.17744064790373001, 0.04323143196271417, 0.1088913291055742, 0.3214277268439588, 0.31542278309713945, 0.016505181587421452, 0.00022358945733737614, 0.10988062662944316, 0.01098322601616171, 0.09991661817240377, 0.009368725759436968, 0.00030966229021844286, 0.005751447179251478, 0.00876544407104285, 0.003148598239755335, 0.016522829345888283, 0.002506984497564473, 0.003877771925495147, 0.0011956245628818106, 0.005184760729579929, 0.010775143991041779, 0.012590086319126224, 0.0021266583543747344, 0.0026267817993744086, 0.0, 0.011169751297482291, 0.0014704563077389667, 0.0015564109510662525, 0.02533451973562618, 0.011488445394503655, 0.006104791333142752, 0.005789343201988462, 0.02147905551016737, 0.0039094167861278, 0.003583887532998047, 0.03974253653189705, 0.008245597975611271, 0.006118873899186387, 0.00759697439553884, 0.015586861775129655, 0.0028765586057401355, 0.012973699584686816, 0.010367693821068093, 0.0013820150858642516, 0.001230865142260408, 0.010389820478347246, 0.006943240015367684, 0.012203429825923987, 0.012053082311049314, 0.0034828902811077306, 0.005252243444263216]}, {'overall_acc': 0.4842454394693201, 'bal_acc': 0.5570994361420174, 'avg_odds_diff': 0.5734408466322648, 'disp_imp': 0.09593311996468382, 'stat_par_diff': 0.7801945307570508, 'eq_opp_diff': 0.2589915802793596, 'theil_ind': 0.13450136651156713, 'TPR': 0.7014508928571429, 'TNR': 0.412747979426892, 'FPR': 0.587252020573108, 'FNR': 0.29854910714285715, 'GTPR': 1.0, 'GTNR': 1.0, 'GFPR': 0.0, 'GFNR': 0.0, 'PPV': 0.2822182308037719, 'NPV': 0.8076923076923077, 'FDR': 0.7177817691962282, 'FOR': 0.19230769230769232, 'ACC': 0.4842454394693201, 'MCC': 0.10132957170886786, 'f1_score': 0.40249759846301636, 'fitness': 0.2252538591899605, 'solution': {'corr_type': 'spearman', 'l2': 0.001, 'dropout': 0.01890023956066675, 'privileged_demotion': 0.5663837248519905, 'privileged_promotion': 0.45398467143508525, 'protected_demotion': 0.18739588586588474, 'protected_promotion': 0.10384702974883375}, 'corr': [0.09828764660355016, 0.0037829536157896484, 1.0, 0.06568957983154713, 0.045735590935061264, 0.26731817947931164, 0.004617564141625225, 0.04330931141985968, 0.06526588547848303, 0.08548623527523289, 0.10721786657313076, 0.03350770548110993, 0.002224676040859242, 0.0023503150020039287, 0.011822758851466062, 0.005641415011067604, 0.010887869791813241, 0.01533990889014207, 0.021238054981893427, 0.016339016094891707, 0.025828702234757313, 0.006730319731932148, 0.021311569678597483, 0.03482473925560466, 0.011861679758057516, 0.004759427268267704, 0.007929308998787788, 0.04924973842579414, 0.050375823761234895, 0.23330787134776784, 0.01653650082543306, 0.441934694571611, 0.04541921229341878, 0.1859279833449354, 0.10592609849942339, 0.17820532345178983, 0.27963684097389896, 0.013567937016635726, 0.23146304132386536, 0.032868165863172934, 0.10112813951389585, 0.09644084264631325, 0.032835228330950865, 0.16621452821138746, 0.09720802730801704, 0.03378280845189595, 0.06156975649976553, 0.02249008850362281, 0.025658459353215705, 0.13157442102715577, 0.5850494472351552, 0.17744064790373001, 0.04323143196271417, 0.1088913291055742, 0.3214277268439588, 0.31542278309713945, 0.016505181587421452, 0.00022358945733737614, 0.10988062662944316, 0.01098322601616171, 0.09991661817240377, 0.009368725759436968, 0.00030966229021844286, 0.005751447179251478, 0.00876544407104285, 0.003148598239755335, 0.016522829345888283, 0.002506984497564473, 0.003877771925495147, 0.0011956245628818106, 0.005184760729579929, 0.010775143991041779, 0.012590086319126224, 0.0021266583543747344, 0.0026267817993744086, 0.0, 0.011169751297482291, 0.0014704563077389667, 0.0015564109510662525, 0.02533451973562618, 0.011488445394503655, 0.006104791333142752, 0.005789343201988462, 0.02147905551016737, 0.0039094167861278, 0.003583887532998047, 0.03974253653189705, 0.008245597975611271, 0.006118873899186387, 0.00759697439553884, 0.015586861775129655, 0.0028765586057401355, 0.012973699584686816, 0.010367693821068093, 0.0013820150858642516, 0.001230865142260408, 0.010389820478347246, 0.006943240015367684, 0.012203429825923987, 0.012053082311049314, 0.0034828902811077306, 0.005252243444263216]}, {'overall_acc': 0.8348535102266446, 'bal_acc': 0.6946497044583815, 'avg_odds_diff': 0.012159190461820745, 'disp_imp': 0.4673956421103041, 'stat_par_diff': 0.0794433134516709, 'eq_opp_diff': 0.015043558670365498, 'theil_ind': 0.16482567281168206, 'TPR': 0.41685267857142855, 'TNR': 0.9724467303453344, 'FPR': 0.027553269654665688, 'FNR': 0.5831473214285714, 'GTPR': 1.0, 'GTNR': 1.0, 'GFPR': 0.0, 'GFNR': 0.0, 'PPV': 0.8327759197324415, 'NPV': 0.8351474996056161, 'FDR': 0.16722408026755853, 'FOR': 0.16485250039438398, 'ACC': 0.8348535102266446, 'MCC': 0.5099237122844641, 'f1_score': 0.555596876162142, 'fitness': 0.8198099515562791, 'solution': {'corr_type': 'spearman', 'l2': 0.001, 'dropout': 0.01781645749497754, 'privileged_demotion': 0.5536030277124729, 'privileged_promotion': 0.20383603834506242, 'protected_demotion': 0.1823511023786058, 'protected_promotion': 0.010622330688058568}, 'corr': [0.09828764660355016, 0.0037829536157896484, 1.0, 0.06568957983154713, 0.045735590935061264, 0.26731817947931164, 0.004617564141625225, 0.04330931141985968, 0.06526588547848303, 0.08548623527523289, 0.10721786657313076, 0.03350770548110993, 0.002224676040859242, 0.0023503150020039287, 0.011822758851466062, 0.005641415011067604, 0.010887869791813241, 0.01533990889014207, 0.021238054981893427, 0.016339016094891707, 0.025828702234757313, 0.006730319731932148, 0.021311569678597483, 0.03482473925560466, 0.011861679758057516, 0.004759427268267704, 0.007929308998787788, 0.04924973842579414, 0.050375823761234895, 0.23330787134776784, 0.01653650082543306, 0.441934694571611, 0.04541921229341878, 0.1859279833449354, 0.10592609849942339, 0.17820532345178983, 0.27963684097389896, 0.013567937016635726, 0.23146304132386536, 0.032868165863172934, 0.10112813951389585, 0.09644084264631325, 0.032835228330950865, 0.16621452821138746, 0.09720802730801704, 0.03378280845189595, 0.06156975649976553, 0.02249008850362281, 0.025658459353215705, 0.13157442102715577, 0.5850494472351552, 0.17744064790373001, 0.04323143196271417, 0.1088913291055742, 0.3214277268439588, 0.31542278309713945, 0.016505181587421452, 0.00022358945733737614, 0.10988062662944316, 0.01098322601616171, 0.09991661817240377, 0.009368725759436968, 0.00030966229021844286, 0.005751447179251478, 0.00876544407104285, 0.003148598239755335, 0.016522829345888283, 0.002506984497564473, 0.003877771925495147, 0.0011956245628818106, 0.005184760729579929, 0.010775143991041779, 0.012590086319126224, 0.0021266583543747344, 0.0026267817993744086, 0.0, 0.011169751297482291, 0.0014704563077389667, 0.0015564109510662525, 0.02533451973562618, 0.011488445394503655, 0.006104791333142752, 0.005789343201988462, 0.02147905551016737, 0.0039094167861278, 0.003583887532998047, 0.03974253653189705, 0.008245597975611271, 0.006118873899186387, 0.00759697439553884, 0.015586861775129655, 0.0028765586057401355, 0.012973699584686816, 0.010367693821068093, 0.0013820150858642516, 0.001230865142260408, 0.010389820478347246, 0.006943240015367684, 0.012203429825923987, 0.012053082311049314, 0.0034828902811077306, 0.005252243444263216]}, {'overall_acc': 0.5048369264787175, 'bal_acc': 0.6387282525978797, 'avg_odds_diff': 0.7412158772764273, 'disp_imp': 0.0789663155598114, 'stat_par_diff': 0.9046299272593069, 'eq_opp_diff': 0.5280186888596876, 'theil_ind': 0.08149954237209757, 'TPR': 0.9040178571428571, 'TNR': 0.3734386480529023, 'FPR': 0.6265613519470977, 'FNR': 0.09598214285714286, 'GTPR': 1.0, 'GTNR': 1.0, 'GFPR': 0.0, 'GFNR': 0.0, 'PPV': 0.3220035778175313, 'NPV': 0.9219954648526077, 'FDR': 0.6779964221824687, 'FOR': 0.07800453514739229, 'ACC': 0.5048369264787175, 'MCC': 0.26019054873374575, 'f1_score': 0.47486442913674337, 'fitness': -0.02318176238097014, 'solution': {'corr_type': 'spearman', 'l2': 0.001, 'dropout': 0.002988981941131813, 'privileged_demotion': 0.6433228887177973, 'privileged_promotion': 0.42500409461619837, 'protected_demotion': 0.18650414319623246, 'protected_promotion': 0.006391891107074249}, 'corr': [0.09828764660355016, 0.0037829536157896484, 1.0, 0.06568957983154713, 0.045735590935061264, 0.26731817947931164, 0.004617564141625225, 0.04330931141985968, 0.06526588547848303, 0.08548623527523289, 0.10721786657313076, 0.03350770548110993, 0.002224676040859242, 0.0023503150020039287, 0.011822758851466062, 0.005641415011067604, 0.010887869791813241, 0.01533990889014207, 0.021238054981893427, 0.016339016094891707, 0.025828702234757313, 0.006730319731932148, 0.021311569678597483, 0.03482473925560466, 0.011861679758057516, 0.004759427268267704, 0.007929308998787788, 0.04924973842579414, 0.050375823761234895, 0.23330787134776784, 0.01653650082543306, 0.441934694571611, 0.04541921229341878, 0.1859279833449354, 0.10592609849942339, 0.17820532345178983, 0.27963684097389896, 0.013567937016635726, 0.23146304132386536, 0.032868165863172934, 0.10112813951389585, 0.09644084264631325, 0.032835228330950865, 0.16621452821138746, 0.09720802730801704, 0.03378280845189595, 0.06156975649976553, 0.02249008850362281, 0.025658459353215705, 0.13157442102715577, 0.5850494472351552, 0.17744064790373001, 0.04323143196271417, 0.1088913291055742, 0.3214277268439588, 0.31542278309713945, 0.016505181587421452, 0.00022358945733737614, 0.10988062662944316, 0.01098322601616171, 0.09991661817240377, 0.009368725759436968, 0.00030966229021844286, 0.005751447179251478, 0.00876544407104285, 0.003148598239755335, 0.016522829345888283, 0.002506984497564473, 0.003877771925495147, 0.0011956245628818106, 0.005184760729579929, 0.010775143991041779, 0.012590086319126224, 0.0021266583543747344, 0.0026267817993744086, 0.0, 0.011169751297482291, 0.0014704563077389667, 0.0015564109510662525, 0.02533451973562618, 0.011488445394503655, 0.006104791333142752, 0.005789343201988462, 0.02147905551016737, 0.0039094167861278, 0.003583887532998047, 0.03974253653189705, 0.008245597975611271, 0.006118873899186387, 0.00759697439553884, 0.015586861775129655, 0.0028765586057401355, 0.012973699584686816, 0.010367693821068093, 0.0013820150858642516, 0.001230865142260408, 0.010389820478347246, 0.006943240015367684, 0.012203429825923987, 0.012053082311049314, 0.0034828902811077306, 0.005252243444263216]}, {'overall_acc': 0.8114980652294085, 'bal_acc': 0.6368267899784822, 'avg_odds_diff': 0.10326461798237813, 'disp_imp': 0.8789530491095521, 'stat_par_diff': 0.010681333857161565, 'eq_opp_diff': 0.18969679271913176, 'theil_ind': 0.19897069308979737, 'TPR': 0.29073660714285715, 'TNR': 0.9829169728141073, 'FPR': 0.017083027185892725, 'FNR': 0.7092633928571429, 'GTPR': 1.0, 'GTNR': 1.0, 'GFPR': 0.0, 'GFNR': 0.0, 'PPV': 0.8485342019543974, 'NPV': 0.8080640289942616, 'FDR': 0.15146579804560262, 'FOR': 0.19193597100573845, 'ACC': 0.8114980652294085, 'MCC': 0.4238873157957315, 'f1_score': 0.4330839567747299, 'fitness': 0.6218012725102767, 'solution': {'corr_type': 'spearman', 'l2': 0.0001, 'dropout': 0.0043360455638235176, 'privileged_demotion': 0.6469479269485583, 'privileged_promotion': 0.2028909165038741, 'protected_demotion': 0.18670177942046823, 'protected_promotion': 0.1688979510557291}, 'corr': [0.09828764660355016, 0.0037829536157896484, 1.0, 0.06568957983154713, 0.045735590935061264, 0.26731817947931164, 0.004617564141625225, 0.04330931141985968, 0.06526588547848303, 0.08548623527523289, 0.10721786657313076, 0.03350770548110993, 0.002224676040859242, 0.0023503150020039287, 0.011822758851466062, 0.005641415011067604, 0.010887869791813241, 0.01533990889014207, 0.021238054981893427, 0.016339016094891707, 0.025828702234757313, 0.006730319731932148, 0.021311569678597483, 0.03482473925560466, 0.011861679758057516, 0.004759427268267704, 0.007929308998787788, 0.04924973842579414, 0.050375823761234895, 0.23330787134776784, 0.01653650082543306, 0.441934694571611, 0.04541921229341878, 0.1859279833449354, 0.10592609849942339, 0.17820532345178983, 0.27963684097389896, 0.013567937016635726, 0.23146304132386536, 0.032868165863172934, 0.10112813951389585, 0.09644084264631325, 0.032835228330950865, 0.16621452821138746, 0.09720802730801704, 0.03378280845189595, 0.06156975649976553, 0.02249008850362281, 0.025658459353215705, 0.13157442102715577, 0.5850494472351552, 0.17744064790373001, 0.04323143196271417, 0.1088913291055742, 0.3214277268439588, 0.31542278309713945, 0.016505181587421452, 0.00022358945733737614, 0.10988062662944316, 0.01098322601616171, 0.09991661817240377, 0.009368725759436968, 0.00030966229021844286, 0.005751447179251478, 0.00876544407104285, 0.003148598239755335, 0.016522829345888283, 0.002506984497564473, 0.003877771925495147, 0.0011956245628818106, 0.005184760729579929, 0.010775143991041779, 0.012590086319126224, 0.0021266583543747344, 0.0026267817993744086, 0.0, 0.011169751297482291, 0.0014704563077389667, 0.0015564109510662525, 0.02533451973562618, 0.011488445394503655, 0.006104791333142752, 0.005789343201988462, 0.02147905551016737, 0.0039094167861278, 0.003583887532998047, 0.03974253653189705, 0.008245597975611271, 0.006118873899186387, 0.00759697439553884, 0.015586861775129655, 0.0028765586057401355, 0.012973699584686816, 0.010367693821068093, 0.0013820150858642516, 0.001230865142260408, 0.010389820478347246, 0.006943240015367684, 0.012203429825923987, 0.012053082311049314, 0.0034828902811077306, 0.005252243444263216]}, {'overall_acc': 0.8399668325041459, 'bal_acc': 0.734546797916448, 'avg_odds_diff': 0.050826462213420506, 'disp_imp': 0.3763600176912871, 'stat_par_diff': 0.13429527245020656, 'eq_opp_diff': 0.0563877938385165, 'theil_ind': 0.14164224458032365, 'TPR': 0.5256696428571429, 'TNR': 0.9434239529757531, 'FPR': 0.05657604702424688, 'FNR': 0.47433035714285715, 'GTPR': 1.0, 'GTNR': 1.0, 'GFPR': 0.0, 'GFNR': 0.0, 'PPV': 0.7536, 'NPV': 0.858002004677581, 'FDR': 0.2464, 'FOR': 0.14199799532241897, 'ACC': 0.8399668325041459, 'MCC': 0.5356291474451461, 'f1_score': 0.6193293885601578, 'fitness': 0.7835790386656294, 'solution': {'corr_type': 'spearman', 'l2': 0.0001, 'dropout': 0.004070378829296048, 'privileged_demotion': 0.5328445084905158, 'privileged_promotion': 0.42320867745936347, 'protected_demotion': 0.21314226405424816, 'protected_promotion': 0.16955797394949762}, 'corr': [0.09828764660355016, 0.0037829536157896484, 1.0, 0.06568957983154713, 0.045735590935061264, 0.26731817947931164, 0.004617564141625225, 0.04330931141985968, 0.06526588547848303, 0.08548623527523289, 0.10721786657313076, 0.03350770548110993, 0.002224676040859242, 0.0023503150020039287, 0.011822758851466062, 0.005641415011067604, 0.010887869791813241, 0.01533990889014207, 0.021238054981893427, 0.016339016094891707, 0.025828702234757313, 0.006730319731932148, 0.021311569678597483, 0.03482473925560466, 0.011861679758057516, 0.004759427268267704, 0.007929308998787788, 0.04924973842579414, 0.050375823761234895, 0.23330787134776784, 0.01653650082543306, 0.441934694571611, 0.04541921229341878, 0.1859279833449354, 0.10592609849942339, 0.17820532345178983, 0.27963684097389896, 0.013567937016635726, 0.23146304132386536, 0.032868165863172934, 0.10112813951389585, 0.09644084264631325, 0.032835228330950865, 0.16621452821138746, 0.09720802730801704, 0.03378280845189595, 0.06156975649976553, 0.02249008850362281, 0.025658459353215705, 0.13157442102715577, 0.5850494472351552, 0.17744064790373001, 0.04323143196271417, 0.1088913291055742, 0.3214277268439588, 0.31542278309713945, 0.016505181587421452, 0.00022358945733737614, 0.10988062662944316, 0.01098322601616171, 0.09991661817240377, 0.009368725759436968, 0.00030966229021844286, 0.005751447179251478, 0.00876544407104285, 0.003148598239755335, 0.016522829345888283, 0.002506984497564473, 0.003877771925495147, 0.0011956245628818106, 0.005184760729579929, 0.010775143991041779, 0.012590086319126224, 0.0021266583543747344, 0.0026267817993744086, 0.0, 0.011169751297482291, 0.0014704563077389667, 0.0015564109510662525, 0.02533451973562618, 0.011488445394503655, 0.006104791333142752, 0.005789343201988462, 0.02147905551016737, 0.0039094167861278, 0.003583887532998047, 0.03974253653189705, 0.008245597975611271, 0.006118873899186387, 0.00759697439553884, 0.015586861775129655, 0.0028765586057401355, 0.012973699584686816, 0.010367693821068093, 0.0013820150858642516, 0.001230865142260408, 0.010389820478347246, 0.006943240015367684, 0.012203429825923987, 0.012053082311049314, 0.0034828902811077306, 0.005252243444263216]}, {'overall_acc': 0.5134051962410171, 'bal_acc': 0.6474173729925475, 'avg_odds_diff': 0.7108645431526904, 'disp_imp': 0.09249340612157271, 'stat_par_diff': 0.8806909770587046, 'eq_opp_diff': 0.49492383316299216, 'theil_ind': 0.07955891356505886, 'TPR': 0.9129464285714286, 'TNR': 0.3818883174136664, 'FPR': 0.6181116825863335, 'FNR': 0.08705357142857142, 'GTPR': 1.0, 'GTNR': 1.0, 'GFPR': 0.0, 'GFNR': 0.0, 'PPV': 0.3271345730853829, 'NPV': 0.9302013422818792, 'FDR': 0.672865426914617, 'FOR': 0.0697986577181208, 'ACC': 0.5134051962410171, 'MCC': 0.2754479428860354, 'f1_score': 0.481672309730605, 'fitness': 0.01848136307802495, 'solution': {'corr_type': 'spearman', 'l2': 0.0001, 'dropout': 0.0019993472931414367, 'privileged_demotion': 0.6305366328519472, 'privileged_promotion': 0.38593610993881977, 'protected_demotion': 0.04105352261173546, 'protected_promotion': 0.006356205530223216}, 'corr': [0.09828764660355016, 0.0037829536157896484, 1.0, 0.06568957983154713, 0.045735590935061264, 0.26731817947931164, 0.004617564141625225, 0.04330931141985968, 0.06526588547848303, 0.08548623527523289, 0.10721786657313076, 0.03350770548110993, 0.002224676040859242, 0.0023503150020039287, 0.011822758851466062, 0.005641415011067604, 0.010887869791813241, 0.01533990889014207, 0.021238054981893427, 0.016339016094891707, 0.025828702234757313, 0.006730319731932148, 0.021311569678597483, 0.03482473925560466, 0.011861679758057516, 0.004759427268267704, 0.007929308998787788, 0.04924973842579414, 0.050375823761234895, 0.23330787134776784, 0.01653650082543306, 0.441934694571611, 0.04541921229341878, 0.1859279833449354, 0.10592609849942339, 0.17820532345178983, 0.27963684097389896, 0.013567937016635726, 0.23146304132386536, 0.032868165863172934, 0.10112813951389585, 0.09644084264631325, 0.032835228330950865, 0.16621452821138746, 0.09720802730801704, 0.03378280845189595, 0.06156975649976553, 0.02249008850362281, 0.025658459353215705, 0.13157442102715577, 0.5850494472351552, 0.17744064790373001, 0.04323143196271417, 0.1088913291055742, 0.3214277268439588, 0.31542278309713945, 0.016505181587421452, 0.00022358945733737614, 0.10988062662944316, 0.01098322601616171, 0.09991661817240377, 0.009368725759436968, 0.00030966229021844286, 0.005751447179251478, 0.00876544407104285, 0.003148598239755335, 0.016522829345888283, 0.002506984497564473, 0.003877771925495147, 0.0011956245628818106, 0.005184760729579929, 0.010775143991041779, 0.012590086319126224, 0.0021266583543747344, 0.0026267817993744086, 0.0, 0.011169751297482291, 0.0014704563077389667, 0.0015564109510662525, 0.02533451973562618, 0.011488445394503655, 0.006104791333142752, 0.005789343201988462, 0.02147905551016737, 0.0039094167861278, 0.003583887532998047, 0.03974253653189705, 0.008245597975611271, 0.006118873899186387, 0.00759697439553884, 0.015586861775129655, 0.0028765586057401355, 0.012973699584686816, 0.010367693821068093, 0.0013820150858642516, 0.001230865142260408, 0.010389820478347246, 0.006943240015367684, 0.012203429825923987, 0.012053082311049314, 0.0034828902811077306, 0.005252243444263216]}, {'overall_acc': 0.4325594250967385, 'bal_acc': 0.47745367606539313, 'avg_odds_diff': 0.4527870639444364, 'disp_imp': 0.1259029927760578, 'stat_par_diff': 0.7260259294974821, 'eq_opp_diff': 0.00030661410424881463, 'theil_ind': 0.1694044673314665, 'TPR': 0.56640625, 'TNR': 0.3885011021307862, 'FPR': 0.6114988978692139, 'FNR': 0.43359375, 'GTPR': 1.0, 'GTNR': 1.0, 'GFPR': 0.0, 'GFNR': 0.0, 'PPV': 0.23365561694290976, 'NPV': 0.7313278008298755, 'FDR': 0.7663443830570903, 'FOR': 0.26867219917012447, 'ACC': 0.4325594250967385, 'MCC': -0.03973651232752021, 'f1_score': 0.3308344198174707, 'fitness': 0.4322528109924897, 'solution': {'corr_type': 'spearman', 'l2': 0.0001, 'dropout': 0.004581350276430831, 'privileged_demotion': 0.6517330279192208, 'privileged_promotion': 0.44135483284214116, 'protected_demotion': 0.1907254829295496, 'protected_promotion': 0.17918330716292616}, 'corr': [0.09828764660355016, 0.0037829536157896484, 1.0, 0.06568957983154713, 0.045735590935061264, 0.26731817947931164, 0.004617564141625225, 0.04330931141985968, 0.06526588547848303, 0.08548623527523289, 0.10721786657313076, 0.03350770548110993, 0.002224676040859242, 0.0023503150020039287, 0.011822758851466062, 0.005641415011067604, 0.010887869791813241, 0.01533990889014207, 0.021238054981893427, 0.016339016094891707, 0.025828702234757313, 0.006730319731932148, 0.021311569678597483, 0.03482473925560466, 0.011861679758057516, 0.004759427268267704, 0.007929308998787788, 0.04924973842579414, 0.050375823761234895, 0.23330787134776784, 0.01653650082543306, 0.441934694571611, 0.04541921229341878, 0.1859279833449354, 0.10592609849942339, 0.17820532345178983, 0.27963684097389896, 0.013567937016635726, 0.23146304132386536, 0.032868165863172934, 0.10112813951389585, 0.09644084264631325, 0.032835228330950865, 0.16621452821138746, 0.09720802730801704, 0.03378280845189595, 0.06156975649976553, 0.02249008850362281, 0.025658459353215705, 0.13157442102715577, 0.5850494472351552, 0.17744064790373001, 0.04323143196271417, 0.1088913291055742, 0.3214277268439588, 0.31542278309713945, 0.016505181587421452, 0.00022358945733737614, 0.10988062662944316, 0.01098322601616171, 0.09991661817240377, 0.009368725759436968, 0.00030966229021844286, 0.005751447179251478, 0.00876544407104285, 0.003148598239755335, 0.016522829345888283, 0.002506984497564473, 0.003877771925495147, 0.0011956245628818106, 0.005184760729579929, 0.010775143991041779, 0.012590086319126224, 0.0021266583543747344, 0.0026267817993744086, 0.0, 0.011169751297482291, 0.0014704563077389667, 0.0015564109510662525, 0.02533451973562618, 0.011488445394503655, 0.006104791333142752, 0.005789343201988462, 0.02147905551016737, 0.0039094167861278, 0.003583887532998047, 0.03974253653189705, 0.008245597975611271, 0.006118873899186387, 0.00759697439553884, 0.015586861775129655, 0.0028765586057401355, 0.012973699584686816, 0.010367693821068093, 0.0013820150858642516, 0.001230865142260408, 0.010389820478347246, 0.006943240015367684, 0.012203429825923987, 0.012053082311049314, 0.0034828902811077306, 0.005252243444263216]}, {'overall_acc': 0.582089552238806, 'bal_acc': 0.5650371969140338, 'avg_odds_diff': 0.7493404483600493, 'disp_imp': 5.837145840584754, 'stat_par_diff': 0.8272390680619546, 'eq_opp_diff': 0.5475446537207378, 'theil_ind': 0.18250958231824072, 'TPR': 0.53125, 'TNR': 0.5988243938280676, 'FPR': 0.4011756061719324, 'FNR': 0.46875, 'GTPR': 1.0, 'GTNR': 1.0, 'GFPR': 0.0, 'GFNR': 0.0, 'PPV': 0.30357142857142855, 'NPV': 0.7951219512195122, 'FDR': 0.6964285714285714, 'FOR': 0.2048780487804878, 'ACC': 0.582089552238806, 'MCC': 0.11330261052222004, 'f1_score': 0.38636363636363635, 'fitness': 0.03454489851806819, 'solution': {'corr_type': 'spearman', 'l2': 0.001, 'dropout': 0.04049801506268208, 'privileged_demotion': 0.5414038054229001, 'privileged_promotion': 0.22793441150127783, 'protected_demotion': 0.9923151499917531, 'protected_promotion': 0.06584820681141194}, 'corr': [0.09828764660355016, 0.0037829536157896484, 1.0, 0.06568957983154713, 0.045735590935061264, 0.26731817947931164, 0.004617564141625225, 0.04330931141985968, 0.06526588547848303, 0.08548623527523289, 0.10721786657313076, 0.03350770548110993, 0.002224676040859242, 0.0023503150020039287, 0.011822758851466062, 0.005641415011067604, 0.010887869791813241, 0.01533990889014207, 0.021238054981893427, 0.016339016094891707, 0.025828702234757313, 0.006730319731932148, 0.021311569678597483, 0.03482473925560466, 0.011861679758057516, 0.004759427268267704, 0.007929308998787788, 0.04924973842579414, 0.050375823761234895, 0.23330787134776784, 0.01653650082543306, 0.441934694571611, 0.04541921229341878, 0.1859279833449354, 0.10592609849942339, 0.17820532345178983, 0.27963684097389896, 0.013567937016635726, 0.23146304132386536, 0.032868165863172934, 0.10112813951389585, 0.09644084264631325, 0.032835228330950865, 0.16621452821138746, 0.09720802730801704, 0.03378280845189595, 0.06156975649976553, 0.02249008850362281, 0.025658459353215705, 0.13157442102715577, 0.5850494472351552, 0.17744064790373001, 0.04323143196271417, 0.1088913291055742, 0.3214277268439588, 0.31542278309713945, 0.016505181587421452, 0.00022358945733737614, 0.10988062662944316, 0.01098322601616171, 0.09991661817240377, 0.009368725759436968, 0.00030966229021844286, 0.005751447179251478, 0.00876544407104285, 0.003148598239755335, 0.016522829345888283, 0.002506984497564473, 0.003877771925495147, 0.0011956245628818106, 0.005184760729579929, 0.010775143991041779, 0.012590086319126224, 0.0021266583543747344, 0.0026267817993744086, 0.0, 0.011169751297482291, 0.0014704563077389667, 0.0015564109510662525, 0.02533451973562618, 0.011488445394503655, 0.006104791333142752, 0.005789343201988462, 0.02147905551016737, 0.0039094167861278, 0.003583887532998047, 0.03974253653189705, 0.008245597975611271, 0.006118873899186387, 0.00759697439553884, 0.015586861775129655, 0.0028765586057401355, 0.012973699584686816, 0.010367693821068093, 0.0013820150858642516, 0.001230865142260408, 0.010389820478347246, 0.006943240015367684, 0.012203429825923987, 0.012053082311049314, 0.0034828902811077306, 0.005252243444263216]}, {'overall_acc': 0.849502487562189, 'bal_acc': 0.7581040234333998, 'avg_odds_diff': 0.03490874224359784, 'disp_imp': 0.41590909090909095, 'stat_par_diff': 0.13523578223031774, 'eq_opp_diff': 0.02961989584854241, 'theil_ind': 0.12821402412381616, 'TPR': 0.5770089285714286, 'TNR': 0.9391991182953711, 'FPR': 0.06080088170462895, 'FNR': 0.42299107142857145, 'GTPR': 1.0, 'GTNR': 1.0, 'GFPR': 0.0, 'GFNR': 0.0, 'PPV': 0.7575091575091575, 'NPV': 0.8708908192812127, 'FDR': 0.2424908424908425, 'FOR': 0.12910918071878727, 'ACC': 0.849502487562189, 'MCC': 0.569548175899194, 'f1_score': 0.6550522648083624, 'fitness': 0.8198825917136466, 'solution': {'corr_type': 'spearman', 'l2': 0.001, 'dropout': 0.03691083267930775, 'privileged_demotion': 0.47982997221117263, 'privileged_promotion': 0.3884042472544241, 'protected_demotion': 0.07730494357045269, 'protected_promotion': 0.06814726791134751}, 'corr': [0.09828764660355016, 0.0037829536157896484, 1.0, 0.06568957983154713, 0.045735590935061264, 0.26731817947931164, 0.004617564141625225, 0.04330931141985968, 0.06526588547848303, 0.08548623527523289, 0.10721786657313076, 0.03350770548110993, 0.002224676040859242, 0.0023503150020039287, 0.011822758851466062, 0.005641415011067604, 0.010887869791813241, 0.01533990889014207, 0.021238054981893427, 0.016339016094891707, 0.025828702234757313, 0.006730319731932148, 0.021311569678597483, 0.03482473925560466, 0.011861679758057516, 0.004759427268267704, 0.007929308998787788, 0.04924973842579414, 0.050375823761234895, 0.23330787134776784, 0.01653650082543306, 0.441934694571611, 0.04541921229341878, 0.1859279833449354, 0.10592609849942339, 0.17820532345178983, 0.27963684097389896, 0.013567937016635726, 0.23146304132386536, 0.032868165863172934, 0.10112813951389585, 0.09644084264631325, 0.032835228330950865, 0.16621452821138746, 0.09720802730801704, 0.03378280845189595, 0.06156975649976553, 0.02249008850362281, 0.025658459353215705, 0.13157442102715577, 0.5850494472351552, 0.17744064790373001, 0.04323143196271417, 0.1088913291055742, 0.3214277268439588, 0.31542278309713945, 0.016505181587421452, 0.00022358945733737614, 0.10988062662944316, 0.01098322601616171, 0.09991661817240377, 0.009368725759436968, 0.00030966229021844286, 0.005751447179251478, 0.00876544407104285, 0.003148598239755335, 0.016522829345888283, 0.002506984497564473, 0.003877771925495147, 0.0011956245628818106, 0.005184760729579929, 0.010775143991041779, 0.012590086319126224, 0.0021266583543747344, 0.0026267817993744086, 0.0, 0.011169751297482291, 0.0014704563077389667, 0.0015564109510662525, 0.02533451973562618, 0.011488445394503655, 0.006104791333142752, 0.005789343201988462, 0.02147905551016737, 0.0039094167861278, 0.003583887532998047, 0.03974253653189705, 0.008245597975611271, 0.006118873899186387, 0.00759697439553884, 0.015586861775129655, 0.0028765586057401355, 0.012973699584686816, 0.010367693821068093, 0.0013820150858642516, 0.001230865142260408, 0.010389820478347246, 0.006943240015367684, 0.012203429825923987, 0.012053082311049314, 0.0034828902811077306, 0.005252243444263216]}, {'overall_acc': 0.835820895522388, 'bal_acc': 0.7271121303269654, 'avg_odds_diff': 0.16285807950259537, 'disp_imp': 0.9084665079904795, 'stat_par_diff': 0.01602438182316035, 'eq_opp_diff': 0.29145374020538284, 'theil_ind': 0.14586419095431977, 'TPR': 0.51171875, 'TNR': 0.942505510653931, 'FPR': 0.057494489346069065, 'FNR': 0.48828125, 'GTPR': 1.0, 'GTNR': 1.0, 'GFPR': 0.0, 'GFNR': 0.0, 'PPV': 0.7455284552845528, 'NPV': 0.8543123543123543, 'FDR': 0.25447154471544714, 'FOR': 0.1456876456876457, 'ACC': 0.835820895522388, 'MCC': 0.5219791645738463, 'f1_score': 0.6068828590337524, 'fitness': 0.5443671553170052, 'solution': {'corr_type': 'spearman', 'l2': 0.001, 'dropout': 0.03721248909544019, 'privileged_demotion': 0.5405897988636286, 'privileged_promotion': 0.20134296774591143, 'protected_demotion': 0.06628153323924105, 'protected_promotion': 0.602560889897729}, 'corr': [0.09828764660355016, 0.0037829536157896484, 1.0, 0.06568957983154713, 0.045735590935061264, 0.26731817947931164, 0.004617564141625225, 0.04330931141985968, 0.06526588547848303, 0.08548623527523289, 0.10721786657313076, 0.03350770548110993, 0.002224676040859242, 0.0023503150020039287, 0.011822758851466062, 0.005641415011067604, 0.010887869791813241, 0.01533990889014207, 0.021238054981893427, 0.016339016094891707, 0.025828702234757313, 0.006730319731932148, 0.021311569678597483, 0.03482473925560466, 0.011861679758057516, 0.004759427268267704, 0.007929308998787788, 0.04924973842579414, 0.050375823761234895, 0.23330787134776784, 0.01653650082543306, 0.441934694571611, 0.04541921229341878, 0.1859279833449354, 0.10592609849942339, 0.17820532345178983, 0.27963684097389896, 0.013567937016635726, 0.23146304132386536, 0.032868165863172934, 0.10112813951389585, 0.09644084264631325, 0.032835228330950865, 0.16621452821138746, 0.09720802730801704, 0.03378280845189595, 0.06156975649976553, 0.02249008850362281, 0.025658459353215705, 0.13157442102715577, 0.5850494472351552, 0.17744064790373001, 0.04323143196271417, 0.1088913291055742, 0.3214277268439588, 0.31542278309713945, 0.016505181587421452, 0.00022358945733737614, 0.10988062662944316, 0.01098322601616171, 0.09991661817240377, 0.009368725759436968, 0.00030966229021844286, 0.005751447179251478, 0.00876544407104285, 0.003148598239755335, 0.016522829345888283, 0.002506984497564473, 0.003877771925495147, 0.0011956245628818106, 0.005184760729579929, 0.010775143991041779, 0.012590086319126224, 0.0021266583543747344, 0.0026267817993744086, 0.0, 0.011169751297482291, 0.0014704563077389667, 0.0015564109510662525, 0.02533451973562618, 0.011488445394503655, 0.006104791333142752, 0.005789343201988462, 0.02147905551016737, 0.0039094167861278, 0.003583887532998047, 0.03974253653189705, 0.008245597975611271, 0.006118873899186387, 0.00759697439553884, 0.015586861775129655, 0.0028765586057401355, 0.012973699584686816, 0.010367693821068093, 0.0013820150858642516, 0.001230865142260408, 0.010389820478347246, 0.006943240015367684, 0.012203429825923987, 0.012053082311049314, 0.0034828902811077306, 0.005252243444263216]}, {'overall_acc': 0.5925925925925926, 'bal_acc': 0.5999062286790176, 'avg_odds_diff': 0.6798151271982982, 'disp_imp': 4.5785080512651986, 'stat_par_diff': 0.7778420657880638, 'eq_opp_diff': 0.4322042147272108, 'theil_ind': 0.1595618069432393, 'TPR': 0.6143973214285714, 'TNR': 0.5854151359294636, 'FPR': 0.41458486407053635, 'FNR': 0.38560267857142855, 'GTPR': 1.0, 'GTNR': 1.0, 'GFPR': 0.0, 'GFNR': 0.0, 'PPV': 0.3278737343656939, 'NPV': 0.8218153687467767, 'FDR': 0.6721262656343061, 'FOR': 0.1781846312532233, 'ACC': 0.5925925925925926, 'MCC': 0.17294434807944156, 'f1_score': 0.4275728155339806, 'fitness': 0.16038837786538174, 'solution': {'corr_type': 'spearman', 'l2': 0.001, 'dropout': 0.039538620425983224, 'privileged_demotion': 0.38293844309027375, 'privileged_promotion': 0.23118694462713743, 'protected_demotion': 0.9609494731883113, 'protected_promotion': 0.07042095022970035}, 'corr': [0.09828764660355016, 0.0037829536157896484, 1.0, 0.06568957983154713, 0.045735590935061264, 0.26731817947931164, 0.004617564141625225, 0.04330931141985968, 0.06526588547848303, 0.08548623527523289, 0.10721786657313076, 0.03350770548110993, 0.002224676040859242, 0.0023503150020039287, 0.011822758851466062, 0.005641415011067604, 0.010887869791813241, 0.01533990889014207, 0.021238054981893427, 0.016339016094891707, 0.025828702234757313, 0.006730319731932148, 0.021311569678597483, 0.03482473925560466, 0.011861679758057516, 0.004759427268267704, 0.007929308998787788, 0.04924973842579414, 0.050375823761234895, 0.23330787134776784, 0.01653650082543306, 0.441934694571611, 0.04541921229341878, 0.1859279833449354, 0.10592609849942339, 0.17820532345178983, 0.27963684097389896, 0.013567937016635726, 0.23146304132386536, 0.032868165863172934, 0.10112813951389585, 0.09644084264631325, 0.032835228330950865, 0.16621452821138746, 0.09720802730801704, 0.03378280845189595, 0.06156975649976553, 0.02249008850362281, 0.025658459353215705, 0.13157442102715577, 0.5850494472351552, 0.17744064790373001, 0.04323143196271417, 0.1088913291055742, 0.3214277268439588, 0.31542278309713945, 0.016505181587421452, 0.00022358945733737614, 0.10988062662944316, 0.01098322601616171, 0.09991661817240377, 0.009368725759436968, 0.00030966229021844286, 0.005751447179251478, 0.00876544407104285, 0.003148598239755335, 0.016522829345888283, 0.002506984497564473, 0.003877771925495147, 0.0011956245628818106, 0.005184760729579929, 0.010775143991041779, 0.012590086319126224, 0.0021266583543747344, 0.0026267817993744086, 0.0, 0.011169751297482291, 0.0014704563077389667, 0.0015564109510662525, 0.02533451973562618, 0.011488445394503655, 0.006104791333142752, 0.005789343201988462, 0.02147905551016737, 0.0039094167861278, 0.003583887532998047, 0.03974253653189705, 0.008245597975611271, 0.006118873899186387, 0.00759697439553884, 0.015586861775129655, 0.0028765586057401355, 0.012973699584686816, 0.010367693821068093, 0.0013820150858642516, 0.001230865142260408, 0.010389820478347246, 0.006943240015367684, 0.012203429825923987, 0.012053082311049314, 0.0034828902811077306, 0.005252243444263216]}, {'overall_acc': 0.8424543946932007, 'bal_acc': 0.727402833722578, 'avg_odds_diff': 0.029240381019309064, 'disp_imp': 0.40986955451636725, 'stat_par_diff': 0.114180268342917, 'eq_opp_diff': 0.02986810726626754, 'theil_ind': 0.14591033781897028, 'TPR': 0.4994419642857143, 'TNR': 0.9553637031594416, 'FPR': 0.04463629684055841, 'FNR': 0.5005580357142857, 'GTPR': 1.0, 'GTNR': 1.0, 'GFPR': 0.0, 'GFNR': 0.0, 'PPV': 0.7864674868189807, 'NPV': 0.852902591013447, 'FDR': 0.21353251318101935, 'FOR': 0.14709740898655296, 'ACC': 0.8424543946932007, 'MCC': 0.5392486763943316, 'f1_score': 0.6109215017064846, 'fitness': 0.8125862874269332, 'solution': {'corr_type': 'spearman', 'l2': 0.001, 'dropout': 0.043901347112868444, 'privileged_demotion': 0.48511984249604934, 'privileged_promotion': 0.3153102001962374, 'protected_demotion': 0.07951596165454199, 'protected_promotion': 0.02450191527514792}, 'corr': [0.09828764660355016, 0.0037829536157896484, 1.0, 0.06568957983154713, 0.045735590935061264, 0.26731817947931164, 0.004617564141625225, 0.04330931141985968, 0.06526588547848303, 0.08548623527523289, 0.10721786657313076, 0.03350770548110993, 0.002224676040859242, 0.0023503150020039287, 0.011822758851466062, 0.005641415011067604, 0.010887869791813241, 0.01533990889014207, 0.021238054981893427, 0.016339016094891707, 0.025828702234757313, 0.006730319731932148, 0.021311569678597483, 0.03482473925560466, 0.011861679758057516, 0.004759427268267704, 0.007929308998787788, 0.04924973842579414, 0.050375823761234895, 0.23330787134776784, 0.01653650082543306, 0.441934694571611, 0.04541921229341878, 0.1859279833449354, 0.10592609849942339, 0.17820532345178983, 0.27963684097389896, 0.013567937016635726, 0.23146304132386536, 0.032868165863172934, 0.10112813951389585, 0.09644084264631325, 0.032835228330950865, 0.16621452821138746, 0.09720802730801704, 0.03378280845189595, 0.06156975649976553, 0.02249008850362281, 0.025658459353215705, 0.13157442102715577, 0.5850494472351552, 0.17744064790373001, 0.04323143196271417, 0.1088913291055742, 0.3214277268439588, 0.31542278309713945, 0.016505181587421452, 0.00022358945733737614, 0.10988062662944316, 0.01098322601616171, 0.09991661817240377, 0.009368725759436968, 0.00030966229021844286, 0.005751447179251478, 0.00876544407104285, 0.003148598239755335, 0.016522829345888283, 0.002506984497564473, 0.003877771925495147, 0.0011956245628818106, 0.005184760729579929, 0.010775143991041779, 0.012590086319126224, 0.0021266583543747344, 0.0026267817993744086, 0.0, 0.011169751297482291, 0.0014704563077389667, 0.0015564109510662525, 0.02533451973562618, 0.011488445394503655, 0.006104791333142752, 0.005789343201988462, 0.02147905551016737, 0.0039094167861278, 0.003583887532998047, 0.03974253653189705, 0.008245597975611271, 0.006118873899186387, 0.00759697439553884, 0.015586861775129655, 0.0028765586057401355, 0.012973699584686816, 0.010367693821068093, 0.0013820150858642516, 0.001230865142260408, 0.010389820478347246, 0.006943240015367684, 0.012203429825923987, 0.012053082311049314, 0.0034828902811077306, 0.005252243444263216]}, {'overall_acc': 0.5834715312327252, 'bal_acc': 0.5670786809856199, 'avg_odds_diff': 0.5263087482193822, 'disp_imp': 4.6850440581090735, 'stat_par_diff': 0.7368596497493959, 'eq_opp_diff': 0.13805421716065613, 'theil_ind': 0.18154813272803183, 'TPR': 0.5345982142857143, 'TNR': 0.5995591476855253, 'FPR': 0.4004408523144746, 'FNR': 0.4654017857142857, 'GTPR': 1.0, 'GTNR': 1.0, 'GFPR': 0.0, 'GFNR': 0.0, 'PPV': 0.3052899936265137, 'NPV': 0.7964860907759883, 'FDR': 0.6947100063734863, 'FOR': 0.20351390922401172, 'ACC': 0.5834715312327252, 'MCC': 0.11685037866948444, 'f1_score': 0.38864097363083167, 'fitness': 0.4454173140720691, 'solution': {'corr_type': 'spearman', 'l2': 0.001, 'dropout': 0.039082202854548345, 'privileged_demotion': 0.4793138823598248, 'privileged_promotion': 0.23371113440609792, 'protected_demotion': 0.9795310981833121, 'protected_promotion': 0.6819713294037574}, 'corr': [0.09828764660355016, 0.0037829536157896484, 1.0, 0.06568957983154713, 0.045735590935061264, 0.26731817947931164, 0.004617564141625225, 0.04330931141985968, 0.06526588547848303, 0.08548623527523289, 0.10721786657313076, 0.03350770548110993, 0.002224676040859242, 0.0023503150020039287, 0.011822758851466062, 0.005641415011067604, 0.010887869791813241, 0.01533990889014207, 0.021238054981893427, 0.016339016094891707, 0.025828702234757313, 0.006730319731932148, 0.021311569678597483, 0.03482473925560466, 0.011861679758057516, 0.004759427268267704, 0.007929308998787788, 0.04924973842579414, 0.050375823761234895, 0.23330787134776784, 0.01653650082543306, 0.441934694571611, 0.04541921229341878, 0.1859279833449354, 0.10592609849942339, 0.17820532345178983, 0.27963684097389896, 0.013567937016635726, 0.23146304132386536, 0.032868165863172934, 0.10112813951389585, 0.09644084264631325, 0.032835228330950865, 0.16621452821138746, 0.09720802730801704, 0.03378280845189595, 0.06156975649976553, 0.02249008850362281, 0.025658459353215705, 0.13157442102715577, 0.5850494472351552, 0.17744064790373001, 0.04323143196271417, 0.1088913291055742, 0.3214277268439588, 0.31542278309713945, 0.016505181587421452, 0.00022358945733737614, 0.10988062662944316, 0.01098322601616171, 0.09991661817240377, 0.009368725759436968, 0.00030966229021844286, 0.005751447179251478, 0.00876544407104285, 0.003148598239755335, 0.016522829345888283, 0.002506984497564473, 0.003877771925495147, 0.0011956245628818106, 0.005184760729579929, 0.010775143991041779, 0.012590086319126224, 0.0021266583543747344, 0.0026267817993744086, 0.0, 0.011169751297482291, 0.0014704563077389667, 0.0015564109510662525, 0.02533451973562618, 0.011488445394503655, 0.006104791333142752, 0.005789343201988462, 0.02147905551016737, 0.0039094167861278, 0.003583887532998047, 0.03974253653189705, 0.008245597975611271, 0.006118873899186387, 0.00759697439553884, 0.015586861775129655, 0.0028765586057401355, 0.012973699584686816, 0.010367693821068093, 0.0013820150858642516, 0.001230865142260408, 0.010389820478347246, 0.006943240015367684, 0.012203429825923987, 0.012053082311049314, 0.0034828902811077306, 0.005252243444263216]}, {'overall_acc': 0.8402432283029297, 'bal_acc': 0.7906954002440432, 'avg_odds_diff': 0.04352084873750219, 'disp_imp': 0.5580611507904663, 'stat_par_diff': 0.1311237306094265, 'eq_opp_diff': 0.05241154426436956, 'theil_ind': 0.10761414201694486, 'TPR': 0.6925223214285714, 'TNR': 0.888868479059515, 'FPR': 0.11113152094048494, 'FNR': 0.30747767857142855, 'GTPR': 1.0, 'GTNR': 1.0, 'GFPR': 0.0, 'GFNR': 0.0, 'PPV': 0.6722643553629469, 'NPV': 0.8977736549165121, 'FDR': 0.32773564463705307, 'FOR': 0.10222634508348794, 'ACC': 0.8402432283029297, 'MCC': 0.5756864208099847, 'f1_score': 0.6822429906542056, 'fitness': 0.7878316840385602, 'solution': {'corr_type': 'spearman', 'l2': 0.001, 'dropout': 0.010770157416588374, 'privileged_demotion': 0.016114656736300748, 'privileged_promotion': 0.1236158977074576, 'protected_demotion': 0.07932777111825354, 'protected_promotion': 0.6787555922046982}, 'corr': [0.09828764660355016, 0.0037829536157896484, 1.0, 0.06568957983154713, 0.045735590935061264, 0.26731817947931164, 0.004617564141625225, 0.04330931141985968, 0.06526588547848303, 0.08548623527523289, 0.10721786657313076, 0.03350770548110993, 0.002224676040859242, 0.0023503150020039287, 0.011822758851466062, 0.005641415011067604, 0.010887869791813241, 0.01533990889014207, 0.021238054981893427, 0.016339016094891707, 0.025828702234757313, 0.006730319731932148, 0.021311569678597483, 0.03482473925560466, 0.011861679758057516, 0.004759427268267704, 0.007929308998787788, 0.04924973842579414, 0.050375823761234895, 0.23330787134776784, 0.01653650082543306, 0.441934694571611, 0.04541921229341878, 0.1859279833449354, 0.10592609849942339, 0.17820532345178983, 0.27963684097389896, 0.013567937016635726, 0.23146304132386536, 0.032868165863172934, 0.10112813951389585, 0.09644084264631325, 0.032835228330950865, 0.16621452821138746, 0.09720802730801704, 0.03378280845189595, 0.06156975649976553, 0.02249008850362281, 0.025658459353215705, 0.13157442102715577, 0.5850494472351552, 0.17744064790373001, 0.04323143196271417, 0.1088913291055742, 0.3214277268439588, 0.31542278309713945, 0.016505181587421452, 0.00022358945733737614, 0.10988062662944316, 0.01098322601616171, 0.09991661817240377, 0.009368725759436968, 0.00030966229021844286, 0.005751447179251478, 0.00876544407104285, 0.003148598239755335, 0.016522829345888283, 0.002506984497564473, 0.003877771925495147, 0.0011956245628818106, 0.005184760729579929, 0.010775143991041779, 0.012590086319126224, 0.0021266583543747344, 0.0026267817993744086, 0.0, 0.011169751297482291, 0.0014704563077389667, 0.0015564109510662525, 0.02533451973562618, 0.011488445394503655, 0.006104791333142752, 0.005789343201988462, 0.02147905551016737, 0.0039094167861278, 0.003583887532998047, 0.03974253653189705, 0.008245597975611271, 0.006118873899186387, 0.00759697439553884, 0.015586861775129655, 0.0028765586057401355, 0.012973699584686816, 0.010367693821068093, 0.0013820150858642516, 0.001230865142260408, 0.010389820478347246, 0.006943240015367684, 0.012203429825923987, 0.012053082311049314, 0.0034828902811077306, 0.005252243444263216]}, {'overall_acc': 0.839690436705362, 'bal_acc': 0.7510215620735803, 'avg_odds_diff': 0.11576123019809118, 'disp_imp': 0.770806100217865, 'stat_par_diff': 0.04884460159291401, 'eq_opp_diff': 0.21219156081179735, 'theil_ind': 0.13178957707265077, 'TPR': 0.5753348214285714, 'TNR': 0.9267083027185893, 'FPR': 0.07329169728141073, 'FNR': 0.42466517857142855, 'GTPR': 1.0, 'GTNR': 1.0, 'GFPR': 0.0, 'GFNR': 0.0, 'PPV': 0.720979020979021, 'NPV': 0.8689286944540131, 'FDR': 0.279020979020979, 'FOR': 0.13107130554598692, 'ACC': 0.839690436705362, 'MCC': 0.5442050279210168, 'f1_score': 0.6399751707014276, 'fitness': 0.6274988758935647, 'solution': {'corr_type': 'spearman', 'l2': 0.001, 'dropout': 0.03141782902500517, 'privileged_demotion': 0.483954391032827, 'privileged_promotion': 0.3284599242567803, 'protected_demotion': 0.06979820091032958, 'protected_promotion': 0.6694848893037253}, 'corr': [0.09828764660355016, 0.0037829536157896484, 1.0, 0.06568957983154713, 0.045735590935061264, 0.26731817947931164, 0.004617564141625225, 0.04330931141985968, 0.06526588547848303, 0.08548623527523289, 0.10721786657313076, 0.03350770548110993, 0.002224676040859242, 0.0023503150020039287, 0.011822758851466062, 0.005641415011067604, 0.010887869791813241, 0.01533990889014207, 0.021238054981893427, 0.016339016094891707, 0.025828702234757313, 0.006730319731932148, 0.021311569678597483, 0.03482473925560466, 0.011861679758057516, 0.004759427268267704, 0.007929308998787788, 0.04924973842579414, 0.050375823761234895, 0.23330787134776784, 0.01653650082543306, 0.441934694571611, 0.04541921229341878, 0.1859279833449354, 0.10592609849942339, 0.17820532345178983, 0.27963684097389896, 0.013567937016635726, 0.23146304132386536, 0.032868165863172934, 0.10112813951389585, 0.09644084264631325, 0.032835228330950865, 0.16621452821138746, 0.09720802730801704, 0.03378280845189595, 0.06156975649976553, 0.02249008850362281, 0.025658459353215705, 0.13157442102715577, 0.5850494472351552, 0.17744064790373001, 0.04323143196271417, 0.1088913291055742, 0.3214277268439588, 0.31542278309713945, 0.016505181587421452, 0.00022358945733737614, 0.10988062662944316, 0.01098322601616171, 0.09991661817240377, 0.009368725759436968, 0.00030966229021844286, 0.005751447179251478, 0.00876544407104285, 0.003148598239755335, 0.016522829345888283, 0.002506984497564473, 0.003877771925495147, 0.0011956245628818106, 0.005184760729579929, 0.010775143991041779, 0.012590086319126224, 0.0021266583543747344, 0.0026267817993744086, 0.0, 0.011169751297482291, 0.0014704563077389667, 0.0015564109510662525, 0.02533451973562618, 0.011488445394503655, 0.006104791333142752, 0.005789343201988462, 0.02147905551016737, 0.0039094167861278, 0.003583887532998047, 0.03974253653189705, 0.008245597975611271, 0.006118873899186387, 0.00759697439553884, 0.015586861775129655, 0.0028765586057401355, 0.012973699584686816, 0.010367693821068093, 0.0013820150858642516, 0.001230865142260408, 0.010389820478347246, 0.006943240015367684, 0.012203429825923987, 0.012053082311049314, 0.0034828902811077306, 0.005252243444263216]}, {'overall_acc': 0.8406578220011056, 'bal_acc': 0.7181603928309016, 'avg_odds_diff': 0.03270205725033856, 'disp_imp': 0.4795299520497063, 'stat_par_diff': 0.09174851482791051, 'eq_opp_diff': 0.046352265537548065, 'theil_ind': 0.15124771971780782, 'TPR': 0.47544642857142855, 'TNR': 0.9608743570903747, 'FPR': 0.03912564290962527, 'FNR': 0.5245535714285714, 'GTPR': 1.0, 'GTNR': 1.0, 'GFPR': 0.0, 'GFNR': 0.0, 'PPV': 0.8, 'NPV': 0.8476746070328958, 'FDR': 0.2, 'FOR': 0.1523253929671042, 'ACC': 0.8406578220011056, 'MCC': 0.5315956107736339, 'f1_score': 0.5964298214910745, 'fitness': 0.7943055564635575, 'solution': {'corr_type': 'spearman', 'l2': 0.001, 'dropout': 0.03037920819082992, 'privileged_demotion': 0.5823316544002624, 'privileged_promotion': 0.3497935982366512, 'protected_demotion': 0.12725005857140997, 'protected_promotion': 0.07088227479536832}, 'corr': [0.09828764660355016, 0.0037829536157896484, 1.0, 0.06568957983154713, 0.045735590935061264, 0.26731817947931164, 0.004617564141625225, 0.04330931141985968, 0.06526588547848303, 0.08548623527523289, 0.10721786657313076, 0.03350770548110993, 0.002224676040859242, 0.0023503150020039287, 0.011822758851466062, 0.005641415011067604, 0.010887869791813241, 0.01533990889014207, 0.021238054981893427, 0.016339016094891707, 0.025828702234757313, 0.006730319731932148, 0.021311569678597483, 0.03482473925560466, 0.011861679758057516, 0.004759427268267704, 0.007929308998787788, 0.04924973842579414, 0.050375823761234895, 0.23330787134776784, 0.01653650082543306, 0.441934694571611, 0.04541921229341878, 0.1859279833449354, 0.10592609849942339, 0.17820532345178983, 0.27963684097389896, 0.013567937016635726, 0.23146304132386536, 0.032868165863172934, 0.10112813951389585, 0.09644084264631325, 0.032835228330950865, 0.16621452821138746, 0.09720802730801704, 0.03378280845189595, 0.06156975649976553, 0.02249008850362281, 0.025658459353215705, 0.13157442102715577, 0.5850494472351552, 0.17744064790373001, 0.04323143196271417, 0.1088913291055742, 0.3214277268439588, 0.31542278309713945, 0.016505181587421452, 0.00022358945733737614, 0.10988062662944316, 0.01098322601616171, 0.09991661817240377, 0.009368725759436968, 0.00030966229021844286, 0.005751447179251478, 0.00876544407104285, 0.003148598239755335, 0.016522829345888283, 0.002506984497564473, 0.003877771925495147, 0.0011956245628818106, 0.005184760729579929, 0.010775143991041779, 0.012590086319126224, 0.0021266583543747344, 0.0026267817993744086, 0.0, 0.011169751297482291, 0.0014704563077389667, 0.0015564109510662525, 0.02533451973562618, 0.011488445394503655, 0.006104791333142752, 0.005789343201988462, 0.02147905551016737, 0.0039094167861278, 0.003583887532998047, 0.03974253653189705, 0.008245597975611271, 0.006118873899186387, 0.00759697439553884, 0.015586861775129655, 0.0028765586057401355, 0.012973699584686816, 0.010367693821068093, 0.0013820150858642516, 0.001230865142260408, 0.010389820478347246, 0.006943240015367684, 0.012203429825923987, 0.012053082311049314, 0.0034828902811077306, 0.005252243444263216]}, {'overall_acc': 0.8373410724156993, 'bal_acc': 0.7496473837514432, 'avg_odds_diff': 0.13374567165483328, 'disp_imp': 0.8294792486784389, 'stat_par_diff': 0.03609890829434384, 'eq_opp_diff': 0.237698934150971, 'theil_ind': 0.13242764289647055, 'TPR': 0.5758928571428571, 'TNR': 0.9234019103600294, 'FPR': 0.07659808963997061, 'FNR': 0.42410714285714285, 'GTPR': 1.0, 'GTNR': 1.0, 'GFPR': 0.0, 'GFNR': 0.0, 'PPV': 0.7122153209109731, 'NPV': 0.8686711594954207, 'FDR': 0.28778467908902694, 'FOR': 0.13132884050457924, 'ACC': 0.8373410724156993, 'MCC': 0.5385476582254168, 'f1_score': 0.6368404813329219, 'fitness': 0.5996421382647283, 'solution': {'corr_type': 'spearman', 'l2': 0.001, 'dropout': 0.028336823042391424, 'privileged_demotion': 0.4800231665209269, 'privileged_promotion': 0.32426711464350344, 'protected_demotion': 0.08274967669957124, 'protected_promotion': 0.7403071004138899}, 'corr': [0.09828764660355016, 0.0037829536157896484, 1.0, 0.06568957983154713, 0.045735590935061264, 0.26731817947931164, 0.004617564141625225, 0.04330931141985968, 0.06526588547848303, 0.08548623527523289, 0.10721786657313076, 0.03350770548110993, 0.002224676040859242, 0.0023503150020039287, 0.011822758851466062, 0.005641415011067604, 0.010887869791813241, 0.01533990889014207, 0.021238054981893427, 0.016339016094891707, 0.025828702234757313, 0.006730319731932148, 0.021311569678597483, 0.03482473925560466, 0.011861679758057516, 0.004759427268267704, 0.007929308998787788, 0.04924973842579414, 0.050375823761234895, 0.23330787134776784, 0.01653650082543306, 0.441934694571611, 0.04541921229341878, 0.1859279833449354, 0.10592609849942339, 0.17820532345178983, 0.27963684097389896, 0.013567937016635726, 0.23146304132386536, 0.032868165863172934, 0.10112813951389585, 0.09644084264631325, 0.032835228330950865, 0.16621452821138746, 0.09720802730801704, 0.03378280845189595, 0.06156975649976553, 0.02249008850362281, 0.025658459353215705, 0.13157442102715577, 0.5850494472351552, 0.17744064790373001, 0.04323143196271417, 0.1088913291055742, 0.3214277268439588, 0.31542278309713945, 0.016505181587421452, 0.00022358945733737614, 0.10988062662944316, 0.01098322601616171, 0.09991661817240377, 0.009368725759436968, 0.00030966229021844286, 0.005751447179251478, 0.00876544407104285, 0.003148598239755335, 0.016522829345888283, 0.002506984497564473, 0.003877771925495147, 0.0011956245628818106, 0.005184760729579929, 0.010775143991041779, 0.012590086319126224, 0.0021266583543747344, 0.0026267817993744086, 0.0, 0.011169751297482291, 0.0014704563077389667, 0.0015564109510662525, 0.02533451973562618, 0.011488445394503655, 0.006104791333142752, 0.005789343201988462, 0.02147905551016737, 0.0039094167861278, 0.003583887532998047, 0.03974253653189705, 0.008245597975611271, 0.006118873899186387, 0.00759697439553884, 0.015586861775129655, 0.0028765586057401355, 0.012973699584686816, 0.010367693821068093, 0.0013820150858642516, 0.001230865142260408, 0.010389820478347246, 0.006943240015367684, 0.012203429825923987, 0.012053082311049314, 0.0034828902811077306, 0.005252243444263216]}, {'overall_acc': 0.8489496959646213, 'bal_acc': 0.7508112223811273, 'avg_odds_diff': 0.09295300768782229, 'disp_imp': 0.30783448419085196, 'stat_par_diff': 0.15871757324666358, 'eq_opp_diff': 0.13177106146882755, 'theil_ind': 0.1324592503289818, 'TPR': 0.5563616071428571, 'TNR': 0.9452608376193975, 'FPR': 0.054739162380602495, 'FNR': 0.44363839285714285, 'GTPR': 1.0, 'GTNR': 1.0, 'GFPR': 0.0, 'GFNR': 0.0, 'PPV': 0.7698841698841699, 'NPV': 0.8661841440834877, 'FDR': 0.23011583011583012, 'FOR': 0.13381585591651238, 'ACC': 0.8489496959646213, 'MCC': 0.564859400814275, 'f1_score': 0.6459345643019113, 'fitness': 0.7171786344957938, 'solution': {'corr_type': 'spearman', 'l2': 0.001, 'dropout': 0.029478194834218555, 'privileged_demotion': 0.42414612527678447, 'privileged_promotion': 0.33768876071563136, 'protected_demotion': 0.13921640831753715, 'protected_promotion': 0.0007269903799739519}, 'corr': [0.09828764660355016, 0.0037829536157896484, 1.0, 0.06568957983154713, 0.045735590935061264, 0.26731817947931164, 0.004617564141625225, 0.04330931141985968, 0.06526588547848303, 0.08548623527523289, 0.10721786657313076, 0.03350770548110993, 0.002224676040859242, 0.0023503150020039287, 0.011822758851466062, 0.005641415011067604, 0.010887869791813241, 0.01533990889014207, 0.021238054981893427, 0.016339016094891707, 0.025828702234757313, 0.006730319731932148, 0.021311569678597483, 0.03482473925560466, 0.011861679758057516, 0.004759427268267704, 0.007929308998787788, 0.04924973842579414, 0.050375823761234895, 0.23330787134776784, 0.01653650082543306, 0.441934694571611, 0.04541921229341878, 0.1859279833449354, 0.10592609849942339, 0.17820532345178983, 0.27963684097389896, 0.013567937016635726, 0.23146304132386536, 0.032868165863172934, 0.10112813951389585, 0.09644084264631325, 0.032835228330950865, 0.16621452821138746, 0.09720802730801704, 0.03378280845189595, 0.06156975649976553, 0.02249008850362281, 0.025658459353215705, 0.13157442102715577, 0.5850494472351552, 0.17744064790373001, 0.04323143196271417, 0.1088913291055742, 0.3214277268439588, 0.31542278309713945, 0.016505181587421452, 0.00022358945733737614, 0.10988062662944316, 0.01098322601616171, 0.09991661817240377, 0.009368725759436968, 0.00030966229021844286, 0.005751447179251478, 0.00876544407104285, 0.003148598239755335, 0.016522829345888283, 0.002506984497564473, 0.003877771925495147, 0.0011956245628818106, 0.005184760729579929, 0.010775143991041779, 0.012590086319126224, 0.0021266583543747344, 0.0026267817993744086, 0.0, 0.011169751297482291, 0.0014704563077389667, 0.0015564109510662525, 0.02533451973562618, 0.011488445394503655, 0.006104791333142752, 0.005789343201988462, 0.02147905551016737, 0.0039094167861278, 0.003583887532998047, 0.03974253653189705, 0.008245597975611271, 0.006118873899186387, 0.00759697439553884, 0.015586861775129655, 0.0028765586057401355, 0.012973699584686816, 0.010367693821068093, 0.0013820150858642516, 0.001230865142260408, 0.010389820478347246, 0.006943240015367684, 0.012203429825923987, 0.012053082311049314, 0.0034828902811077306, 0.005252243444263216]}, {'overall_acc': 0.837893864013267, 'bal_acc': 0.7163235081872572, 'avg_odds_diff': 0.018219980406317175, 'disp_imp': 0.4835612800424911, 'stat_par_diff': 0.0926056882983916, 'eq_opp_diff': 0.020187861974984178, 'theil_ind': 0.15228737237877968, 'TPR': 0.47544642857142855, 'TNR': 0.9572005878030859, 'FPR': 0.042799412196914036, 'FNR': 0.5245535714285714, 'GTPR': 1.0, 'GTNR': 1.0, 'GFPR': 0.0, 'GFNR': 0.0, 'PPV': 0.7852534562211981, 'NPV': 0.8471793204357015, 'FDR': 0.21474654377880184, 'FOR': 0.15282067956429848, 'ACC': 0.837893864013267, 'MCC': 0.5230871379398058, 'f1_score': 0.5922836287799791, 'fitness': 0.8177060020382829, 'solution': {'corr_type': 'spearman', 'l2': 0.001, 'dropout': 0.03002785434935329, 'privileged_demotion': 0.5815600214144961, 'privileged_promotion': 0.33617249289408513, 'protected_demotion': 0.13074360795012346, 'protected_promotion': 0.12212888965776053}, 'corr': [0.09828764660355016, 0.0037829536157896484, 1.0, 0.06568957983154713, 0.045735590935061264, 0.26731817947931164, 0.004617564141625225, 0.04330931141985968, 0.06526588547848303, 0.08548623527523289, 0.10721786657313076, 0.03350770548110993, 0.002224676040859242, 0.0023503150020039287, 0.011822758851466062, 0.005641415011067604, 0.010887869791813241, 0.01533990889014207, 0.021238054981893427, 0.016339016094891707, 0.025828702234757313, 0.006730319731932148, 0.021311569678597483, 0.03482473925560466, 0.011861679758057516, 0.004759427268267704, 0.007929308998787788, 0.04924973842579414, 0.050375823761234895, 0.23330787134776784, 0.01653650082543306, 0.441934694571611, 0.04541921229341878, 0.1859279833449354, 0.10592609849942339, 0.17820532345178983, 0.27963684097389896, 0.013567937016635726, 0.23146304132386536, 0.032868165863172934, 0.10112813951389585, 0.09644084264631325, 0.032835228330950865, 0.16621452821138746, 0.09720802730801704, 0.03378280845189595, 0.06156975649976553, 0.02249008850362281, 0.025658459353215705, 0.13157442102715577, 0.5850494472351552, 0.17744064790373001, 0.04323143196271417, 0.1088913291055742, 0.3214277268439588, 0.31542278309713945, 0.016505181587421452, 0.00022358945733737614, 0.10988062662944316, 0.01098322601616171, 0.09991661817240377, 0.009368725759436968, 0.00030966229021844286, 0.005751447179251478, 0.00876544407104285, 0.003148598239755335, 0.016522829345888283, 0.002506984497564473, 0.003877771925495147, 0.0011956245628818106, 0.005184760729579929, 0.010775143991041779, 0.012590086319126224, 0.0021266583543747344, 0.0026267817993744086, 0.0, 0.011169751297482291, 0.0014704563077389667, 0.0015564109510662525, 0.02533451973562618, 0.011488445394503655, 0.006104791333142752, 0.005789343201988462, 0.02147905551016737, 0.0039094167861278, 0.003583887532998047, 0.03974253653189705, 0.008245597975611271, 0.006118873899186387, 0.00759697439553884, 0.015586861775129655, 0.0028765586057401355, 0.012973699584686816, 0.010367693821068093, 0.0013820150858642516, 0.001230865142260408, 0.010389820478347246, 0.006943240015367684, 0.012203429825923987, 0.012053082311049314, 0.0034828902811077306, 0.005252243444263216]}, {'overall_acc': 0.8483969043670536, 'bal_acc': 0.7590538322005878, 'avg_odds_diff': 0.039172019783632515, 'disp_imp': 0.4132466354150915, 'stat_par_diff': 0.13858352084003, 'eq_opp_diff': 0.035533167859054915, 'theil_ind': 0.12759445839147693, 'TPR': 0.58203125, 'TNR': 0.9360764144011756, 'FPR': 0.0639235855988244, 'FNR': 0.41796875, 'GTPR': 1.0, 'GTNR': 1.0, 'GFPR': 0.0, 'GFNR': 0.0, 'PPV': 0.7498202731847592, 'NPV': 0.8718562874251496, 'FDR': 0.2501797268152408, 'FOR': 0.1281437125748503, 'ACC': 0.8483969043670536, 'MCC': 0.5675344842655429, 'f1_score': 0.6553565818410305, 'fitness': 0.8128637365079987, 'solution': {'corr_type': 'spearman', 'l2': 0.001, 'dropout': 0.024056626333475002, 'privileged_demotion': 0.42865344787171433, 'privileged_promotion': 0.3449901282735874, 'protected_demotion': 0.1361963361264936, 'protected_promotion': 0.1197480986149046}, 'corr': [0.09828764660355016, 0.0037829536157896484, 1.0, 0.06568957983154713, 0.045735590935061264, 0.26731817947931164, 0.004617564141625225, 0.04330931141985968, 0.06526588547848303, 0.08548623527523289, 0.10721786657313076, 0.03350770548110993, 0.002224676040859242, 0.0023503150020039287, 0.011822758851466062, 0.005641415011067604, 0.010887869791813241, 0.01533990889014207, 0.021238054981893427, 0.016339016094891707, 0.025828702234757313, 0.006730319731932148, 0.021311569678597483, 0.03482473925560466, 0.011861679758057516, 0.004759427268267704, 0.007929308998787788, 0.04924973842579414, 0.050375823761234895, 0.23330787134776784, 0.01653650082543306, 0.441934694571611, 0.04541921229341878, 0.1859279833449354, 0.10592609849942339, 0.17820532345178983, 0.27963684097389896, 0.013567937016635726, 0.23146304132386536, 0.032868165863172934, 0.10112813951389585, 0.09644084264631325, 0.032835228330950865, 0.16621452821138746, 0.09720802730801704, 0.03378280845189595, 0.06156975649976553, 0.02249008850362281, 0.025658459353215705, 0.13157442102715577, 0.5850494472351552, 0.17744064790373001, 0.04323143196271417, 0.1088913291055742, 0.3214277268439588, 0.31542278309713945, 0.016505181587421452, 0.00022358945733737614, 0.10988062662944316, 0.01098322601616171, 0.09991661817240377, 0.009368725759436968, 0.00030966229021844286, 0.005751447179251478, 0.00876544407104285, 0.003148598239755335, 0.016522829345888283, 0.002506984497564473, 0.003877771925495147, 0.0011956245628818106, 0.005184760729579929, 0.010775143991041779, 0.012590086319126224, 0.0021266583543747344, 0.0026267817993744086, 0.0, 0.011169751297482291, 0.0014704563077389667, 0.0015564109510662525, 0.02533451973562618, 0.011488445394503655, 0.006104791333142752, 0.005789343201988462, 0.02147905551016737, 0.0039094167861278, 0.003583887532998047, 0.03974253653189705, 0.008245597975611271, 0.006118873899186387, 0.00759697439553884, 0.015586861775129655, 0.0028765586057401355, 0.012973699584686816, 0.010367693821068093, 0.0013820150858642516, 0.001230865142260408, 0.010389820478347246, 0.006943240015367684, 0.012203429825923987, 0.012053082311049314, 0.0034828902811077306, 0.005252243444263216]}, {'overall_acc': 0.8206191265892758, 'bal_acc': 0.6543061004251076, 'avg_odds_diff': 0.108155031830304, 'disp_imp': 0.8212249848392965, 'stat_par_diff': 0.017548245770682286, 'eq_opp_diff': 0.20194675621745267, 'theil_ind': 0.18844055043970043, 'TPR': 0.3247767857142857, 'TNR': 0.9838354151359294, 'FPR': 0.016164584864070537, 'FNR': 0.6752232142857143, 'GTPR': 1.0, 'GTNR': 1.0, 'GFPR': 0.0, 'GFNR': 0.0, 'PPV': 0.8686567164179104, 'NPV': 0.8157173317088029, 'FDR': 0.13134328358208955, 'FOR': 0.18428266829119708, 'ACC': 0.8206191265892758, 'MCC': 0.459571736725787, 'f1_score': 0.4727863525588952, 'fitness': 0.6186723703718231, 'solution': {'corr_type': 'spearman', 'l2': 0.001, 'dropout': 0.02275612486537612, 'privileged_demotion': 0.6120554273591661, 'privileged_promotion': 0.07190663212488085, 'protected_demotion': 0.22151939537176607, 'protected_promotion': 0.1238121427661911}, 'corr': [0.09828764660355016, 0.0037829536157896484, 1.0, 0.06568957983154713, 0.045735590935061264, 0.26731817947931164, 0.004617564141625225, 0.04330931141985968, 0.06526588547848303, 0.08548623527523289, 0.10721786657313076, 0.03350770548110993, 0.002224676040859242, 0.0023503150020039287, 0.011822758851466062, 0.005641415011067604, 0.010887869791813241, 0.01533990889014207, 0.021238054981893427, 0.016339016094891707, 0.025828702234757313, 0.006730319731932148, 0.021311569678597483, 0.03482473925560466, 0.011861679758057516, 0.004759427268267704, 0.007929308998787788, 0.04924973842579414, 0.050375823761234895, 0.23330787134776784, 0.01653650082543306, 0.441934694571611, 0.04541921229341878, 0.1859279833449354, 0.10592609849942339, 0.17820532345178983, 0.27963684097389896, 0.013567937016635726, 0.23146304132386536, 0.032868165863172934, 0.10112813951389585, 0.09644084264631325, 0.032835228330950865, 0.16621452821138746, 0.09720802730801704, 0.03378280845189595, 0.06156975649976553, 0.02249008850362281, 0.025658459353215705, 0.13157442102715577, 0.5850494472351552, 0.17744064790373001, 0.04323143196271417, 0.1088913291055742, 0.3214277268439588, 0.31542278309713945, 0.016505181587421452, 0.00022358945733737614, 0.10988062662944316, 0.01098322601616171, 0.09991661817240377, 0.009368725759436968, 0.00030966229021844286, 0.005751447179251478, 0.00876544407104285, 0.003148598239755335, 0.016522829345888283, 0.002506984497564473, 0.003877771925495147, 0.0011956245628818106, 0.005184760729579929, 0.010775143991041779, 0.012590086319126224, 0.0021266583543747344, 0.0026267817993744086, 0.0, 0.011169751297482291, 0.0014704563077389667, 0.0015564109510662525, 0.02533451973562618, 0.011488445394503655, 0.006104791333142752, 0.005789343201988462, 0.02147905551016737, 0.0039094167861278, 0.003583887532998047, 0.03974253653189705, 0.008245597975611271, 0.006118873899186387, 0.00759697439553884, 0.015586861775129655, 0.0028765586057401355, 0.012973699584686816, 0.010367693821068093, 0.0013820150858642516, 0.001230865142260408, 0.010389820478347246, 0.006943240015367684, 0.012203429825923987, 0.012053082311049314, 0.0034828902811077306, 0.005252243444263216]}, {'overall_acc': 0.8510226644555002, 'bal_acc': 0.762857782486617, 'avg_odds_diff': 0.0892971812903062, 'disp_imp': 0.3192169783893788, 'stat_par_diff': 0.16726787861471243, 'eq_opp_diff': 0.11689297707694551, 'theil_ind': 0.12550279997501532, 'TPR': 0.5881696428571429, 'TNR': 0.9375459221160911, 'FPR': 0.06245407788390889, 'FNR': 0.41183035714285715, 'GTPR': 1.0, 'GTNR': 1.0, 'GFPR': 0.0, 'GFNR': 0.0, 'PPV': 0.7560975609756098, 'NPV': 0.8736733995207121, 'FDR': 0.24390243902439024, 'FOR': 0.12632660047928793, 'ACC': 0.8510226644555002, 'MCC': 0.5753958605178352, 'f1_score': 0.6616446955430005, 'fitness': 0.7341296873785548, 'solution': {'corr_type': 'spearman', 'l2': 0.001, 'dropout': 0.02358076435718178, 'privileged_demotion': 0.42294175942630247, 'privileged_promotion': 0.38669502066516703, 'protected_demotion': 0.22147573044600316, 'protected_promotion': 0.12269387520955545}, 'corr': [0.09828764660355016, 0.0037829536157896484, 1.0, 0.06568957983154713, 0.045735590935061264, 0.26731817947931164, 0.004617564141625225, 0.04330931141985968, 0.06526588547848303, 0.08548623527523289, 0.10721786657313076, 0.03350770548110993, 0.002224676040859242, 0.0023503150020039287, 0.011822758851466062, 0.005641415011067604, 0.010887869791813241, 0.01533990889014207, 0.021238054981893427, 0.016339016094891707, 0.025828702234757313, 0.006730319731932148, 0.021311569678597483, 0.03482473925560466, 0.011861679758057516, 0.004759427268267704, 0.007929308998787788, 0.04924973842579414, 0.050375823761234895, 0.23330787134776784, 0.01653650082543306, 0.441934694571611, 0.04541921229341878, 0.1859279833449354, 0.10592609849942339, 0.17820532345178983, 0.27963684097389896, 0.013567937016635726, 0.23146304132386536, 0.032868165863172934, 0.10112813951389585, 0.09644084264631325, 0.032835228330950865, 0.16621452821138746, 0.09720802730801704, 0.03378280845189595, 0.06156975649976553, 0.02249008850362281, 0.025658459353215705, 0.13157442102715577, 0.5850494472351552, 0.17744064790373001, 0.04323143196271417, 0.1088913291055742, 0.3214277268439588, 0.31542278309713945, 0.016505181587421452, 0.00022358945733737614, 0.10988062662944316, 0.01098322601616171, 0.09991661817240377, 0.009368725759436968, 0.00030966229021844286, 0.005751447179251478, 0.00876544407104285, 0.003148598239755335, 0.016522829345888283, 0.002506984497564473, 0.003877771925495147, 0.0011956245628818106, 0.005184760729579929, 0.010775143991041779, 0.012590086319126224, 0.0021266583543747344, 0.0026267817993744086, 0.0, 0.011169751297482291, 0.0014704563077389667, 0.0015564109510662525, 0.02533451973562618, 0.011488445394503655, 0.006104791333142752, 0.005789343201988462, 0.02147905551016737, 0.0039094167861278, 0.003583887532998047, 0.03974253653189705, 0.008245597975611271, 0.006118873899186387, 0.00759697439553884, 0.015586861775129655, 0.0028765586057401355, 0.012973699584686816, 0.010367693821068093, 0.0013820150858642516, 0.001230865142260408, 0.010389820478347246, 0.006943240015367684, 0.012203429825923987, 0.012053082311049314, 0.0034828902811077306, 0.005252243444263216]}]",acc_opportunity,ftl_mlp_initializer,adult_dataset_reader,"{'loss': [0.6251670801305277, 0.5954519536832125, 0.5909172055315535, 0.5881889738956451, 0.5862208220867103, 0.5847592182891543, 0.5838596238185324, 0.5827340719857956, 0.5818977358007377, 0.5808023655054673, 0.5804851412143384, 0.5798341963624276, 0.5790573142810119, 0.5786272402041674], 'val_loss': [0.6049468799016962, 0.6007082866264879, 0.5983601595697777, 0.5982569333200892, 0.5977264131677289, 0.5955673341529681, 0.5955775237465643, 0.5963529546396583, 0.5955161407482829, 0.596581937365271, 0.5967329719107477, 0.596174006405425, 0.5967557415440308, 0.5962083706412941]}"
